1319723262
1704169
1704169
0
1256004
514102
5
5
5
9891
282273
291362
67
62
1177
89592
25155187
259
3079
3688
1656
24039
625
1279
276
272
363
534
1388750
25
22
72
990
1054
571
426
388
467
269
291
333
118
125
652
618
249
507
431
60
517
2320
1567
102
253
398
602
654
137
4127
1414
1689
1108
5700
526
806
1708
2130
24
1106
1967
2824
1669
2984
2761
203
4660
2126
3150
2709
1253
825
182
1932
393
9920248
10970
170089
9711
16803
118125
12079
16078
32588
4715913
114689
106570
358599
43729
94264
93790
57999
114394
24923
143321
70343
97940
74066
73110
48166
62269
16843
103057
48175
36837
141400
107508
239066
122064
169414
95793
576955
318672
44400
237291
10236278
7940
28808
38464
99390
67659
442596
9937
355
456
38274554
169683
41721
814434
286655
133493
144524
3723210
136482
181272
662591
200016
143574
1790226
41333
6445
36011
3491172
76027
195317
44867
4045812
46981
268668
4146572
426411
4059767
56787
36600
80722
48884
77086
2625433
50563
63883
30604
359778
205130
110753
66371
44459
3061428
58957
769337
38220
9629
17150
66448
57779
161243
695731
427847
158047
32445
33857
48072
22777
58856
2108985
58656
50569
36032
22451
34976
1899513
755392
37565
1635082
157087
1095365
37187
18655
40063
38202
165833
145201
22286
1586142
46509
40445
23721
15231
1500679
24685
887765
160444
99861
74730
23652
673535
18696
7175
5108
1298511
129711
20293
4077
1304378
11731
5371
14837
2809
19587
18853
1211504
42764
38316
1202651
25502
37270
8414
1164639
42148
69612
9084
823201
1896
56491
676713
5841
25387
25240
36972
15507
1280
39816
51469
29558
9999
37995
22448
233387
31991
141809
17106
31435
22744
198
1019
896361
32207
68876
27609
21365
11134
10926
10668
79749
51689
15354
5807
24117
825841
17447
808221
1
208365
12866
794526
655475
31604
11246
668412
19322
10302
208864
42232
20148
152855
703615
70417
5759
195447
16403
45976
5343
527197
684573
169267
2610
334000
1574
37312
20609
95189
450492
23380
201555
651647
12816
11493
12268
211191
562213
106948
630551
16968
95338
45682
192299
616566
609307
575920
14704
11864
2939
1732
522149
1021
33840
1449
142537
1520
539999
26743
391355
29633
79639
124087
538080
16522
29317
23490
326634
9227
51448
486553
508562
327100
27576
1313
302523
28434
50801
94820
7550
28414
3623
467585
465745
9989
10863
408890
26093
30858
476371
10363
1960
19501
10220
12063
41615
465426
41182
460729
11572
21014
51806
16603
1411
52229
450886
7355
5166
118031
27418
10844
15626
399680
438392
10408
36393
188191
7308
6545
26104
406729
419041
40857
5241
8272
417509
27430
3920
100812
21031
401508
12820
10056
397906
11818
16979
4366
4202
12291
309041
109717
9733
3170
386523
3827
116141
24986
1502
82157
33295
13136
1530
37780
3712
5
86644
373338
64005
86622
4206
362618
6643
8660
16723
304791
6332
351871
23091
9264
41682
7548
14319
31373
11393
325215
5643
9832
3067
11751
328039
27137
235039
4668
333740
157577
32922
114
329834
17664
9988
16649
291346
322675
258778
25957
27376
11228
272550
153981
33264
54187
9797
1509
5338
11235
6568
803
303925
237419
130294
34724
5908
300245
68848
21549
11809
21118
16684
60638
12620
1735
12341
4
106276
22944
291502
290094
11217
82246
21897
16086
61441
3047
56360
7597
23479
142449
250084
4116
277330
274289
257211
7467
25545
782
7543
276408
27319
35222
272611
267321
14493
137944
12061
191546
2014
125647
114659
8083
1149
268857
268571
4663
13179
266601
223414
43348
15651
162557
8692
211217
9644
53769
22344
4256
17941
29948
91061
257236
2292
15649
83861
28812
248480
222983
241694
253525
7774
252280
5505
229246
237075
228010
30407
222502
247426
15049
243558
11295
23118
242649
242535
242238
992
218602
15940
241700
241564
238937
55586
1930
4906
239453
230425
115203
7304
26302
235239
234434
13490
233303
804
2413
21414
17877
228631
229447
14861
6747
12753
91
4788
10034
16825
29325
216708
24502
17593
112957
193582
219636
5234
207091
16112
36182
44826
216057
7317
213702
215093
1885
23069
214361
13309
2679
208901
210429
26031
18610
3487
208987
208902
208420
208335
2844
207625
199573
1944
16880
21357
202880
205072
155381
49887
32250
2593
11237
20689
9078
14364
199733
381
193961
64244
196004
39548
1845
5312
25483
195493
30231
7598
19727
23933
176874
191790
1028
189746
35963
70331
1706
37777
185940
19302
7986
18766
4681
13103
183843
36643
19419
8301
18328
17571
20749
169105
357
179637
31933
91651
21436
4292
177604
19677
19862
171684
33386
3244
7296
47651
174135
173947
7633
24822
32177
171565
170859
170500
170249
15476
13565
7403
142557
169116
42717
168732
1878
167453
16552
19921
137983
74506
15166
6240
60024
157571
44
3725
164951
11145
12967
161578
18824
17063
163859
353
3831
162730
134944
40363
12859
160770
160413
160076
2324
51256
154044
151214
157764
137647
7246
128374
6962
154918
11947
19677
87094
1981
152703
16415
10898
6828
17872
15391
996
78364
8904
3884
143589
12819
14468
50290
954
66918
85400
23781
2686
29138
137766
1797
148194
50635
26036
5444
147802
147633
13699
12357
8905
146234
23936
145740
23810
8091
2672
140117
2322
142836
142702
90373
21885
5274
14864
140543
7050
136348
4173
3962
14168
115479
9095
133033
138138
138006
137951
61712
30789
137244
12988
8981
4252
5684
300
6392
8707
43743
135599
81148
24902
134872
15468
26743
11206
63562
2412
4562
133594
118730
123961
133276
17660
13091
95332
119063
132426
11078
11747
1547
2567
131587
16306
5017
15719
8834
55887
129632
6856
70780
114268
30455
2059
14463
6592
29306
3045
57825
24809
131
243
127517
125462
120145
121976
61355
126542
19443
11421
4578
17333
38155
62057
4823
100010
29873
124401
44580
1659
118716
84385
10403
20088
61773
83900
62432
122918
24071
122588
26272
122130
1629
121340
100055
6240
107341
5766
12148
120402
24117
120094
169
18045
57687
119485
115367
78225
53754
12283
16835
118179
118103
1941
66331
18436
4496
4115
5621
116511
99884
29611
5040
54483
6427
10744
31277
817
9402
38402
91498
6948
79237
10405
113808
22496
113662
10953
113224
9304
6320
37807
28713
108299
111994
91794
26162
4838
3037
111567
20096
1368
5548
17212
110396
110393
110378
5678
109975
67877
49387
1960
10759
109540
18998
108962
7231
11584
108190
108152
8611
11514
9286
107664
11519
4547
91945
2225
106641
2434
15838
9833
105432
11943
1476
104962
5159
54435
104555
6507
104071
2493
103680
5546
101791
7871
99530
102446
84639
1438
34448
21705
5018
10746
24343
101186
31373
19404
45696
100452
35532
100085
1410
99601
9655
94483
98898
17101
77157
4567
98826
5195
98665
2602
5100
98403
5462
9515
4314
4475
1943
17159
3492
57729
97163
97133
97061
8808
14460
8785
96595
51376
7942
4383
3338
95628
61926
95309
1400
95009
4263
5115
12471
28059
14246
92402
4471
82542
3915
94090
2876
93599
13597
2360
402
76544
93064
90113
1812
92439
604
10428
5091
91881
91733
91720
7206
91415
718
4401
5362
7449
28376
90302
15764
85589
8576
89983
5136
2271
1069
81316
74950
89020
12519
59200
9289
1860
88876
3272
85920
835
7632
11587
1523
27742
55660
88108
7832
87788
87775
3591
87295
30451
13459
86268
86255
1734
86155
4899
61776
83846
55828
85968
43660
41304
8905
5803
682
85384
1934
16931
1650
84703
84615
13726
84126
84106
643
12814
3889
83736
79421
2553
5623
3173
1337
69286
161
3083
6092
82947
14086
15231
82727
82412
82380
19022
79739
628
22609
8214
55848
62811
79402
2987
81546
81404
7921
81249
81058
4649
260
3060
80803
80769
80760
37323
18738
11488
5768
7551
80241
8364
80070
8978
4579
79548
10548
6658
4380
79147
78854
21614
5984
47175
78355
1064
78150
78134
7315
1041
66901
7608
75960
8298
37142
77532
3452
77418
20025
4973
39459
77293
4393
5675
28971
77000
66918
47642
13785
72349
656
67941
76173
4010
6393
9108
7925
39173
5505
75624
65658
75396
75363
75277
42099
74982
13660
58336
19024
2765
41808
74400
61010
19409
8268
74371
20811
74014
74009
839
4980
5846
73667
73559
36123
1247
10934
6601
73225
73238
5911
10562
19883
5409
54674
6252
72681
942
14034
10184
2135
72332
68058
63540
2132
377
66030
13374
8919
71911
10472
39376
11082
5472
4093
6668
5793
71296
71070
4062
9935
70982
70757
29788
70616
70513
5874
209
5141
1902
32867
66474
69787
7016
21372
69348
1410
2853
12448
69153
69013
2909
68782
68746
19131
3131
11472
68135
68097
44
1523
67986
1344
2484
4395
345
6344
67467
1199
67399
23320
7583
507
1
3017
65005
66929
66842
66800
6599
8370
66499
66515
66463
3136
10676
3162
66307
66236
10065
9339
8826
57937
57630
5229
5354
1662
12071
8516
21468
6033
65437
43728
9605
59799
10861
62719
5390
64984
64932
12510
64842
9989
64774
64685
448
44504
21997
35553
50179
2946
2072
10894
62020
9211
64079
8203
9989
10693
5396
63673
3597
63396
1542
5001
14733
5688
15861
62907
26067
3905
62817
3215
2478
4620
62332
62311
21100
62191
61850
2874
61795
59180
50208
61700
52759
3306
14137
61555
8767
53435
19139
61225
59601
61244
61166
6795
33121
60989
218
28053
60840
60742
4731
8910
1691
27012
5831
60399
60366
41567
36537
60151
60077
1751
2014
7
17348
59976
50881
57605
8266
31806
59688
10726
59633
59517
6534
4705
17673
12870
1123
3172
13472
6402
33432
4499
10473
11258
3344
12696
45873
196
51731
1176
5288
12104
57953
27712
1167
49227
3439
7360
57469
57460
3540
57357
6010
12397
56826
4966
12588
45963
56597
32366
56562
3767
13175
26018
1713
41971
865
11407
56250
10832
6003
5962
56083
36760
10888
55946
14783
55868
55864
30870
17413
30427
33869
7132
55586
10737
55508
55369
84
46629
55080
4104
1480
54981
55000
67
54943
11441
26261
282
54704
54691
2983
54642
7222
269
54392
54379
25260
2967
2259
54152
54157
54109
2830
6260
768
53919
6736
13693
20190
10867
53492
667
3980
53411
53336
53338
36138
9531
2322
7301
18978
48898
53026
5628
4714
37167
11620
50946
4638
52681
21198
4673
1011
926
18501
676
37111
1026
4368
52327
36650
36136
52308
8084
285
28553
6853
52105
52064
7652
51910
51792
51624
7667
10112
47777
33752
51354
51358
51091
47144
0
50983
45280
49074
50898
50840
50829
2445
30514
50775
42362
50701
5708
9173
31181
50596
50480
50462
50460
50399
46310
50397
48513
37178
50255
40071
2714
50164
35903
1353
50080
50053
6095
4948
34256
43126
49894
1914
42018
49717
6442
49646
49669
49601
9470
19995
49582
36855
49464
49377
31739
11430
567
14338
49191
4928
49045
41149
49028
6129
48956
48903
26464
48815
12498
22055
5276
48630
8078
9032
15946
48388
20414
48369
48350
48348
48293
3445
14135
20434
13
37991
2841
36603
5046
47977
1121
47950
40868
47911
47913
4880
47727
47710
36310
39778
47573
41109
47414
1484
22249
47295
11707
23751
39687
47067
9790
47061
29393
2023
46975
15974
46804
46755
7092
39717
4832
23987
24848
46628
28291
3616
26869
2124
3716
12213
6984
8779
2011
25066
2525
581
46105
46097
11704
27903
44177
45838
45850
10363
45766
12778
45648
1014
45486
7694
25069
18582
3078
22381
45124
5208
24923
45010
44991
3528
2054
44857
29771
8548
615
44732
40866
44686
1186
9911
33287
2739
44459
44439
44379
44347
1746
5546
44313
1651
1711
1982
2799
16270
33200
13235
2231
7609
43935
19718
9266
43826
6077
15368
43722
2396
17472
1366
6173
43676
43572
43643
43489
35805
7493
9878
43374
29739
43231
43228
41376
27137
43188
13675
10050
24266
1958
1207
4833
5362
42938
186
42878
42883
2232
1110
42796
42765
5491
4783
11801
42631
24833
42510
4443
42354
38904
42346
3474
4484
42354
315
42090
8486
29091
5745
1867
42016
42030
41976
9483
8096
34027
41911
25989
41910
41861
8567
41853
41860
41775
41739
10148
41669
41591
17765
1893
1479
31943
2904
41443
5872
21675
39575
26533
41148
15300
41034
2197
40972
40935
6713
40911
12340
40934
34844
5156
9
40892
37845
1862
2413
53
6377
33155
32009
4316
40665
5323
4193
12149
31218
40491
40468
29970
40425
40367
40382
0
40275
14417
40260
40250
40241
2260
40224
9495
40177
33508
4908
40066
40081
3839
5149
40009
2508
2212
6052
1184
29534
8269
7959
39655
32136
39620
6187
39610
8094
4070
39570
39483
17534
4092
5064
35238
39424
39402
3278
39368
636
1080
36928
7393
11489
3584
238
1644
1472
38979
718
23310
15801
38664
5231
38660
38680
38645
38616
31078
38550
38490
13635
17492
38361
38300
2630
34038
9228
24027
22922
38033
14321
5128
37982
8211
8093
18505
37901
37864
37845
2713
16107
4492
37797
37731
18016
29772
3290
3252
37550
10264
11236
19663
10934
37445
2114
37369
26408
26836
9168
3380
37281
37278
4106
37245
37169
7407
1367
3600
23892
37070
28495
113
492
37013
2221
34651
36970
15150
36900
14038
4094
30137
36794
2901
31004
36729
24615
9301
7325
1154
36554
10306
36550
36549
36458
36431
21540
1032
36386
7510
1463
965
8401
10943
36182
2697
10134
36040
10960
1459
1914
35924
2966
12475
30287
646
16278
3150
35708
35713
9733
34028
35621
35488
9438
2816
32581
35453
31523
19263
35444
35377
35359
30910
35336
35347
880
1
35279
35273
2424
35100
4574
10649
24080
21760
30237
2393
32660
34908
34855
4227
6148
6651
21060
34811
31891
34807
6453
34708
34689
34673
28655
27826
2270
24030
34609
1378
34594
2372
33001
34568
20395
2799
34452
2862
3480
34360
9324
2492
3438
15034
4386
34105
716
13502
34029
34017
2222
33894
18196
107
33851
33842
33845
2697
25939
33781
33781
7556
1557
5000
33719
33678
7233
33601
19188
33576
33568
33555
33541
676
6208
3269
29497
27202
2445
4039
33441
3244
5913
16284
1042
24264
33254
33243
3920
31150
1112
1838
33186
33190
29040
2384
33088
33036
9989
33054
29435
17967
32896
823
5461
32848
30711
18462
23669
5402
22989
32705
2484
2769
5364
972
654
6020
942
32559
32536
32543
32520
11104
15142
21333
2040
7059
17547
2552
14860
18902
30551
32156
12564
19463
32126
32032
26331
31923
31893
18935
29918
3221
31864
779
4915
14696
31750
31762
31725
18402
9035
26291
31672
8588
2094
31558
31547
1828
31481
5821
2001
3244
14976
31419
5421
1089
9779
5372
31251
28032
982
4174
5398
9749
31086
2598
31079
28921
3356
17853
27018
3989
30984
9471
1818
30917
30960
30945
30990
30912
30927
30919
30894
30888
4947
30860
7156
30848
18596
24805
30834
30824
24346
30734
16476
30721
1009
30672
4016
30601
30594
30570
30527
4488
15420
4183
2882
26924
2128
30304
30309
30243
23225
2844
30150
1139
4011
30043
29998
30060
6881
30011
30002
29980
3924
29880
16007
26032
10115
2567
29805
12874
29721
29695
29676
8591
29648
27182
16994
6158
4521
10470
29516
29462
27689
29461
3204
29412
29365
7023
29330
3734
29303
29276
9892
3054
2436
25728
29204
17644
29078
2236
26897
29027
2464
29016
3385
12422
7471
28963
28918
28911
2230
38
6012
28897
1945
5947
27195
28810
28826
13127
5577
7221
24895
28696
4910
522
4100
21008
28573
6528
28599
4063
2983
28382
21627
728
10251
8076
28343
1366
28313
28307
28284
2045
7127
28109
9690
17780
5629
28092
3061
28044
28039
2353
28009
151
7913
27981
19866
3942
27926
4581
1552
14179
27924
27858
27783
2682
27789
542
25010
4919
6132
21017
5541
5553
27526
7946
11351
5502
27488
2954
27469
22909
7934
7074
27394
2240
27386
19674
3084
27364
1623
1551
2166
23290
1489
6353
27349
27267
27255
27268
3357
1799
16256
15724
27162
2631
27124
3431
27112
27059
2807
22682
14809
10239
19846
7910
26976
5383
20245
26900
20841
2346
11170
26805
1428
26757
26697
1912
26684
24601
8351
22676
26652
26614
1688
26617
17951
26598
23816
26565
26569
17558
24587
19988
2925
26478
4766
26427
6449
26389
26352
17474
26301
10516
1081
26287
21969
11006
4313
26154
26165
20534
26112
1637
26080
26030
2265
6667
26059
26029
10978
26023
25992
25983
25980
9277
3
25893
16340
2323
18217
25920
11132
23146
7136
25914
1743
25775
25821
3575
25790
25786
25767
25746
25739
19505
4775
25661
10897
10762
1530
25563
25561
23980
25562
25492
25512
1323
20878
25434
25435
22479
10296
4846
25376
14
25367
2206
25341
25320
2748
25307
25276
21613
25255
12923
18566
25251
11383
25205
10447
5786
4633
23416
25129
10646
5540
4022
2440
25095
3
25098
15262
25072
25060
4037
9894
15437
984
24918
23292
8813
5057
2336
18069
24799
24837
24815
11981
1944
24703
24734
2226
24732
24701
16124
24690
9237
2782
24649
24668
24677
827
6826
2855
24595
19308
24538
7228
14286
24549
24539
24522
22566
18067
24487
24482
14671
24404
5859
24354
24361
15457
6290
14986
3062
24290
9937
24248
1040
3380
24214
24175
24165
2919
24046
18587
24040
24002
4371
3112
19642
2607
21649
6942
23906
12752
23837
23824
2831
10995
10773
6619
5769
23774
23744
1487
22087
18545
6631
23701
23670
23666
8181
23650
2760
3021
23620
528
23538
5344
985
5383
21963
23502
21873
892
23495
485
23484
3486
20990
23431
23428
5825
11744
23377
23362
420
6600
6122
20621
23252
2790
12452
3100
23211
14104
568
23158
23144
2084
3889
23104
23092
23108
299
2641
9519
6429
23032
12459
23049
5209
14036
22989
393
7312
22954
22962
22934
104
533
22903
1641
8493
22838
22842
587
22820
22828
22781
4947
22771
22737
3522
2467
3346
6531
6495
22669
2820
4048
2776
9039
2643
22555
22549
22566
22537
22553
22482
2849
10188
1517
1849
22449
5498
5784
3030
22400
22398
22397
22369
2160
22359
22333
22361
2043
1334
22345
5538
22300
22292
401
22273
1579
22252
20322
22278
22226
9859
8140
1296
2298
22165
22178
22193
625
4938
22163
22142
825
22165
4471
22123
22083
15697
3237
16426
4214
22057
22019
1829
13262
6860
9628
18249
2310
11558
5631
18692
15478
2618
21896
5161
21910
21899
21912
11994
4156
16087
21874
18581
6345
18639
21853
16364
21822
21810
1271
1849
9946
21782
2950
5727
5569
21720
2448
996
3631
1033
21672
2317
8085
21655
21652
14289
21586
21599
655
21573
21606
21560
6622
19133
786
21537
21549
21507
21485
16753
975
21427
111
21411
3939
21412
21386
21393
21369
21382
21368
13361
19216
21338
21336
19433
21307
10126
21287
4060
21240
21246
12572
1141
4662
16736
793
21183
9064
16220
10318
6860
21137
21140
8935
6257
21082
21071
14494
2064
1
21032
10576
20996
20998
20984
941
13978
20919
6798
1477
20906
20911
2702
14345
4602
20895
5076
20834
20802
7757
6759
9109
19100
20747
20740
3398
20722
1491
20700
12135
3350
20675
20661
2429
20666
20653
5113
1662
20644
15707
20609
20609
2001
20605
6023
18518
14
70
20530
20523
20483
15655
15620
3629
4564
20455
20469
4315
1895
20458
20433
500
20435
20428
14304
20402
2624
6144
20386
20383
20341
11327
6157
9769
1902
20311
12618
20240
20233
20235
20205
18513
9610
3167
5531
20180
1261
4153
7822
10637
14950
11486
20143
3749
9411
10064
3038
20041
7811
19964
19958
8963
19947
1428
16982
910
18339
8889
1101
18309
2705
19880
821
205
18236
963
4154
17733
15809
2350
184
6076
2907
95
2755
1030
789
19758
19713
10871
17063
2223
19705
3232
19622
19672
19669
10521
19653
10353
19648
19671
19641
19621
2621
391
19619
538
19547
19567
19606
19553
19554
4111
19529
9950
145
19484
19476
19469
2510
19449
829
9073
19379
19387
17804
11862
19382
19397
19350
3139
14606
19382
8026
3962
2652
19329
19301
19315
7328
19296
19249
19238
19261
15315
19240
9610
3668
19202
2117
5404
5990
1254
1300
19156
2369
6398
19155
1731
55
19128
19131
16709
7893
12858
2137
19064
13645
4839
15311
19054
19050
19022
19004
6231
18950
12394
18932
6143
16866
18881
18876
18882
6961
4962
18872
13550
2957
18827
1071
2697
18844
18820
17189
2522
18819
11048
1017
605
5756
16914
18786
3741
2700
18735
18742
3129
5216
8769
6223
18715
18713
2027
18698
18679
18690
18682
7156
10375
18631
18626
3343
18658
13804
2817
210
8862
5561
18585
18585
2868
7296
18572
18556
18552
10735
7612
18522
18532
4531
1842
18475
9095
18512
18480
1616
18405
18397
2609
2026
18411
18394
3054
12609
18369
4025
18356
18367
8740
18366
18362
18320
18312
18309
8041
4329
18290
18281
356
18264
6902
18265
1500
8020
18239
4469
18223
8228
876
1570
18218
18184
14243
2205
11059
18143
4475
8113
991
18119
18140
18138
3765
2379
18085
18092
18102
18083
3642
18060
18051
2818
18058
18050
1172
13637
2652
18033
15205
12293
17961
4535
17922
1849
637
17911
17916
17866
15898
4337
1480
15200
17864
3688
17858
17823
852
153
7381
17827
16081
17807
13165
17805
1456
3100
17765
12682
12832
17728
6879
17727
17712
17706
17699
13887
3562
17679
17673
8260
15232
13309
11387
17626
17642
8920
2423
12342
118
7984
17578
7992
943
598
4144
442
5661
4584
17524
9848
17501
17481
17487
8487
3121
319
17419
17430
17403
15021
17383
17381
17372
17359
17354
1259
17351
11007
17339
17318
17316
814
6122
17299
17308
10751
17288
17249
17227
17216
5354
17210
17208
17213
2031
17197
6024
17190
17169
2418
13401
2123
17166
17124
17147
17108
17138
1046
17124
17112
6405
17106
14441
7338
9082
1348
4216
17052
17049
9679
12403
17042
17024
11789
17011
16992
16998
6590
1080
4662
16975
955
7326
1779
3991
16968
16966
7826
5104
16924
16894
4589
905
16839
16854
16859
16851
13282
16846
12679
16812
7988
16786
3418
1201
8641
16781
16729
12140
16710
11491
16677
14778
14600
16629
10972
13870
16601
3088
16526
2835
9383
8316
16536
11678
16532
1823
16523
9175
602
11007
16461
16456
6826
6491
3121
16450
16447
16436
16442
13192
9032
3753
5117
8696
16375
1658
3341
16339
16321
16325
11577
1024
16291
4814
16282
16280
275
3048
7908
8575
12147
5966
16207
10120
8243
570
16171
14406
16196
16205
16189
16187
16182
16149
16149
1257
16146
16145
7960
16132
16117
16117
9111
16106
16105
16085
5698
4511
16069
11871
16050
1918
705
16040
824
15991
16020
6339
9892
15991
15972
15977
1634
11655
15948
1324
15947
3487
13013
2121
15908
15924
15895
15905
9344
989
15878
6616
15894
15897
6300
13608
15856
15831
1803
7335
15795
13819
15801
6516
15789
15775
3022
8849
11818
15724
15690
6842
3471
15673
15701
94
4700
15683
2743
938
13619
15636
529
3133
4846
1598
4024
12600
15630
15605
11356
15618
10470
15610
1708
13993
15608
15587
2887
14050
193
1620
15544
15567
15546
4671
15506
15484
1596
1527
4146
15429
15446
3898
2351
8480
15413
15382
15381
6388
2593
15346
15329
5301
15348
15297
6825
531
15286
15288
15273
15265
13369
3042
15254
15219
9563
9154
1230
845
15211
5770
15196
15180
15184
15165
15165
15147
15178
4009
15155
9446
15141
15155
12572
15161
15148
13028
3678
7480
13520
3259
8136
2734
15072
91
15073
13288
12379
15052
15033
15027
15033
15021
15000
15011
5549
15000
14984
2082
14970
14954
14958
2540
14968
14924
545
14927
14921
14910
8130
6400
1642
1535
14888
14872
729
14900
14849
8253
3218
14864
6497
3192
9679
10669
3997
14793
910
14780
2346
14750
8320
14732
1163
14737
14736
330
7667
4288
6790
2195
9956
14724
14703
1058
14679
12661
8744
8337
14677
2320
12171
1741
14658
7547
131
14616
14624
10300
14616
14606
14574
10524
1762
14605
14594
14576
992
14575
14571
154
14549
9281
14516
6737
3496
14543
14537
14539
14511
8582
14518
14515
680
14511
1506
14507
1413
14489
750
6392
14449
5463
14460
4040
9716
14441
14426
12058
14428
14405
14401
415
1003
3661
10849
10310
1493
14361
14360
7036
14352
14321
14305
11788
8895
14318
6092
11143
14300
3275
14259
8379
14241
14242
11634
3120
14226
1350
7804
1812
14223
14201
6972
3970
14188
10138
14177
14190
14173
14177
2592
4408
5713
2107
14129
1688
10905
9401
14137
14139
2628
714
10471
14116
14106
9742
14104
2391
14084
11769
1630
14061
14073
14063
12135
14024
10616
2386
1262
14006
1684
1383
13993
11678
5340
13964
13940
1625
13951
759
13944
57
2662
4094
438
13909
5601
10982
13908
13907
13900
8296
13896
13884
13885
2683
13868
279
4466
13838
13834
8893
13830
13834
13851
5800
13820
5911
13819
13796
13793
5870
13777
4145
13795
13788
13776
13742
3697
9192
13745
1688
13742
1125
61
7478
13702
11338
13712
13704
13683
5103
13705
13695
3273
11445
13667
13681
1347
9333
13645
13664
7007
13648
9570
13623
5806
13619
10672
13617
13619
1451
13603
13619
1696
12018
13595
13589
13567
13538
13554
4150
316
304
13520
13530
12032
1721
1470
1730
294
13500
2256
13498
13481
13503
10512
8544
13486
13509
13469
13466
3395
3942
13453
13465
9371
2376
2986
13448
13452
2478
13459
1633
5882
5257
13417
3883
9169
13436
8402
13425
13405
13434
4924
13391
13378
11766
3889
13360
11226
13337
13346
13
13327
13300
13299
6944
9962
13248
13238
3913
1464
13236
13200
13190
2337
13188
1080
607
13167
13157
13135
13121
13133
13126
988
13126
13132
13115
13103
10396
13114
13112
13080
13087
2749
13045
13053
10650
13052
13044
13045
13038
13016
13027
13030
1194
13030
13009
13014
13013
12997
7046
1992
13002
12992
12973
12981
12980
33
12957
12988
12972
10529
12973
12959
12943
12932
12961
12942
12935
2012
12932
12939
1092
12927
5278
12904
12912
12908
1686
12893
0
10458
10520
12885
5911
2205
885
12877
8250
6808
8099
6798
7369
12868
12860
10174
12848
12847
12826
4701
6024
6136
12826
12837
5849
12799
3941
3681
6322
12793
1336
12781
3391
12774
12762
12768
12755
12757
12772
2069
11098
12745
12747
2381
8534
12714
958
12691
12727
920
12717
12702
5322
8765
12711
12694
8229
604
10987
12684
3898
6433
1490
12654
10137
12649
12652
12647
1663
4227
12641
2512
12652
10162
12619
12633
12616
12619
8957
12610
10868
12598
10638
12602
2292
12589
12575
1982
11038
12554
12559
638
12543
10966
5242
3287
12545
12525
2943
12506
1140
996
6531
4510
10467
12506
4431
5822
12491
1708
12501
12498
12501
299
8371
7073
10947
12477
12464
12483
12429
9290
12431
9010
12427
12426
1737
811
12414
8026
3243
12387
2027
1615
10557
6571
12385
12351
18
12374
2444
12346
12378
12309
12326
12321
12323
3217
9736
4971
12310
3716
1873
12302
2548
12277
2158
633
1611
6396
12275
12246
9264
6326
12241
12249
12235
8943
2305
12247
12201
12221
5352
12220
10662
12210
1975
12193
10403
12179
12166
10335
20
7707
8233
1273
12159
1216
12133
12107
12124
12127
12120
12102
12091
1076
177
12090
12100
12077
2408
2492
12073
1457
103
12057
2648
5874
12062
12049
6209
1709
6571
4248
12002
12006
11995
12012
9391
4295
1168
9973
11977
11964
11958
6892
11938
11928
5129
9126
11899
453
11909
4101
12
1936
2593
11894
11892
1268
5192
3131
11862
2524
298
6161
11850
11847
11848
11834
679
11835
11833
9732
11806
11821
8754
7383
11775
8815
2644
11780
11774
78
4382
1992
11747
11756
748
1808
11733
11716
11709
9627
11707
973
11696
3700
11696
5129
9401
1623
1258
11661
11655
11630
11663
11642
11645
11642
9691
11638
11633
7137
2986
2788
11629
11609
11602
11593
1689
11590
11572
5915
11590
5156
9386
8190
11557
4970
1682
3527
3462
9986
11526
6570
711
11521
11503
11513
9859
7606
4809
11493
11476
11482
11479
9670
11478
11484
3622
11470
11489
9331
5327
9964
24
2704
4
11433
11420
11441
4581
11438
11439
1519
5787
11428
11425
11416
1268
11416
9087
11400
132
11393
254
11375
9865
11370
11367
11365
11340
11336
11322
7256
3249
1018
6512
11329
5224
4925
11280
11305
11318
11304
8967
2454
2202
11308
11287
11281
11259
1622
1747
7654
11267
11268
1273
11244
5723
4080
11249
11239
11248
1932
1987
11187
233
7412
3363
1647
5557
2729
11178
11170
11169
3254
772
11149
11146
11176
11150
11151
9
11137
2184
5037
2315
1158
2554
11116
11110
8341
11115
3964
1872
11104
646
7154
11085
11062
1534
6913
424
11036
3220
2904
11048
770
11007
11003
11006
10992
11000
10981
10970
4147
10966
4344
10940
10960
10925
10952
690
9403
4211
10931
9348
986
8622
10904
10911
2041
10922
10910
7016
2529
10883
10880
10903
10885
7109
10871
1538
10842
10866
10862
3292
6131
10836
10840
8659
10841
10849
10815
2443
10839
10832
7748
3458
10782
1970
1786
10801
3278
10801
6707
10797
1380
6940
10770
10776
443
10771
1752
3161
1384
10755
8278
10743
3238
7439
10738
10754
7601
10756
10744
10732
1830
10741
10725
7198
7235
10725
10709
9171
1492
10706
4869
6329
10694
2517
2191
10677
10689
10653
5886
10653
7189
10677
10654
106
10655
10646
10648
2961
4225
1515
677
10637
10637
3939
10620
3237
10637
10618
5965
10644
10615
1509
224
1460
10589
4017
10594
370
10547
10584
790
1639
2940
1996
10561
8828
10572
10549
10552
10547
10541
10554
6274
1260
220
5322
10510
1620
10517
8659
440
10486
8697
5541
10465
10482
10484
1107
10480
2228
648
10452
10452
2616
10437
10445
10464
10427
10450
6237
10413
10419
1619
4093
7350
5790
1126
10391
10389
10397
747
6131
2077
10376
1743
10383
10357
6462
5563
10372
10348
29
1291
10346
10359
1823
374
10348
10352
10323
10343
38
10339
10320
10332
10355
5412
10338
10318
10315
10329
2289
10320
4403
1086
1598
3100
4258
4402
10278
1572
4825
10261
10262
972
3010
3107
10259
10252
10249
10251
10269
10231
10245
1473
10229
3471
10230
1520
10207
5917
2355
10193
10192
10192
1040
6086
10178
2677
3274
135
10190
10161
10162
10164
10155
1525
1560
10152
10133
10141
10138
1551
2488
191
2619
6251
10129
10125
10106
10109
10118
10107
10098
10104
239
10080
3018
10097
10083
10078
10060
10048
10062
8193
10044
8561
10062
10047
2069
2084
6907
10017
4595
10005
4118
7773
10010
10011
9985
9998
10007
3044
9988
2748
9975
6117
9978
2120
9973
6611
505
9971
9952
9972
9952
4051
9971
9952
9960
9952
852
7663
9914
9942
9944
9936
9935
7211
9926
9941
2673
1813
4148
9909
9931
7166
9913
1070
2860
9901
9900
9903
9876
9891
826
9875
9881
9868
9848
8293
9828
2324
9854
9851
6186
9835
9838
3927
9818
5197
491
9833
2941
9825
9808
9823
9828
2761
9806
9809
3635
4111
9824
9805
750
9794
4963
2529
9749
9793
9782
9775
9750
2545
9742
9757
9742
7692
9746
9733
1300
9745
4058
9737
1592
6318
4296
9720
9701
1
9713
9705
9705
9709
9707
6081
9699
1003
7851
9700
100
1615
9681
3673
9661
2505
6276
9647
9648
9655
9658
957
9647
9597
9636
9632
9632
5812
7004
9619
9607
4668
9621
9611
1768
9610
2146
9586
967
6952
9572
9580
9568
6254
7968
31
9571
9573
9588
18
9565
9569
9572
9561
9564
9561
7941
9550
9557
9553
1467
3342
6256
9560
9535
305
9532
3704
9557
9522
7944
3652
9531
9507
9514
5321
9506
2756
1011
9500
539
682
6791
9479
2942
9477
2125
9467
9458
5519
9454
9462
1137
9448
4141
9478
9463
7407
7574
9448
9433
3920
9430
9447
9418
1871
9418
3325
2901
9398
4136
9409
9410
9399
9407
1835
9397
771
9391
2795
9395
9365
9387
7040
9376
5621
9375
9358
462
2444
3404
1813
9360
4682
9337
9349
7264
3821
7422
9345
3914
9338
9333
9334
9319
7357
727
9309
9329
9331
9317
9298
9323
9309
9305
9304
9295
9290
9306
9269
9305
9300
9291
9296
3459
1315
9292
3489
9277
1847
9282
9274
3762
9286
9267
3318
490
1456
9261
4898
9240
2873
9253
9246
9253
5480
25
9238
9228
9218
501
3211
9211
9213
9218
5831
511
6028
9185
6673
2779
6595
9178
1202
9180
7620
9173
9168
1573
36
9178
9148
9152
9144
4452
9135
9146
9125
6184
9142
9150
3012
9122
9128
9140
4428
783
4882
9112
9108
4531
9100
9128
7069
238
9099
9109
2376
9067
9100
9082
9089
9074
9054
2457
1785
5346
9053
5321
110
1312
9021
9026
9040
9033
6435
2278
3105
2798
9036
9048
9017
9028
1909
9006
9001
9005
181
9005
9014
9007
24
8991
8983
8980
8972
8985
2735
4447
8969
8974
7235
8984
1553
1983
833
5016
8965
8963
8964
8940
8955
3298
8945
8941
8947
6902
8939
8935
3577
3992
1155
5410
8952
6951
5242
7193
8901
4141
1834
8918
254
8916
270
3237
1554
8910
8893
8897
8896
8892
2535
8882
8892
1101
8870
3878
898
6726
8857
8864
3086
1369
3251
7099
8860
820
1294
8846
2371
6777
8833
1593
8827
8816
8840
8819
134
781
5341
1674
1635
2633
694
8812
1149
1339
364
8804
1069
124
8796
1233
8802
8792
762
8797
2166
8781
8757
8758
8770
8764
8782
816
8764
8764
8766
2118
8750
3441
8765
5591
6397
8734
6891
3591
8
8743
270
8728
8729
8726
4654
8716
1625
1211
8706
2587
8714
8717
8714
1091
6563
2649
8690
8694
1692
8688
78
1185
8676
8663
8671
8679
493
8675
8675
799
8670
8680
5529
8657
8668
6738
6852
8653
8662
8659
8659
8659
496
4426
6273
6616
8633
8627
1487
8630
8624
8632
44
8622
2087
8631
8606
8625
8620
8612
6261
2837
8607
8607
3178
8595
8596
2362
8586
4714
4782
6536
8558
1085
3336
552
1826
8559
8565
8554
8543
6576
1636
8541
8541
8545
3020
8533
8544
1996
901
6504
6860
5033
2549
8512
2596
8509
8503
8496
8511
452
3122
1514
3661
6323
8492
8510
8481
8464
3978
8470
615
8460
8446
8459
8473
1406
8438
8459
2207
6152
8431
8442
4713
2645
8429
2803
1750
8422
8413
8434
8420
3454
8420
8409
4632
3518
8408
129
28
5611
8393
2507
8391
8385
3526
1264
4230
2530
8372
8378
8380
4390
8382
8372
4390
8365
4274
8356
6324
6211
3653
5841
6699
1984
8347
8333
8343
5882
8331
8325
8327
5809
2309
8314
1543
8313
4958
8304
8310
8310
8301
1238
2906
3227
8294
1193
6538
8297
8287
8275
8283
8266
1046
8272
8275
8253
8272
8267
8267
8272
1336
8259
8259
3819
8230
8246
8242
8242
8240
8222
8209
8226
4482
8208
6429
8213
8202
8209
8208
8207
2373
5571
4328
4213
8191
6269
8194
8187
2339
8182
8193
8169
8168
8171
2954
8156
8168
8160
5881
2953
8155
1776
1848
5770
8149
1549
852
8135
3170
8137
8137
8123
362
8138
3015
8133
1120
680
8121
8130
219
2212
2370
8105
8091
6470
4475
5596
8095
1619
5903
677
8080
1730
5788
8090
8090
8079
5858
8082
3185
5928
8069
8075
2870
8048
8045
8055
638
8053
8061
8038
4931
8065
702
8041
8046
8031
8042
3589
8031
328
8015
1048
198
8019
6405
5832
1533
8016
119
1508
1913
8000
1085
7993
5656
7995
7992
7999
7990
7995
2475
1029
7978
7983
8001
5056
4793
6290
3335
7983
7964
7
1160
1622
7976
6441
7955
4621
7968
7963
7957
7968
7955
1482
1084
7949
6252
7942
7959
7957
7958
7960
7954
7958
7937
1966
7929
7939
7932
3294
7937
7940
172
7926
7921
3828
7921
4742
7923
664
7895
7915
7908
7924
7920
7924
7921
7920
7921
7902
7890
7912
7901
7904
7900
7886
7892
7886
1575
7885
7885
7880
1170
7865
7864
1598
7855
7867
7859
7870
3789
7849
7858
7832
7846
7849
7851
1363
1924
80
2192
1387
7841
3592
442
7821
7824
5693
7824
7817
7799
7813
7803
7808
7803
7803
7808
7802
7809
7790
7802
4552
7802
7798
405
7775
5684
7768
7741
7773
2234
7773
7764
7760
7760
2735
3598
7753
7764
7758
7740
7735
7743
7748
7741
1361
7739
5249
7732
7734
7717
7745
7720
1771
7729
5267
4855
7727
7711
3093
7724
7715
2215
7694
5755
2597
7678
7683
5115
7683
7689
7682
7698
7674
7670
3479
7674
7670
7665
5578
7672
7648
7648
7662
7642
7650
2921
7653
1858
4077
7645
6110
532
3253
7623
1206
7639
1316
2471
7648
2138
4117
7632
7629
488
5272
7625
7608
7621
7610
4339
1368
22
7605
5899
7607
5550
1413
5965
294
7587
2821
2121
7594
7592
7573
7587
7578
7562
7578
7572
7571
7556
7553
7573
7550
1690
7555
7541
2048
7562
150
7545
7536
7538
7536
7538
7547
3653
4366
7511
534
7510
131
7513
7521
7501
7520
955
440
7511
7500
3400
7495
7485
7503
7481
7490
7476
7493
1996
1753
7474
7479
243
7478
7466
7468
5966
7478
7448
7452
1056
7445
7466
7447
4403
7441
7444
7436
7443
7431
7427
1261
7321
3461
2332
7408
7419
606
7387
2553
3986
7399
7393
7376
7386
5084
7392
7394
1397
2117
7371
5
7374
2891
7371
7365
7357
3291
7361
7363
7377
7363
1797
7351
7359
7363
7366
7348
5562
7355
7342
5461
2265
7340
7338
3685
7324
7326
350
7312
5665
7315
7336
7300
7315
4588
7314
2552
7312
1451
7299
7307
7294
7304
7302
4440
7281
981
1131
7292
7297
7299
7295
7281
7293
3334
7291
7290
1255
7288
7284
7271
7277
7279
1765
7264
536
4535
2173
5701
3355
4901
7248
7253
7254
7236
7246
4070
5521
7236
7235
7224
187
2480
7234
7248
7218
7234
655
7219
7219
7226
5430
7215
7217
7203
7205
3134
2440
7206
7210
7201
7186
7185
7200
514
2111
7197
7187
7184
7184
7194
7175
4758
7192
1386
7182
7185
7193
7172
7175
7169
7165
7164
7170
7157
2600
7145
4406
7135
7146
7130
7134
4152
4057
2882
7125
5140
7124
4912
7099
7120
7113
7124
4832
3816
7118
7117
4986
4056
7097
7093
7109
7105
7108
7099
7118
7101
7088
7104
143
7094
7073
7090
7086
7082
7073
745
229
4635
2333
2224
7079
7074
1713
957
7070
1370
1774
5040
7049
909
4076
4073
3592
7050
7045
7041
7039
7038
7031
7024
4962
5263
7044
7027
7016
7027
4156
7023
7028
7020
7019
3969
3488
7023
7017
7003
7005
7001
6996
7001
6990
7004
7015
4938
7007
6997
870
2541
7012
6990
6994
6991
6962
7011
212
6977
6985
6982
6973
6954
6975
6960
6959
6955
6965
3305
783
6956
6984
6959
6943
4477
6943
6942
6958
1884
2624
6950
3059
6957
6960
6953
6943
6947
3570
2190
6932
6940
6928
6934
6938
6933
5159
6927
6932
1496
6931
6929
6912
6914
6918
6919
6932
6901
6898
6908
6900
4327
3386
2556
6900
6882
6897
6895
6882
6887
6891
6875
6886
6856
1194
2083
1697
432
6882
61
1875
6869
4767
5079
6858
6854
1312
6868
6852
1186
6831
6852
4866
6846
6834
6841
6843
6831
5272
1702
6835
6835
6832
6831
6828
6814
6822
3081
6816
6816
6818
947
6816
6813
6812
6801
6815
6813
6800
3582
2474
4891
3583
1707
2877
6798
380
6784
2068
6785
6793
6787
6778
6781
6774
6779
45
992
6740
6784
6777
6770
6769
468
6768
6775
6760
1012
6772
21
4452
6766
6756
6765
3820
6761
6771
6746
3147
6742
6740
6752
6733
6734
6735
6728
6734
6730
6732
6730
3391
6705
2138
6726
6712
6719
1471
6716
6711
6727
1436
6713
725
6712
6710
4281
6704
6706
297
6706
6708
6711
5025
5131
4240
6700
6705
6694
6688
6698
6690
3801
4940
3503
6675
6674
6659
1212
6697
6675
5130
5089
4592
6675
6658
3330
1860
6670
388
6659
6660
6665
6651
6648
6641
6647
6645
6641
6642
1721
1964
6632
535
6622
6627
6637
6637
2
4312
3879
6615
6625
6612
1629
4870
3313
6605
3705
6605
6588
421
6595
2976
3493
6591
6603
32
6606
6587
6591
4708
6596
6580
6581
50
6585
6549
3670
3431
4512
4885
1060
6570
6571
1294
6571
6571
6567
6554
3488
2570
6566
6552
6564
4908
309
3099
6562
3163
4861
6547
37
3245
6543
6544
6538
6531
6543
6533
1390
6545
6540
6531
18
6537
6526
6533
4577
6535
6530
6523
6517
6517
4586
6509
6498
6516
6506
6510
6524
4568
6500
681
6504
6499
6512
6506
6514
1872
689
6483
6493
6476
6479
6480
1179
6487
6477
6470
6478
1974
322
6480
6485
6469
6469
1561
4954
1792
6446
6448
6463
6467
6461
6445
6449
1386
6458
3137
6432
6441
6444
3140
6434
6426
6425
737
6441
6426
1023
2419
6431
6429
6427
6423
1956
6405
3892
6416
6405
6398
6419
6404
6407
6401
6397
6398
2750
6394
6405
6402
6396
1160
6382
581
6401
6391
6382
1688
6391
6390
2702
6369
6377
4664
4446
6372
360
6373
3820
6347
6358
4351
6371
6375
6362
84
2988
6364
6364
2838
1796
3220
6355
6364
6349
6353
6340
6351
6339
433
6333
6338
6345
6346
1442
6333
6325
6324
6313
4340
6316
6314
6310
6320
6326
6324
6324
6307
6311
4086
6316
6315
3193
6328
6298
4325
4767
6302
6301
6296
6289
6305
6293
6281
4390
6273
2099
543
6268
219
6276
1653
148
6269
6259
1312
6260
3198
6264
6245
6257
6253
3849
533
6255
6245
6239
6247
6239
4684
6240
4412
6240
3832
6233
6218
6234
6224
6219
4139
2658
6221
6214
1152
1074
1164
6224
6213
3486
6195
6198
6206
6193
6206
431
6188
6189
6193
6195
704
6177
6167
1931
4585
6177
6165
6174
6168
6171
688
6164
6156
6162
4360
6162
6172
6142
2875
6163
6165
6155
56
1333
1009
4045
6140
3318
4534
6130
6140
6135
6115
4559
3232
6114
6130
1069
6118
6119
1959
3347
6117
6116
6107
6108
6096
2441
6086
6101
6087
6090
6095
1617
6086
1811
6091
394
6087
6085
3270
6091
6075
6074
6080
6071
801
6056
6077
142
6074
6072
6046
6056
6052
1473
6056
4031
6063
6049
21
6056
2756
6055
6046
6045
3035
6040
6041
6026
1162
4411
3145
6040
3553
1143
6038
6024
6037
6022
6026
4537
6024
6015
1825
6021
652
6007
3780
6009
959
6019
6001
6004
5998
6008
6001
5984
5985
5989
5980
5990
5983
5980
5987
1143
5968
5974
5972
5991
5966
1955
5965
5979
5957
2054
4398
5954
5951
5940
5958
5956
5950
3738
5941
5940
5934
5930
5943
3930
3174
5940
3909
5923
5935
5919
4421
5916
5923
5921
5911
5923
5913
5925
2986
848
5914
5907
5909
5901
5908
1108
4014
5903
5907
5901
640
2179
5891
2822
5889
3441
5894
2149
5894
5883
5876
5882
5884
5880
5880
5875
5872
5870
5873
1814
2168
5869
444
2590
5870
5868
5859
5864
5870
5867
5858
2979
5851
5850
5841
1269
5846
2080
106
5836
5836
5844
5842
5856
5844
5830
5832
5835
242
3767
5819
5824
5829
5825
5829
5822
3167
315
5832
5807
5821
5819
3792
5806
5811
5802
5813
5824
5809
5798
2016
5800
3009
5795
5797
402
1287
5797
5772
5797
5781
5794
5784
2119
4033
5792
5780
5787
5789
3544
3575
5756
5781
1684
5776
5771
5765
5785
5780
5775
1117
5776
5756
5762
128
762
5762
5767
5763
5756
5761
5760
5750
5759
1111
5762
5757
5756
1824
5764
574
5757
5744
5743
5750
2531
5737
5745
5746
5740
5742
5744
5736
5740
5725
5740
3203
2335
5729
5723
5706
1325
55
5713
5717
1832
3355
2708
5706
5710
5707
5712
5684
5700
5701
2118
5686
5697
5670
5680
5674
5682
5679
5675
5679
253
5681
5679
387
5675
2670
5671
5677
5668
5661
5660
5649
5671
1213
5664
2555
5655
3776
5647
5646
5647
5648
5651
461
4056
175
610
5612
1769
5642
3185
5636
5628
2100
5640
5647
5634
5621
514
5635
3970
1260
1804
2198
5618
5624
5627
5635
5614
5617
5617
667
5612
5614
5611
5596
5616
1983
5598
5609
5599
5605
5591
5600
5596
5594
2623
5603
1947
3557
5594
5573
5581
5587
5582
5577
5556
5582
5572
1437
2479
5576
5576
5559
5575
5561
5567
5566
5561
3626
5560
5561
5567
5554
5548
3984
151
5559
5545
5555
5551
5557
5544
5528
5543
5542
5546
5544
1644
5535
5535
5525
5526
5525
5535
5541
5522
5507
5522
5518
5509
31
5515
5518
5524
5517
5518
5509
5512
5508
2659
792
3890
5507
5513
5504
5492
5496
5504
172
1508
2485
5501
5500
5504
5487
5494
2626
512
5492
311
5482
3060
5480
960
5486
5465
5491
5485
364
5487
5474
5478
828
5479
5474
5475
5472
1083
5470
5474
3705
5443
5472
5473
5464
5466
5462
5450
1229
5449
3946
5464
5450
5453
5439
5446
954
5441
5441
3726
3488
5438
5433
3233
5425
5416
5429
5425
2038
5428
5424
5417
5424
5420
5403
3207
5416
5414
5396
912
325
5409
5404
5412
5400
5401
5399
2467
5409
5396
3561
5394
1965
1601
5381
5395
5377
5385
5379
5379
5374
916
5387
5376
5375
5363
5376
5370
46
5361
5361
5356
2868
1587
3411
5371
5362
5361
5354
5369
1081
5361
5353
5350
5361
3824
5354
5363
1049
5353
5356
3499
5345
5341
2438
1268
5351
3103
5344
5340
5332
5335
5334
1594
5334
5337
595
5329
5324
5328
5329
5324
5318
5323
5341
5309
5331
1166
5330
5322
5310
5311
5317
5315
5299
5316
5313
1542
5313
5307
5318
5313
2771
5301
5310
5295
5304
1592
2863
5303
5293
5308
5287
5300
1663
5293
5288
5307
2730
5275
5284
5283
5289
5292
5285
5288
3622
5284
2432
5261
5286
575
5273
5275
5285
5280
5262
5291
5281
5264
5261
5274
5269
5284
3742
5264
1670
904
5268
5266
1557
1050
5262
5258
319
5263
5256
13
5249
5259
5258
5244
882
1030
1815
5243
5242
5233
3439
5240
3607
3384
5237
5234
335
5235
3333
5226
2839
5230
5208
5208
5230
5219
3707
5216
5217
3651
3095
5225
5196
5215
326
5213
5205
5209
5204
5202
5198
5198
5206
5206
2042
5201
5201
5199
357
5200
5208
5212
5195
2988
5199
2434
5196
5190
1292
5192
5194
5178
1695
5184
5169
5177
5164
5174
5162
5169
5159
5165
5169
5161
5157
5163
5140
5145
5155
1840
5150
2189
3430
3237
630
5157
5145
5150
5158
3095
5145
5156
5151
5143
5139
5136
5127
5137
5133
5137
228
5141
2862
5136
5132
287
5134
1616
5136
5116
5129
2189
5133
5120
2497
5122
1003
5123
5111
751
5109
5093
5106
5096
5109
3185
5101
5111
2716
5105
5097
2022
5108
5097
5085
689
5094
5096
5099
5099
5080
5084
3034
1526
5097
5098
5080
5082
5083
5081
5091
5078
5079
1858
2960
5084
1371
5087
5074
5084
61
5085
5079
5077
5069
5059
5072
5071
3202
5069
2492
5068
5068
5065
5065
5070
5071
1282
5066
5060
2075
5055
5064
3285
5063
5069
5056
5054
2266
5056
5066
5034
1631
5035
5064
5044
5046
5034
928
2649
5035
5048
5042
5026
853
5038
5030
5030
5027
3435
5023
5024
5023
5025
5022
19
5011
2164
5037
5022
672
5027
5018
5017
5018
5016
67
5007
5012
5008
1921
5018
630
5011
5015
5009
5000
5009
2198
4999
107
5005
4992
734
1465
5007
5007
4998
4995
725
4998
4997
5001
2104
4999
4995
4992
4994
2629
4986
210
4980
4977
4985
4991
4976
4980
4980
620
3300
4965
4968
4968
4968
4965
4962
4972
4966
1229
4956
4966
4967
4946
4956
4969
4957
4972
4954
4940
4948
1228
4955
3085
4942
4940
4939
4937
1508
4931
4928
4936
4927
4930
4931
2384
4914
4922
4923
1772
4922
4925
4925
1260
4928
250
3130
4904
4920
2312
233
4914
4906
4908
1036
4903
4906
4905
4918
4910
4905
4918
4904
4901
1041
4909
4908
4910
4899
4897
4903
4896
4887
4890
4887
4877
4894
4893
4886
1865
4880
2746
4881
4558
4875
4867
4859
112
3019
4879
919
4876
4882
78
4875
4866
4872
4851
4860
4861
4854
4854
4859
4846
4853
4860
4854
4846
4843
4844
4847
4853
4852
4847
4835
4835
4849
4845
4849
4847
468
4843
4845
3197
4839
4851
620
4837
448
4843
4859
1398
533
4828
4836
412
4833
4827
4832
3219
4825
1727
4828
4825
4823
4825
4806
4816
4816
4806
4811
4816
4810
2369
4812
1729
2497
4806
4801
4784
4790
4779
4804
4792
4780
1493
4785
1830
4793
4777
4778
4781
4778
4773
312
4772
3116
929
2856
1651
2752
4770
4776
4777
4780
4773
394
4771
4765
4771
4768
2715
4764
95
4766
2384
1261
4755
4752
1346
4752
2547
2924
4749
4749
2724
4744
4747
4741
4737
4738
4746
4744
4746
4742
4756
1732
4744
4739
4737
4731
613
4738
2853
4731
4735
4737
4730
4732
4729
1221
4726
4721
4715
4704
4715
4718
2042
4719
4714
4711
4716
4705
4700
4701
4706
4712
4696
4699
4703
4700
4687
4683
4689
4688
4690
4694
4682
4673
4688
4677
4679
1694
4682
4677
4668
4674
4673
4672
473
1741
4683
4669
4666
4673
4671
4667
4669
4665
4679
4660
2
4664
4669
4667
3
912
4663
4664
4665
4668
4665
4660
4664
4661
2522
4666
183
1039
2833
4653
1497
4650
1256
4653
4655
4645
312
4649
1410
4647
4640
4648
897
3155
2911
2283
2626
4635
4637
4634
4635
2840
923
4633
4631
4631
3035
4621
10
4622
4639
4623
264
4625
2907
4619
4624
4627
4628
4619
1561
4616
4619
4612
2429
3101
4605
880
246
4599
4598
4600
4605
4609
4606
1382
2604
4589
2946
4609
4592
4593
131
4587
4591
4591
4590
1519
4589
4581
4594
418
2213
4589
4582
4580
4571
4586
4590
4587
4581
4583
4576
4575
4571
187
4570
4580
4583
2444
4578
2958
1808
4581
4585
4564
2454
1746
4566
4566
4564
4568
1699
4563
1573
4551
4562
4562
4566
4559
2235
610
2688
4554
4556
4553
2971
4546
4552
2881
4547
4542
4550
1104
4543
4551
1877
4546
3046
1372
4548
4543
1752
1162
4545
4538
4535
4527
4537
4517
4535
1597
2900
4530
4522
4529
4535
2674
4525
4524
4534
4523
4521
4519
2565
4521
4509
2963
4521
4503
1063
4511
4518
4506
2159
4514
2460
2998
970
4501
2373
4469
4503
4487
4500
4482
2107
4492
1703
4488
155
4490
4486
1383
4485
2551
4472
4472
4477
1890
4473
4479
4473
4466
1541
4470
4473
4461
2969
4460
4466
1607
2032
4462
4468
1960
1489
716
4455
4453
4462
4455
4464
4458
2473
4454
4447
2621
4462
4451
4462
2815
4437
4443
4446
4433
4450
4454
1964
4441
364
4437
4438
4444
4440
2101
4443
2518
2462
4443
4430
4434
4430
4430
2882
4416
4425
4422
4421
1870
2178
1852
192
4412
335
4424
991
4422
2405
4418
4410
4411
2909
4405
4416
4406
4410
4403
4399
4406
1306
4402
4402
1525
4398
4404
4401
4399
4396
1670
4385
4390
4399
4384
4398
4394
4398
4384
4380
4385
4388
4373
4379
4379
4384
4383
4370
4382
4378
4379
4382
4373
1893
4388
4368
4375
4375
4374
4365
4362
4367
4361
4365
4353
2626
4361
4356
4362
765
4361
1699
4356
1474
4349
4349
4356
4341
4349
247
4339
4347
4340
4340
4348
4342
4346
1703
2682
2806
4339
4335
2040
4345
4335
4328
4332
4339
4333
4313
2477
4328
4318
4324
4325
159
4318
4323
4307
4318
4319
1455
4311
2697
808
4321
4305
4317
4314
4313
4313
2286
4304
4308
4307
4308
4310
4300
4307
4294
4305
1269
4298
4299
4300
4290
4295
4295
4298
4294
4287
2425
4288
4292
4299
4287
4287
4278
4285
4289
4271
4281
4280
4275
4282
4289
4285
4287
4278
4284
4268
723
4282
4272
4272
689
4267
4271
4265
1664
4261
1891
4261
4249
4258
4262
4266
4260
4249
4257
4260
4257
4247
4260
4251
4234
4240
4248
4237
646
4237
1756
4230
4241
2346
4238
4235
4239
1747
67
4238
4234
4222
4235
4231
4229
4228
2274
4216
4226
4228
4220
2302
4218
2106
4224
4223
4203
4214
4222
4220
4209
1441
566
4218
2375
4216
4213
4206
1312
10
4212
1969
4209
4205
1575
4196
4200
4197
4197
4207
2035
4192
4195
4186
655
4193
4196
4179
4184
4184
4195
4191
4189
4186
2510
4176
4179
4183
4182
4185
4178
4167
4185
4175
4181
4181
4172
4175
4170
4177
4170
4169
4164
4175
4163
4157
4171
146
4161
2531
1256
1870
1861
4159
4166
4152
4161
4146
4158
4154
4159
4158
4158
4149
128
4156
4145
4142
363
4165
4154
4152
4145
4152
4145
893
4149
4152
4139
4150
4143
4140
4149
4146
4140
4138
4134
4128
4140
765
4135
4124
4132
4125
4136
4125
4136
4122
4126
4125
4125
4123
1999
4124
4113
1042
4114
4125
4119
1027
4115
1966
4120
4129
4121
25
56
4114
4111
4101
4117
1757
4111
2260
4101
4098
4117
4108
165
1783
4102
4107
4104
4101
4098
4103
4102
4100
4096
4090
4099
4088
4079
2432
4091
2567
4083
4082
4080
4085
2546
4090
1906
4087
4088
4077
4093
4076
4075
4084
4078
4088
4079
1848
4079
4075
4076
4078
4069
4072
4077
4067
4060
4071
4063
624
4072
4071
4063
296
4059
4063
4059
4066
4065
4065
4059
4053
2142
4047
1721
4062
4046
2247
4051
4047
4052
4042
4046
4040
1899
4042
1999
4038
4034
4033
4038
4034
4037
4034
300
4032
4035
4032
4031
4033
4028
4032
4026
4026
4034
1460
2523
4026
4032
4026
4023
4020
4025
1144
4023
4018
4021
4019
4020
4026
4017
4010
4008
4011
4016
4009
4016
4005
4006
4011
2221
4010
4007
4005
147
4012
4002
1105
1416
243
4000
3998
4004
3988
3999
4000
3996
3990
3997
3989
3993
3989
3990
3990
971
47
3996
2145
3994
3988
2476
3984
3982
3985
3989
3984
1378
1576
3983
3983
3990
3985
3973
2008
3975
2361
3971
3977
1452
3967
3975
3974
3971
3976
3971
3962
3961
3966
3966
3958
3957
3959
3958
3956
3954
3964
3967
3962
3961
3961
3956
3958
2282
3951
3957
3955
3941
3951
1870
3944
3945
3937
2262
2376
3949
1473
3933
3941
3950
3935
3942
3935
3940
3936
3940
3948
3937
3935
3936
1693
3931
3933
821
1617
3922
3934
3929
3923
3928
3926
3921
3925
3924
1790
3922
3921
3914
3928
3920
3931
3925
3914
3920
3909
3918
3916
3906
3905
3909
2425
3907
3916
3905
3913
3911
3897
3904
3907
3913
3911
3909
3899
3898
3894
3894
3894
3901
1734
3903
1554
3898
1523
3896
3887
3890
3883
859
3888
3895
3882
2028
3885
3885
3873
3881
3887
3887
3881
3891
3874
2394
3874
3883
3874
312
3873
3873
3862
3873
3875
3883
3872
3871
3879
3876
3874
954
3868
3872
3872
3856
2294
3868
3872
3858
3871
3868
3858
3870
3855
3859
3861
3854
3858
3866
3856
3843
3852
3835
3839
3827
3848
3854
3851
3838
3845
3839
3842
3851
3835
445
3844
3836
1825
3831
3831
3836
3838
3824
3835
3840
3834
3834
3837
3830
3828
1676
3829
3824
3824
3821
3827
341
3829
3814
3823
3817
3819
3814
3817
3815
3819
3817
3824
2265
3809
686
3820
3824
3818
3813
3813
3818
3805
1318
3808
3808
3812
3807
3809
3805
3793
3796
3803
3808
2069
3796
3803
3803
3798
3800
3797
3790
3800
1033
3799
1392
3795
2159
3796
3798
2201
3787
3786
3765
3792
3792
3787
3790
3794
3782
3781
3791
163
3784
3782
3776
1625
3784
3777
3780
3763
3781
3761
3776
3772
2072
3769
3768
3773
3767
3762
3770
3769
3767
1971
238
504
2215
3757
3766
3758
3757
3763
3759
3749
3748
3765
3760
3757
3751
3760
3751
3751
3736
3747
3759
3752
3754
3746
3744
3743
3755
3746
3742
3749
3740
3746
3751
3742
3744
2018
3734
3732
3740
3745
3742
3744
3746
1727
3743
3739
3742
3738
3726
3737
3728
3732
3736
1310
1924
3738
3732
3727
3726
3727
3732
3727
909
2154
1346
3729
3735
3741
3726
3723
1604
2056
3726
3724
3723
3722
3716
556
3725
3715
3725
3715
3728
3721
1830
3712
3711
3724
3717
3720
3722
3699
3718
3713
3701
3713
3714
3718
3704
3709
3711
3708
3709
3700
3707
1867
3695
3702
1614
3703
3706
3700
3708
3705
3703
3696
2190
3697
3693
3701
622
3699
261
3692
3695
3688
3685
3687
3685
3691
3694
3698
3687
3680
3684
3685
3692
3692
3688
3681
877
3678
1614
3675
3678
3675
2015
1447
3675
3675
3672
3684
3663
3668
1890
3667
3670
1070
3667
3663
3663
952
3662
3660
3660
31
3669
1886
936
283
3657
3658
3655
3651
3656
1174
3654
3653
701
1616
3654
3658
1963
3642
3657
3644
3640
3645
3649
1312
3653
3649
3651
3646
3640
3643
3643
1905
3649
3647
3638
3643
3647
3634
3634
3644
3646
3649
3634
3642
892
33
3635
3636
3624
3628
3631
3628
3628
3634
3628
3643
3626
3634
3623
3625
1572
3621
3624
3623
3618
3624
1937
3620
3614
3626
3619
3619
3625
3622
3630
3623
3620
3618
3614
3621
3616
3610
3607
3612
3616
3611
830
3613
3601
1140
3614
3605
1976
3604
3604
3615
3600
3605
3599
3600
1956
40
3602
3596
3591
3590
3597
3588
3596
3582
3584
3592
3587
3599
3590
3588
3594
3592
291
3593
813
3586
3586
3582
3585
3594
3581
3590
3591
3592
1768
3583
2021
3578
3586
20
1675
3582
3575
3575
3576
3585
3571
3566
1861
3568
3571
3575
3566
3572
3573
3574
3576
3569
3563
3567
3571
3577
3562
1794
3563
3567
3561
3562
3560
3554
1140
3564
3550
3558
3554
3553
3549
3558
1960
477
3554
3556
1388
3554
3545
1101
1773
3550
793
3547
3540
1213
3539
1324
3541
3534
3540
3544
3537
3537
3532
1547
3535
3536
3536
3542
3541
3527
2235
3536
3536
3538
3533
3528
1489
3530
3529
3525
3525
3536
3529
3525
3526
3520
1267
3521
3522
3517
3526
3523
1579
1581
3519
3519
3508
3511
1666
3518
3509
3517
3525
3518
3519
3512
3517
1922
3505
3510
1539
3511
3515
3522
3512
3507
989
1970
3502
3504
3507
3509
3507
3506
3500
3504
3505
3503
3494
3502
1726
3501
3505
3512
3495
3494
3499
3500
3485
3497
3499
3490
1310
1902
3494
3485
3486
3481
3486
3478
3480
3479
1133
3474
3483
3478
3484
3478
3485
868
3474
3483
3480
3475
3475
3475
3473
3474
3477
3471
1715
3475
3468
3463
3467
3468
3472
206
753
3467
3463
3466
3463
3453
3453
3457
3450
3456
3455
3461
3448
3459
3457
3451
1721
3448
3459
3467
213
1795
3453
3442
3447
3454
3456
3452
113
3442
3448
1160
3446
3436
3438
3452
3448
3440
3441
3442
3448
3452
3439
3437
3440
3440
3438
3444
3441
3440
3
3433
1867
3430
3435
3434
3425
1609
3436
3438
505
3438
1134
3433
3428
3432
3426
3436
3438
3441
3419
3435
3418
3424
3421
3421
1192
3418
1889
3415
3412
3414
3419
3416
3415
1038
3412
3406
3414
3405
3405
3402
3393
3401
3400
3400
3402
3402
3399
3402
3399
3394
1841
3385
1770
3395
3394
3394
3397
1619
1763
3397
3392
3390
3391
3391
3388
1679
3385
3382
3386
3384
3394
3364
1477
3388
3388
3381
440
3377
3391
3382
3385
3380
3383
3377
1065
3370
3370
3377
3373
1695
3376
3370
3372
3384
3372
3371
3374
3370
3373
3369
1832
3371
3368
3368
3361
3369
3365
3364
3363
3367
3356
3354
3361
3355
3354
3359
3366
3358
3354
54
3365
3361
3355
3355
1835
3356
3350
3344
3353
3358
3356
3349
3338
3348
3356
3344
3343
3347
3346
3347
3349
3338
3351
3351
3337
1728
3340
1184
3344
3335
3342
3335
3336
3340
3335
3338
3338
3337
3342
3330
3342
1717
3340
1677
3326
214
1243
3330
1285
3330
3320
1167
3327
3326
3325
3324
3313
3321
3326
1654
3325
1112
3323
3313
3315
3302
1722
3321
3316
3316
3316
3317
3311
3316
3318
3319
3310
3313
3310
1438
3302
3306
3304
3315
3317
3308
3299
3314
1379
3303
3297
968
891
3303
3309
3303
3300
3304
3300
3305
3298
3305
3296
3305
3301
3300
3284
3291
3291
3299
1806
3290
3291
3291
3295
3289
3292
3285
3287
3280
3290
3277
1060
3279
3275
3278
3284
3283
3274
3280
3277
1253
3282
3276
1659
3270
3270
3276
915
3273
1412
3272
3259
3270
3267
3270
3267
3267
1023
3260
3268
3261
3254
3263
3252
3264
3257
3258
3252
3263
3251
3257
3257
3246
3250
3255
3248
3255
1524
239
1739
3249
3256
3243
3250
3236
3242
3236
3244
3237
3247
3237
3244
3243
3246
3243
3236
3245
3239
3242
3240
3241
3238
3238
3241
3233
3239
3237
3240
3236
3230
3233
641
3230
3233
3233
3229
3233
3230
3230
3228
3229
3224
3225
3226
314
3227
3226
3224
3223
3216
3229
3222
3221
3217
1650
3223
1401
3220
1497
3219
3209
3217
3217
3216
1229
3211
3202
3207
3209
3207
3205
3206
3213
3204
1667
3197
3192
3199
3197
3196
3197
3194
3193
3198
3193
3189
3180
3185
3191
3190
3194
3189
1103
3186
3182
3187
3182
3181
3183
3183
3175
373
3174
3166
3171
3174
3171
3177
3173
1644
1582
3172
772
3168
3164
1168
3155
3173
3165
3158
3162
3170
3163
3168
3165
3165
3167
3161
3152
3156
3159
3158
3156
3161
3153
3149
3160
3152
3153
3153
3151
3152
3153
3154
3148
3142
3154
3149
3149
3145
116
3147
3150
3131
3146
3128
3140
3148
1283
3149
3142
3141
3135
3144
3142
930
3137
3134
3133
170
3133
3132
3137
3130
3126
3125
3128
3132
3129
3130
3116
3129
3128
3127
3124
3122
3130
3120
3125
3122
3126
3127
1135
3120
3120
3117
3113
3121
3119
3117
3110
3114
3114
3115
3107
3111
3114
3116
3111
3112
3105
3113
3097
3107
3106
3116
3104
3110
3112
621
3101
3109
3111
3106
3097
1014
3107
3100
3101
3103
3110
1521
3105
3115
3100
3104
3107
3099
3108
3100
3098
3093
3096
3101
3102
3093
1531
3086
3104
3101
803
3098
3097
3095
3092
3096
3090
3084
3090
3093
3094
3086
3088
1520
3078
3086
3085
3088
3082
1064
3090
3087
3083
3086
3088
3081
3078
3081
1532
3083
3081
3083
3074
3067
3073
1422
3075
3087
3080
3046
3068
3065
3077
3076
3075
3075
3075
1536
3073
3071
3078
3076
3076
1265
3075
3067
3072
3067
3070
3072
3071
3066
3066
1284
3067
3062
1418
3065
3058
1248
3062
3063
1141
3061
3053
3063
3049
3061
66
607
3044
1437
3050
3050
3059
3056
3057
3034
3053
3049
1238
3049
1366
1375
3041
3043
3043
3050
3044
3039
3041
3039
3049
3041
3045
3047
3038
3042
3042
3039
1477
3041
3041
1375
3032
960
3032
3033
3029
3021
3024
3038
3025
3028
3038
1464
3037
3036
3030
3026
3030
3029
3035
3032
3026
3028
3032
3028
986
3027
3034
767
1254
18
3025
3025
207
3021
3014
3018
3015
3012
3019
3014
3017
3013
3016
3019
3016
3019
3012
3018
3009
3013
3015
3011
3009
3015
3012
3012
243
693
3011
3013
3007
3004
3006
3003
361
3007
3000
3002
3007
1291
3004
3000
3004
3000
1274
1172
2998
3000
2994
2992
2997
3002
2991
2993
2990
2991
2993
2993
2992
2981
2987
2991
2988
2991
2993
2984
2990
2984
2987
2983
2988
2985
2988
2984
2980
2984
2980
2977
2983
2990
2981
2979
2980
2983
2981
2982
2979
2986
2980
2969
2979
2970
209
2984
2980
2968
2975
2981
2972
2979
7
2977
2964
2972
2970
2975
2970
2981
2974
2969
2968
2969
2968
2969
2969
2974
2970
2973
2966
2968
2965
2963
2970
2971
2968
2966
2966
2967
2963
2968
2965
2955
2971
2962
2960
1195
2961
2959
2952
2958
2957
2961
2960
2958
2959
2957
2950
2953
2960
2954
2954
2955
2952
2939
2946
2953
2947
2943
2951
2949
2947
2945
2945
2939
2956
2936
2942
2952
1236
2945
2936
2941
2938
2935
2938
2941
2934
2943
2932
2940
2938
2938
818
2934
2935
2934
2930
2934
2932
2930
2931
2926
2936
2937
2931
2929
1444
2933
611
2928
2922
2929
2927
2926
2930
2922
2931
2927
2924
2927
2926
2928
2927
2928
1327
2918
2910
647
2918
2914
2911
2919
2913
2924
2909
2907
2903
2919
1183
2900
2908
2908
2909
2914
2914
2896
1017
2907
2913
2911
2897
2901
579
2899
2907
2905
2892
2907
2901
2898
2903
2897
2900
2904
2893
2903
2894
2900
2889
2897
2893
2893
2902
687
2896
2892
2893
2896
2892
2895
2891
2887
901
2884
2882
2894
2889
2885
2886
2883
1029
2883
2886
2887
2882
2876
2883
2877
2876
2879
2877
2882
2878
2880
2876
2887
2885
2883
2880
2870
2872
2882
2874
2881
1378
2876
2877
2869
2878
2884
2868
2876
2878
2880
2873
2860
2871
2871
2871
2864
2877
2867
2878
2867
2866
2872
2873
2873
2873
2862
2864
2871
2863
2862
2867
676
2854
847
2865
2864
2860
2863
2861
2859
2860
2865
2860
2861
2857
2855
2860
2855
2857
2857
2857
2850
2853
2853
2861
2849
1366
2840
2854
2854
2854
2851
2847
2850
2845
2831
2853
2851
2842
2836
2843
2843
2846
788
2839
2842
938
2838
2835
2835
2830
2831
2836
2830
2830
2832
2834
2823
2830
2826
2829
2827
2820
2820
2825
2830
2825
2819
910
2825
2824
2824
2827
2814
2830
406
2821
2824
2822
2816
2820
2823
2821
2814
2821
1003
2811
2816
2820
2808
2814
2812
2811
2811
2811
2806
2805
2808
2816
633
2815
2812
2807
2809
1269
2804
2797
2800
2805
2803
2802
2806
2801
2808
17
2803
2799
2798
2807
1079
2797
2789
2798
2795
2793
2793
2793
2792
2788
1281
2800
2801
2799
2788
1089
1220
2791
2784
2789
2790
2780
2787
2792
2792
2783
2794
2793
2785
867
2779
2780
1179
157
2779
2779
2784
2781
706
2774
2780
1427
2777
2778
2781
2785
2778
2773
2773
2786
2776
2780
2777
1120
2774
2783
2774
2779
2777
2775
2774
2778
375
2772
2777
2775
2771
2776
2773
2767
2776
2772
2762
2772
2765
315
2763
2757
2756
2759
472
2774
2762
2766
2765
2769
2764
2758
916
2755
2759
2758
2753
2760
1197
2760
2753
2764
2759
2757
2746
2757
2752
2756
2753
2750
2758
2755
2750
2755
2755
2755
2755
2753
2747
2755
2746
2746
1101
2741
2748
2752
2743
2743
2753
806
2746
2747
2736
2745
499
2722
2745
2756
2747
2740
2741
2746
2737
2738
2741
2741
2740
2743
2739
2731
2735
2733
2735
2732
2735
2739
2734
1067
2733
2725
2731
219
2725
2731
2735
2722
2727
2727
2728
2732
2730
2723
2726
2728
2722
1096
2725
2726
2730
2722
2718
2719
2717
2720
2719
2720
2724
2722
2717
2714
2714
903
2690
2711
2713
2723
2720
2720
2713
2706
2708
2713
2713
2714
397
2707
2708
2701
2703
2704
2712
2711
2706
2696
2700
2708
2707
2694
2703
2707
2704
2703
2700
2702
2694
2700
2706
2697
2685
2703
2703
1207
2699
2697
2697
2702
2694
2691
2699
2700
2691
2696
2700
2698
1192
1146
2696
2689
2695
2688
481
2691
2689
2679
2679
2686
2684
2683
2694
2672
2678
2686
2680
2678
2674
2667
2682
2674
2677
2678
2679
2678
2678
2675
937
2675
998
2666
2673
2665
2662
2668
2669
2671
2669
2666
2671
2651
2666
2662
456
2661
2662
2651
2660
2663
2661
2662
2662
2668
2661
2652
2658
2647
2663
2668
2660
1015
2658
2662
2656
2659
2662
2654
2662
2658
2658
2656
2649
2648
2652
2653
2644
2652
2652
2650
2630
2642
414
1166
2645
2650
2639
2646
2642
2651
2646
2648
2644
570
2648
2641
2645
2638
2647
2644
2647
2642
2645
2646
2648
2638
2637
2641
2640
2638
2639
2643
2635
2635
2637
2636
2639
2633
2632
2638
2637
2634
1106
2632
788
2636
2627
823
2633
2630
2631
2626
2625
2628
2627
2625
219
2630
2625
2630
2624
2628
61
2628
2612
2632
2616
2625
2617
666
414
2625
2628
2630
2626
2624
2626
2624
2622
2621
2621
2624
2621
2613
2619
2625
2623
2620
2616
2619
2618
2616
2616
2618
2611
2612
2616
2611
2605
2615
2611
2610
2
2607
2610
2598
2610
2603
2612
2610
2604
2610
2602
2605
2604
2605
2607
2612
2610
2605
2610
998
2597
2604
2605
2597
2600
2605
2597
2595
2597
2603
2599
2593
2601
2598
2590
2600
2589
2599
2591
2591
248
2591
484
2591
2594
2594
860
2590
2588
2585
2596
2589
2600
2592
2585
2587
2590
2582
2594
2585
2593
2588
2584
2581
2583
2576
2585
2593
2576
2578
2587
2582
2585
2578
2582
2584
2579
2576
2581
2572
2573
2568
2575
2568
2579
2578
2576
884
2572
2571
2573
2568
2573
2565
2569
2575
2576
2571
2575
2570
2563
2570
2567
2569
2562
2568
2563
2572
2572
2568
2564
2565
2570
2563
2559
2555
881
2564
2555
2560
2562
2550
2546
870
2556
2555
2551
2558
2556
2553
2551
2552
2554
2556
823
2548
2547
2550
2554
2551
2550
2547
2550
2555
2540
2539
2544
2553
2547
2548
2547
2550
2541
2544
2544
2532
2540
2543
2543
2539
2535
2535
2537
2538
2539
2533
2537
2535
2535
2531
2532
2541
2539
2533
2538
2532
2531
2531
2538
928
2532
2534
2530
2530
2530
2532
2524
2530
2527
2520
2530
2531
2528
2533
2521
2525
2514
2523
2521
2527
2523
2517
2525
2522
2517
2517
2521
403
2518
2510
2516
2516
2518
2511
2517
2515
2510
2513
2511
2510
2510
2519
2512
2515
623
2504
2512
2511
2508
2505
2506
2491
2510
2511
2504
2506
2503
2507
2507
2503
2500
2506
2506
2494
2503
2493
2500
2493
2498
2492
2502
2494
2492
2494
2496
2500
2491
2498
2503
2487
2482
2491
2498
2490
2491
2494
2495
2491
2494
2492
2482
2490
2495
2487
2488
2480
2483
2487
2478
2490
2474
2486
2476
2481
2490
2478
2479
2473
2475
2481
2481
2471
2479
943
2483
2478
2485
2475
2474
2473
2479
2479
2478
2476
2476
2480
2478
2470
2473
2468
2472
2479
2469
2466
2472
2470
2467
2471
2468
2462
2468
2463
2470
2465
2461
2471
832
2468
2474
2467
888
2460
2461
2460
2463
2468
2471
2467
2460
2464
2467
2461
2459
2458
2461
2467
2461
2457
2459
2466
2458
2450
2457
2453
2452
2450
2455
646
2461
2455
2449
2456
2454
2454
2454
176
2451
2451
2445
2453
2454
2451
2451
2452
2440
2452
2457
2451
2449
2447
2453
2445
2449
2445
2436
2438
2439
2447
2450
2445
2442
2444
2446
2442
2444
2442
2434
2440
2436
2441
2430
2431
2440
2442
447
2441
2430
2436
2433
2444
2439
2436
2436
337
723
2430
2436
2435
2427
2430
2435
2432
2423
2434
2430
2427
2435
2434
2427
2424
2431
2428
2414
2429
2428
2427
2427
2429
2426
2421
2418
2421
2423
2420
2425
775
2419
2423
2422
2423
2417
2409
2425
2418
2422
2418
2414
2417
2423
2422
2410
2403
2415
2405
2407
2415
933
2407
2411
2412
2407
2410
2414
2398
2416
2416
2413
2412
2412
2407
2419
2406
2414
2407
2406
2407
2408
672
2405
2398
2408
2403
384
2405
2398
2406
2401
2399
2406
2406
2404
2404
2387
2373
2402
2398
839
2400
2397
2397
2398
2400
2393
2393
2404
2402
2401
2402
2396
2396
2398
812
2389
2394
2398
2395
2390
2393
2388
2383
2392
2385
2395
2386
2393
28
2394
2392
2395
2387
2391
2380
2388
2391
2389
2381
2381
2382
2392
2384
2388
2383
2384
2375
2382
2379
2378
2370
2386
2379
2382
2384
2381
209
2377
2379
2379
2377
2379
794
2380
2381
2377
2379
2379
2367
2375
2375
2367
2371
2376
2375
2380
2367
2380
2375
2382
2367
2371
2376
2370
2374
2361
2364
2370
2366
2371
2375
2371
2361
2365
2368
2366
550
2365
2366
2368
2364
2359
2369
2367
2368
2367
2368
2367
2363
2352
2357
2363
2365
2359
2361
2361
2360
2362
2361
2358
2351
2359
2365
2353
2362
2356
2364
2358
2357
303
2360
2363
2357
2351
2355
2358
2359
831
2361
2356
2350
2354
2355
2353
2351
2349
2356
2350
2353
2350
2355
2353
2352
2347
2355
2354
2358
2349
2345
2353
2345
2345
2346
2340
2345
2346
2344
2340
2341
2353
2348
2338
2347
2341
2342
2344
2343
2335
2346
2346
2339
2340
2336
2335
2341
2345
2338
2335
2342
2338
2331
2333
2333
2336
2335
266
2332
2321
2332
2331
2329
2332
2331
2333
2327
2334
2336
2333
2328
2321
2334
614
2325
2327
2318
2328
2324
2325
2326
2326
2322
2322
2326
2323
551
2321
2319
2311
2315
2320
2323
2321
2309
2316
2326
2323
2319
2321
2320
265
2319
2313
2304
2318
661
2314
2320
2308
2312
2311
2317
2309
809
2314
2317
2310
2317
2315
2310
2311
2308
2313
2310
2313
2310
2305
2306
2312
2312
2308
2310
2309
2306
2309
2303
750
2306
2302
2301
2303
2297
2305
2309
2307
2302
686
2302
2299
2297
2301
2294
281
2302
2295
2289
2306
2299
2304
756
2293
2301
2300
2295
2295
2295
2302
2295
2297
2294
2293
2297
2289
2295
2299
2287
2290
2292
2295
2295
2291
2296
2291
2295
2294
2299
2289
2288
2293
2287
2290
2282
2289
2290
2281
2278
2282
2286
2288
2287
2279
2283
2280
2283
2282
2283
2288
2283
2277
2275
2272
2275
2274
2279
2279
2280
2275
2281
2275
2277
2276
2265
2271
2272
2277
2280
2273
2275
2269
2275
2268
2278
2267
2267
2274
2267
2269
2269
2269
2268
2267
2263
2269
2261
2266
2270
2261
2263
2260
2267
2263
2254
226
2258
2263
2260
2255
2260
2261
2258
2260
2263
2257
2262
2261
2264
2261
2254
434
2253
2250
2258
2257
2255
2250
2251
2252
2257
2251
550
2250
2250
2253
2246
2256
2251
2247
2248
2247
2251
2252
2241
584
2251
2244
2246
2244
2248
2236
2244
2248
2242
2250
2244
2240
2250
2242
2238
2242
179
2243
2245
2243
2246
2241
2242
2236
2238
2238
2229
2235
224
2241
2236
2238
2238
2232
2245
2233
2232
2223
2235
2232
2239
2229
2236
2224
2219
2229
2219
2223
2233
2228
2236
2229
2103
2228
2228
2224
2225
2227
2225
2227
2226
53
2218
2226
2217
2224
2230
2224
2224
2220
2221
2219
2220
2218
2225
2204
2225
2223
2217
2220
2224
2227
2222
2221
2217
2219
2224
2224
2212
2214
2218
2215
2216
450
2217
2216
2213
2219
2204
2210
2216
2208
2220
2214
2214
353
2210
2215
2213
660
2211
2208
2216
2207
670
2208
2209
2203
2208
2202
2206
2211
2205
2208
2197
2201
2201
2201
696
2202
2203
2208
2205
2201
2205
2192
2197
2197
2204
2195
2202
2201
2195
666
2201
2196
2193
2194
2196
2197
2194
2195
2195
2192
2187
2188
2192
2187
2185
2187
2190
2191
2190
2189
2189
2182
2182
2187
2186
139
2184
2186
2183
2187
2187
2177
2173
2180
2184
2188
2178
2183
2182
2180
2178
2180
423
2178
2180
2183
2178
2179
2168
2176
2181
2171
2176
2175
2170
2183
2176
2176
2171
2166
2175
2174
2170
2175
2173
2168
2168
2168
2168
2166
2166
2172
2175
2171
2171
2170
2168
2157
2168
2170
2170
2172
2165
2162
2157
2171
2161
2157
2158
2160
165
2162
2164
2162
2165
2160
2162
2161
2161
2155
2161
2160
2152
2160
2157
2148
2157
2158
2153
2159
2151
2152
2153
2160
2154
2151
2151
2154
2155
2147
2139
2147
2152
2151
2150
2144
2155
2153
2145
2149
2146
2154
2148
2144
2148
2146
2145
2149
2141
2143
2145
2143
2138
2144
2142
2146
2146
2144
2145
2145
2134
2142
2133
2142
2140
2137
487
2139
2138
2137
2129
2134
2135
2132
2137
2139
2135
2129
2124
2131
2134
2131
2131
2131
2126
474
2125
2129
2128
2127
2131
2130
2131
2122
2122
2126
2129
2125
2130
2113
2124
2124
2127
2124
2126
2122
2122
2124
2124
2122
2128
2124
2124
2122
2119
2119
2117
2123
2116
2118
2118
2114
2119
2116
2118
2114
2121
2123
2114
2116
2117
2116
2121
2117
2111
2116
2110
2116
2116
2114
2112
2113
2103
2117
2109
2109
2113
2110
2107
2108
2108
289
2109
2107
2105
2107
2106
2107
2095
2110
2108
2101
2103
2096
2102
2102
2103
2097
2104
2099
2097
2100
2100
2099
2103
2097
2101
2099
2106
2095
2094
2102
2099
2096
2093
2093
382
2093
2100
362
2101
92
2093
2096
2098
2094
2088
2093
2092
2086
2088
2086
2092
2090
2085
2086
2088
2081
2081
2089
2083
2088
2087
2080
2084
2082
2085
2080
2084
2079
2079
2082
2082
2083
2073
2081
2083
2084
2089
2083
2080
2082
2084
2077
2077
2078
2075
2083
2079
141
2078
2079
2076
2075
2079
2078
538
41
447
2074
2077
2080
2075
2078
2076
2064
2078
2074
2075
2074
2071
2070
2072
2070
2071
2070
2063
2075
2069
2074
2071
2064
2066
2065
2066
2064
2063
2067
2069
2065
2063
373
2066
2063
2064
2064
2064
2060
2069
2062
2063
2064
2062
2057
2061
2058
2059
2059
2061
2063
2061
2060
2058
2056
2057
2056
2056
2057
2047
2052
2052
2056
2060
2055
2050
2058
2055
2059
2057
2054
2052
2050
2060
2045
2051
2051
2052
2051
2054
2052
126
2048
2054
2050
2055
2060
2051
2050
2050
2052
2055
2048
2050
2043
2046
2048
2036
2045
1982
2046
2055
2041
2043
2047
2047
2050
2046
2039
2040
2048
2042
2037
2043
2043
2042
2043
2048
2043
2040
2044
2040
2040
2030
2040
2036
2026
2041
2044
2041
2040
2048
2038
2039
2035
2036
2040
2044
2039
2039
2034
2039
2031
2038
2036
2037
512
2038
2030
2034
2034
2041
2036
2036
2032
2033
2033
504
2032
2030
2037
2033
2036
2029
2029
2030
2031
2027
2029
2026
2037
2030
2025
2022
2028
2023
2027
2032
2027
2031
2027
2026
2023
2029
2028
2025
2026
2026
2031
2028
2025
2017
2016
2025
2018
2026
2021
2027
2023
2026
979
2020
2027
2025
2012
2019
2021
2016
2022
2019
2020
2013
2025
2015
2017
2015
2020
2014
514
2018
204
2021
2019
2019
2017
2012
2018
2011
2012
2017
2017
2016
2014
2003
2017
2016
2012
2014
2013
2013
2015
2016
2005
2010
2014
2005
2010
2009
516
2005
2008
2010
2004
2006
2010
2007
2010
2007
2010
2006
2004
2003
1981
1999
2007
2003
2005
2001
1999
1995
2004
2008
2005
2000
2000
405
1999
1996
2002
2003
1998
1998
1999
1992
1999
267
1999
2000
2001
1993
1992
1996
1997
2001
1980
1995
1994
1995
1993
1998
1995
1993
1991
1990
1990
1991
1991
1998
1986
1996
1991
1990
1995
1993
1993
1990
1988
1985
501
1983
1992
1986
1984
1995
1986
1983
1986
1987
1983
1989
1980
1984
1984
1978
1987
1983
1984
1984
1987
1985
1977
1982
1982
1980
1987
1983
1977
1981
1976
1977
1975
1977
1974
1970
1977
1980
1971
1969
1973
1978
1978
1972
1976
1979
1979
1975
1978
1974
1971
1971
1978
1974
1973
1965
1977
1969
1968
1967
1969
1975
1974
1970
1972
1971
1967
1969
1968
1970
1959
1969
1965
1959
1967
1954
1967
1962
1964
1969
1963
1964
1967
1967
471
1965
1964
1960
1959
1951
1961
1964
1965
1959
1960
1954
1961
1957
1962
1958
1962
1959
1954
1957
1953
1960
1959
1958
1960
1956
1960
1939
1948
1956
1950
1954
1948
1961
1957
1951
1955
1949
1948
1955
1949
1945
1949
1953
1946
1951
1951
1944
1941
1952
1951
1946
1946
1946
1942
1950
435
1941
1941
1937
1941
1944
1947
1936
1940
1930
1940
1942
1933
1944
1943
1924
1942
1943
1931
1936
1940
1939
1944
1933
1941
1937
1942
1936
1931
1930
1935
1938
1933
1940
1930
1937
1933
1931
1937
1934
1934
1928
1936
1934
1933
1928
1927
1933
1927
1929
1927
1924
1931
1922
1928
1923
1929
1926
1926
1929
1924
1928
1924
1923
1923
1924
1929
1921
1921
1922
1923
1920
1918
1920
1927
1922
1924
1921
1920
1921
1919
1920
1919
1916
1921
1925
1913
1915
1917
1916
1921
1918
1921
1920
1914
1919
1918
1918
1916
1923
1911
1920
1916
1915
1912
1916
1917
1913
1915
1917
1922
1919
1915
1908
1912
1909
1906
1910
1914
1902
1914
1912
1906
1907
1904
1908
1914
1902
1899
1910
1904
1907
1903
1906
1902
1906
1902
326
1905
1905
1898
1903
1904
1897
1899
1902
1896
1897
1895
1903
1901
1903
1901
1897
1899
1893
1902
1893
1895
1895
1893
1891
1897
1894
1898
1896
1900
1896
1891
1887
1894
1899
1893
1893
1895
1899
1890
1898
1887
1894
1893
1894
1892
1899
1893
1896
1894
1882
1885
1890
1893
1885
1890
1885
1894
1892
1885
1890
1891
1891
1886
1878
1888
1889
1893
1883
1883
1883
1886
1880
1881
1883
1882
287
1881
1880
1881
1881
1880
1882
353
1878
1872
1874
1878
1883
1882
1877
1875
1876
1874
1874
1879
1876
1878
1877
1876
1871
1876
1875
1873
1874
1876
1872
1874
1869
1875
1871
1869
1869
1865
1874
1870
1867
1871
1868
1872
1866
1867
1873
1870
1870
1870
1854
1867
1862
1871
1863
1862
1863
1869
1866
1863
1860
1856
335
1865
1864
1867
1863
1867
355
1862
1861
1859
1862
1866
1856
1858
1865
1864
1861
1863
1856
1860
1865
1854
1867
1863
1859
1863
1862
1859
1859
1858
1862
1860
1852
1860
1862
1859
1853
1847
1851
1855
1856
1851
1854
1855
1854
1853
1853
1855
1849
1857
1859
1844
1848
1844
1848
1858
1848
1847
1855
1845
1855
1849
1846
1850
1851
1851
1848
1846
1851
1847
1848
1845
1848
1851
1853
1844
1850
1846
1845
1848
1847
1844
1842
1846
1847
1843
1848
20
1843
1847
1836
1845
1833
1834
1843
1844
1844
1843
1845
1839
1837
1835
1838
1837
1837
1845
1837
1843
1836
1835
1837
1842
1832
1833
1837
1840
1831
1837
1829
1840
1836
1830
1837
1831
1826
1834
1828
1828
1837
1831
1831
1832
1828
1832
1832
1829
1832
1834
1826
1828
1827
1826
1824
1827
1829
1827
1821
1830
237
1829
1823
190
1828
1820
1819
1826
1825
1819
1823
1827
1815
1807
1824
1824
1820
1820
1816
1816
1820
1827
1819
1813
1818
1813
1819
1822
1816
1812
1817
1816
1821
1813
1817
1821
1811
1822
1820
1811
1817
1816
1817
1812
1815
1822
1814
1809
1814
1819
1814
1817
1820
1815
1819
1815
1812
1810
1814
1816
1815
1814
1813
1812
1814
1813
1813
1816
1811
1810
1812
1808
159
1808
1813
1812
1804
1807
1807
1807
1808
1804
1803
1807
1807
1807
1803
1801
1805
1804
1805
1803
1806
1802
1803
1807
1805
1806
1801
1799
1800
1802
1800
1796
1807
1797
1804
1808
1795
1800
1803
1797
1787
1804
1795
1793
1800
1798
1794
1794
1795
1796
1799
1798
1800
1799
1797
1798
1799
1789
1795
1797
1798
1797
1794
1799
114
1788
1791
1790
1795
1794
1790
1797
1796
1794
1785
1789
1790
1789
1781
1793
1792
1789
1789
1789
1786
1787
1797
1788
1791
1786
1786
1784
1786
1782
1783
1783
1786
1787
1785
1786
1781
1787
1782
1788
1779
1782
1781
1782
1780
1784
1784
1780
1783
1778
1775
1775
1781
1773
1780
1781
1778
1770
1780
1781
1775
1780
1777
1781
1774
1784
1779
1773
1776
1780
1777
1775
1775
1782
1776
1779
1775
1773
1775
1776
1777
1773
1780
1774
1774
1779
1773
1770
1775
1768
1771
1774
1778
1770
1771
1773
1772
1766
1769
1772
1765
1768
1771
1770
1768
1763
1767
1767
1765
1777
1772
1773
1759
1773
1768
1768
1764
1764
1766
1763
1765
1763
1763
1757
1765
1761
1764
1764
1759
1760
262
1756
1763
1757
1756
1759
1759
1755
1765
1755
1758
1756
1759
1761
1754
839
1751
1752
1745
1757
1758
1755
1753
1755
1752
1755
1753
1751
1754
1747
1754
1751
1753
1750
1749
1751
1753
1754
1749
1744
1748
1754
1754
1744
1746
1750
1745
1738
1745
1746
1747
1742
1749
1753
1747
1749
1746
1743
1743
1747
1742
1745
1741
1740
1743
1740
1739
1737
1736
1739
1736
1737
1731
1739
1736
1738
1737
1732
1738
1737
1737
1729
1730
1734
1737
1739
1732
1739
1736
1728
1734
1733
1734
1739
1731
1729
1735
1738
1731
1730
1733
1731
1735
1730
1733
1731
1729
1726
1734
1731
1729
1729
1729
1728
1734
1730
1728
1726
1731
1722
1722
1732
1730
1731
1726
1724
1727
1726
1722
1724
1724
70
1719
1725
1727
1729
1727
1726
1724
1730
1725
220
1716
1721
1724
1720
1720
1716
1718
1726
1725
1722
1721
1722
1718
1715
1722
1722
1723
1712
1715
1715
1722
1719
1724
1721
1715
1720
1718
1714
1718
1718
1717
1719
1718
1714
1717
1718
1717
1717
1721
1718
1709
1718
1718
1715
1716
1714
1716
1721
1715
1715
1715
1712
1719
1714
1715
1714
1715
1706
1715
1712
1709
1707
1710
1707
1712
1709
1714
1711
1712
1710
1708
1705
1709
1715
1712
1706
1711
1709
1711
1710
1709
1693
1709
1710
1710
1709
1705
1706
1703
1709
1694
1707
1708
1700
1692
1705
1702
1704
1701
1703
1704
1711
1703
1705
44
1698
1697
1702
1697
1704
1703
1701
1696
1702
1700
1704
1697
1699
1697
73
1694
1696
1684
1697
1692
1697
1688
1693
1697
1694
1695
1696
1692
175
1696
1694
1695
1692
1695
1697
1695
1690
1694
1693
1692
1696
1686
1688
1693
1688
1692
1696
1688
1691
1695
1691
1690
1687
1689
1682
1688
1690
1686
1685
1686
1689
1691
1685
1684
1682
1687
1687
1689
1687
1691
1689
1680
1685
1688
1683
1681
1687
1684
1683
1684
1680
1686
1687
1671
1676
1687
1682
1687
1674
1685
1679
194
1682
1677
1683
1681
1679
1681
1678
1678
1682
1674
1681
1678
1678
1680
1680
1677
1674
1676
1673
1677
1680
1677
1679
1673
1676
1677
1678
1679
1667
1677
1659
1676
1671
1674
1673
1676
1670
1666
1666
1674
1671
1678
1667
1678
1673
1669
1664
1661
1671
1667
1672
1674
1668
1665
1674
1670
1671
1670
1658
1670
1668
1670
1666
1668
1670
1671
1665
1671
1662
1665
1661
1664
1664
1658
1661
1663
1663
1662
1668
1662
1659
1660
1662
1666
1665
1663
1665
1665
1662
1660
1659
1662
1657
1654
1663
1659
1660
1654
1663
1661
1656
1663
1660
1659
1660
1657
1656
1660
1663
1659
1653
1653
1656
1659
1659
1659
1658
1657
1652
1660
1657
1652
1652
1652
1648
1654
1655
1654
1649
1655
1650
1656
117
1654
1653
1653
1648
1655
1655
1648
1639
1651
1650
1647
1649
1646
1645
1643
1650
1649
1648
1654
1643
1646
1650
1651
1646
1643
1640
1645
1637
1651
1648
1642
1650
1639
1648
1646
1646
1641
1643
1644
1637
1641
1643
1642
1643
1640
1643
1641
1642
1640
1639
1639
1639
1640
1639
1644
1641
1636
1644
1634
1636
1636
1638
1643
1635
1634
1639
1637
1641
1636
1632
1638
1641
1631
1636
1635
1634
1641
1637
1637
1635
1633
1636
1637
1627
1634
1640
1636
1631
1630
1629
1630
1633
1634
1632
1628
1629
1629
1625
1630
1627
1632
1628
1629
1628
1627
1622
1625
1629
1628
1626
1629
1626
1631
1623
1626
1623
1621
1629
1615
1620
1626
1625
1621
1627
1623
1627
1616
1625
1621
1621
1619
1620
1622
1620
1622
1613
1622
819
1613
1617
1620
1617
1620
1616
1614
69
1613
1623
1609
1620
1621
1619
1613
1617
1619
1617
1621
1615
1612
1614
1615
1614
1619
1607
1604
1617
1618
1616
1613
1609
1613
1614
1617
1618
1615
1613
1617
1614
1613
1614
1613
1613
1285
1611
1612
1613
1609
1614
1611
1610
1608
1615
1611
1606
1611
1611
1611
1611
1608
1611
1612
1605
1610
1611
1613
1603
1607
1610
1608
1605
1609
1603
1605
1607
1609
1603
1606
1602
1602
1604
1604
1589
1605
1604
1598
1601
1601
1595
1603
1600
1596
1603
1599
1595
1605
1597
1594
1598
1595
1594
1596
1592
1597
1589
1599
1594
1598
1593
1597
1599
1597
1596
1596
1593
1592
1594
1589
1595
1587
1592
1593
1597
1594
1592
1589
1593
1591
1595
1591
1592
1587
1590
1587
1588
1591
1588
1586
1589
1590
1588
1587
1593
1588
1592
1588
1591
1588
1590
1586
1586
1590
1586
1582
1589
1587
1583
1589
1584
1585
1585
1580
1585
1582
1583
1584
1585
1586
1582
1581
817
1582
1582
1578
1584
1580
1583
1585
1587
1583
1581
1579
1575
1578
1581
1577
1580
1580
1582
1580
1573
1582
1578
1576
1576
1581
1582
1570
1575
1579
1574
1576
1575
1582
1581
1578
1574
1573
1578
1573
1574
1577
1564
1576
1575
1576
1573
1571
1573
1568
1570
1572
1569
1565
1573
1568
1574
1571
1571
1566
1572
1567
1571
1572
1567
1569
1563
1563
1569
1568
1563
1566
1566
1573
1561
1560
1569
1567
1565
1560
1564
1569
1565
1559
1559
1562
1560
1562
1563
1554
1566
1562
1561
1564
1559
1560
1561
1565
1562
1560
1563
1555
1559
1552
1559
1564
1564
1557
1559
1561
1556
1560
1558
1556
1564
1553
1557
1555
1560
1554
1553
1553
1558
1552
1549
1552
1557
1553
1554
1554
1551
1554
1549
1554
1554
1554
1555
1550
1553
1558
1545
1551
1552
1551
1547
1543
1553
1543
1546
1552
1547
1550
1549
1551
1548
1552
1549
1547
1545
1542
1551
1547
1547
1549
1549
1549
794
1546
1545
1542
1543
1547
1549
1538
1542
1540
1546
1541
1542
1541
1540
1536
1534
1539
1536
1541
1543
1540
1539
1538
1539
1544
1542
1537
1539
1543
1535
1543
1539
1537
1534
1539
1541
1535
1538
1540
1535
1542
1544
1539
1540
1534
1533
1539
1540
1536
1541
1539
1540
1535
1530
1534
1541
1537
1541
1532
1535
1538
1535
1534
1533
1537
1530
1533
1538
1539
1532
1533
1530
1536
1534
1531
1529
1533
1533
1533
1535
1529
1535
1533
1531
1528
1531
1534
1523
1534
1530
1529
1532
1533
1534
1526
1528
1527
1527
1523
1526
1524
1530
1528
1528
1528
1525
1531
1526
1519
1531
1528
1519
1522
1526
1529
1524
1523
1524
1527
1524
1525
1524
1527
1524
1520
1521
1528
1520
1518
1524
1522
1521
1518
1524
1526
1524
1523
1521
1520
1521
1517
1521
1521
1520
1519
1514
1520
1517
1518
1517
1518
1515
1518
1518
1520
1518
1515
1514
1518
1511
1514
1512
1516
1516
1516
1518
1514
1516
1510
24
1511
1515
1516
1515
1513
1508
1507
1509
1512
1512
1511
1512
1509
1511
1511
1509
1508
1514
1498
1506
1509
1508
1510
1506
1507
1509
1511
1503
1503
1509
1507
1509
1505
1497
1501
1505
1503
1508
1505
1506
1499
1510
1506
1505
1510
1505
1505
1507
1499
1505
1497
1502
1505
1500
1503
1500
1506
1501
1502
1499
1504
1493
1503
1504
1500
1500
1494
1495
1502
1501
1500
1494
1502
1502
1494
1498
1500
1497
1498
1501
1500
1495
1501
1500
1495
1492
1495
1497
1499
1496
1491
1494
1495
1491
1498
1491
1491
1501
1489
1491
1497
1496
1495
1495
1492
1490
1495
1492
1495
1492
1493
1488
1490
1489
1491
1486
1489
1492
1492
1491
1494
1490
1490
1495
1490
1488
1488
1491
1488
1491
1487
1485
1490
1487
1485
1490
735
1488
1483
1489
1488
1488
1492
1486
1482
1482
1486
1483
1488
1485
1479
1484
1482
1485
1483
1484
1484
1483
1480
1487
1481
1486
1481
1481
1483
1482
1482
1478
1481
1483
1479
1484
1486
1482
1481
1482
1469
1480
1476
1475
1480
1481
1476
1483
1478
1479
1478
1475
1478
1478
1482
1478
