1480889318
1707617
1707617
0
7361
1515409
999008
6
20
14
124307
259
269
127
80
13737351
949847
28177267
252
3742
4817
2159
38881
997
1531
370
343
457
584
1843568
14056
66
278224
22401
65383
37693
52958
17776
32141
31800
36033
1835
22308
54213
25312
51413
36239
4620757
51767
41618
34906
76929
72025
14042
24706
6198
16478
36486
20415
90
91
175348
79436
50854
58656
76492
50858
44691
60052
122475
13587
101644
52585
177706
79990
332978
69235
100639
65320
92017
108879
66928
34416
9896
34629
88939
73746
541
1538
23
28574
6618
4587
53519
7160
46244
16008
19658
67628
56745
25919
47318
17828
135709
355
281
1301
44640563
71022
65396
29795
199754
11363
70237
115540
11548
1199282
11202131
9958
253139
76934
161840
203568
26322
153991
106066
45116
11192
85822
237260
240395
38485
7524355
19493
78467
101335
14253
29665
14692
91256
18138
5359653
31777
36169
567
29421
4424888
19923
24557
10208
230193
12613
30686
23636
58810
42407
3761088
57951
72836
177036
60971
55293
27754
1520826
2966058
10073
24207
2743199
34042
27732
8577
6258
2919
1951
36845
67541
147464
37152
124725
37236
79907
39812
23719
3999
2108
62117
40519
29805
1818810
13170
37570
244584
2924
17026
28827
7893
19112
23524
230224
41420
10004
1885
2036432
43048
20070
12315
96216
8869
27729
1958929
25243
30535
1519633
320945
1140053
541732
4430
6396
19358
1742862
61303
41135
13608
52358
90668
33052
10144
42074
27895
1119519
4757
35621
323514
15704
8057
11211
13513
12349
28207
67480
906995
115837
17903
2753
19281
232418
57801
19027
43379
43303
1067
274821
4939
1218
16848
1362040
1048023
10122
102051
308435
34980
74634
9998
35398
16284
42461
23121
312199
37970
43607
1187534
1798
33450
8364
67101
9422
5581
5787
31241
13492
1099705
14744
29602
314
75243
0
1879
85480
56792
9670
75648
3022
9422
13647
53486
323629
579771
564622
13451
433297
11
3642
811234
417529
7074
184750
44143
69453
4355
39056
33554
167029
40773
948758
15926
145656
0
915524
802034
905376
16141
8575
2789
38707
56345
862599
18756
15
40482
32184
831592
14888
234870
36952
7867
1348
1099
12674
5420
660206
249068
819541
585789
10273
756153
596778
699042
7540
9887
812960
810102
850
27561
30730
15117
476763
23251
747158
18993
760006
24279
22412
704476
7379
16112
209036
20879
734877
16548
72111
722242
161453
23698
83843
91641
7444
57109
6126
135943
666320
309578
570513
32416
67370
4608
658217
379456
25051
49758
119350
11836
1165
13798
555751
640709
20709
230031
26835
4512
597950
51772
7242
23244
13229
33075
28353
560345
342038
4211
5511
5174
333062
2904
97226
18784
4259
0
23917
71
14455
95435
20301
410536
12518
3062
38638
526733
45725
11201
18318
4120
24321
534796
2988
793
26111
438323
26355
22349
507940
295396
480732
519790
5506
29122
87696
63212
21368
455695
29341
2351
5803
3
47664
28742
275419
79711
47950
16592
12430
32734
51413
6902
10646
25708
17627
30026
2
67614
7948
4933
485473
230331
447656
352848
12430
6514
8532
406544
35264
8018
152565
4223
10953
249441
39518
202510
456308
44055
23361
444992
23613
1980
45373
37122
855
441680
12578
42511
16924
29862
410443
423840
21237
217
2527
13353
225749
10875
21592
123
7062
16417
24147
23744
2895
18030
2456
11682
93021
401285
29878
7253
4064
44130
48824
36338
16631
1955
4523
9749
30661
2658
37662
18891
38827
10783
1258
27114
4469
15724
215567
108472
379077
378507
484
374661
5352
351482
23992
1911
15878
23380
442
35547
358855
535
9479
163251
248616
5675
153
27
354854
353090
9419
15308
264684
12475
322660
51562
8923
14664
27086
20197
16924
28498
2434
892
2428
28141
303626
47881
327363
48049
2194
248688
28958
0
256292
327658
43297
26
119999
30515
1290
102001
5462
1713
30759
186
78016
22494
12504
16724
19714
308478
307944
7270
4067
3884
35224
304281
1189
57106
129579
59611
57539
9870
128813
242342
20849
38201
291797
5196
290622
73701
2196
18270
2729
278225
35087
49003
285228
16633
5519
39473
16403
31393
9715
23
278557
278159
276680
275044
134
3279
225715
6025
818
271620
9544
263536
262096
78674
2129
17078
264359
265834
1219
146298
11016
12157
23958
164352
994
2379
6157
9212
11252
77943
9138
256857
19219
4924
11953
254862
10931
251937
248880
10375
87770
248469
24997
16963
28643
60590
14717
179150
20478
22437
4226
1519
170691
53972
758
240253
6391
2451
182462
1835
761
1845
11574
5534
14764
235826
25784
178093
233753
47365
2820
232509
6555
1753
278
29400
3
68850
229929
193439
23237
215585
183866
12997
86403
10
1158
197648
0
8106
187660
12526
223274
213497
1791
19061
15180
9632
205624
220443
13603
7244
2465
219699
33196
35619
63515
6656
3641
217323
200928
736
99272
5523
238
1496
25087
214947
788
214726
214000
25616
28446
167232
3094
34158
88685
164565
1450
147240
11446
211340
291
0
61590
95201
206289
15390
101026
162669
17315
9472
14280
20481
175685
9331
5083
187940
166205
7176
16096
201983
29652
201310
4227
20274
35
78818
149526
15961
199067
180364
4429
2768
851
197219
16134
71672
170820
2241
149539
5158
192514
6
18971
1268
27484
752
25209
189886
189504
3860
4748
115042
16702
104735
101064
186119
187147
17638
186920
492
6030
179691
39506
651
6306
1389
160892
5461
72608
177887
148520
167936
2027
5170
1950
145925
2756
972
83
571
5149
36359
39561
25710
2406
46190
0
15679
165170
18485
67685
73391
4168
15520
173086
7401
53258
172625
430
172324
172185
29156
693
15224
9569
170696
20747
165257
62213
4396
32956
152221
97
126840
167923
4749
2738
162201
82
166984
3641
1820
166150
160605
150886
62174
5866
11170
14861
126169
20168
3448
153850
32531
3686
21410
4314
5001
18084
155609
161701
159412
150785
87043
68119
146702
9453
2760
159475
27294
5702
76649
39826
9
157326
129499
0
25728
113926
154435
156600
59525
156314
119531
143737
146878
10135
148487
15357
18485
153603
66390
5192
8
18476
17123
5646
13941
1319
508
33076
151328
130287
1
149956
1569
65604
7321
2536
148655
1758
8755
3866
16433
3772
147339
147231
19602
147081
236
145699
49495
7034
1750
4968
134508
13788
117498
9841
74534
14577
141488
66078
567
7811
2476
18671
23412
20072
8953
118130
93274
140229
12550
37594
2933
122825
137489
136843
124007
24090
136313
38865
133435
62738
127225
5844
153
9391
121678
4891
0
22964
129648
12
6264
2067
8
6255
130031
115974
986
38330
1410
129110
501
106324
119071
8083
4709
34087
12916
1639
4646
51981
130858
8032
128906
116428
1483
130221
8825
10294
2279
73149
129098
2602
82242
2548
3186
128377
122016
117244
125901
117738
125765
73182
45258
25632
126760
106539
35737
1273
25799
126203
126148
7137
473
13176
60607
16355
159
124360
124294
14091
5626
101520
123439
319
9987
1591
89935
5604
11512
0
15792
8698
21956
105970
47
118188
101
120242
120147
120086
4032
38775
59064
58033
80787
11618
65019
97978
10093
102434
1616
117964
105428
35873
3721
45339
1897
6742
2803
84388
46612
1595
114427
48968
115480
1316
39966
115222
30418
900
1808
3844
7638
5616
12407
2820
114094
107069
105670
2
0
26194
110137
22638
12313
2692
450
9384
1398
48466
3802
22788
19686
100531
69316
110738
5730
102587
12321
13998
18805
110270
8996
8045
12190
11726
109739
109589
109308
100239
80258
69163
158
794
1873
105233
96
108066
1149
3989
107802
23030
14237
97427
8164
377
6754
27010
14966
11724
93000
2291
13563
16404
105306
3626
9402
10562
3602
3765
10533
26708
610
5864
56293
101443
24867
103450
9893
63510
94837
14931
21052
52686
54855
2974
4324
6253
6
92297
18765
1189
5357
96284
86556
8001
96688
93159
53527
44474
12180
68835
87938
77362
3554
100234
805
824
3452
1716
30774
11525
90583
799
840
99057
91493
25983
745
93152
373
11603
23359
16731
29508
37272
16875
97813
381
957
989
89
0
16579
1842
3953
25868
1711
29
0
585
96717
4147
1512
96488
72
11731
17725
0
27628
21702
776
0
21766
15515
95222
95116
14194
89245
95012
47390
2653
2348
2280
68383
2960
1216
213
3015
2171
94248
58494
4216
3871
26458
14918
15923
57146
69000
52176
14087
6104
8572
19767
35210
2428
8269
25134
11422
1
86792
73529
87585
89184
91803
6294
591
62868
80944
65679
9909
32373
19523
16666
544
90007
26221
89870
89889
17716
87767
3776
1147
87214
17214
50721
86164
85702
12118
5130
1399
10203
42623
71823
650
5586
81703
2744
80209
14495
23619
11411
85726
25711
14937
12064
16455
46250
6445
80770
87220
87160
87124
8348
12
6708
86753
12352
71622
77105
4645
7003
85789
85843
25666
15200
73923
84584
67701
10920
84551
15287
84508
14145
84469
84247
1766
3134
120
83716
81672
83231
60822
77083
81109
77667
12211
40049
66383
73314
10033
18246
82289
12114
82192
4124
64
25114
81896
58016
81488
8336
9865
58435
476
74471
10460
1938
24
0
5752
68860
80688
13600
4310
1252
80203
484
78039
5030
7594
64993
47412
23120
11317
1639
79732
11355
1447
974
2140
1
8238
5894
79057
78968
5594
78793
78744
9081
78413
78292
36796
78040
2054
1108
9192
3907
55347
7105
38792
11761
56181
8409
77167
14425
12862
1653
76976
1454
37954
71092
42319
69222
1
10
25356
632
6355
39915
15817
10843
139
14356
29
75617
3310
91
7613
23087
75330
9243
67571
19712
1899
66092
74985
4976
74780
2861
74622
6353
8375
6790
74378
752
3472
54731
68398
70357
74059
23359
521
73847
14946
23220
43505
8454
22742
4592
1144
51775
11811
1505
71462
0
0
2485
72938
13562
5932
0
72453
66155
20718
558
20097
1036
72151
3556
30354
3396
61097
16211
1
26
61003
69921
10862
1912
7114
51738
2523
1813
70979
10490
594
2129
1
45531
7749
41494
41437
2209
3
8692
69899
64060
13854
67320
56656
5126
2
0
66241
1263
13060
69243
4521
11166
10547
66582
53755
21682
120
4668
68780
41425
68654
19181
1632
68418
14386
8454
68012
1214
68024
65
57267
48110
9549
1665
14399
1603
67619
1140
58261
19140
2309
1712
65398
65151
5240
22067
5840
9087
11806
3014
10088
6606
66880
64432
66684
64700
28110
3680
1643
52562
1792
17141
66124
971
11706
63058
42347
26293
7687
65803
6122
65773
31335
13771
65694
63552
65654
28579
52380
65477
27346
2017
65245
65189
65170
3449
14290
9121
9069
24497
64952
6715
3562
51510
64643
64589
58830
64504
64451
40613
8725
2328
64424
25492
46835
64244
45598
63951
911
26088
63838
3885
63761
66
21675
61664
63675
45376
7063
8978
63452
3394
51082
63424
65
63245
40714
8995
16425
2438
13547
63051
7
458
0
0
38918
6232
8145
1846
62531
1692
62359
6126
19844
62145
16517
4024
4023
0
23216
61815
55799
6598
61759
1725
61548
3273
61323
61200
61176
47863
210
533
171
4676
8092
1904
61004
1578
1668
60811
59000
1714
0
11230
9952
2181
17030
57437
60582
3000
1672
12065
29
2483
4048
9870
40988
16926
30144
5304
19538
59643
52685
2470
59572
10854
1618
54863
16645
0
606
3
56620
12193
240
58648
55313
15161
3
13017
54188
37652
51539
8324
26
55386
4995
3793
2490
1686
57926
57914
57918
8082
13893
17257
40547
1418
57659
57611
14399
57491
57566
11173
11854
23458
42213
7974
45696
19511
37233
2230
5033
54866
56918
56856
56838
50705
6006
54963
56739
56726
3412
24972
2785
8033
34832
384
25412
981
1236
24028
4086
54441
56198
53330
1
56012
3676
4045
55853
16045
55786
45181
47137
5744
22430
44545
53791
603
12976
55442
55438
55389
55352
51950
2041
7381
3852
25126
55086
55111
2781
992
303
54966
4077
54905
1976
11349
31768
1852
54621
26925
12414
54559
5813
41604
50041
6523
18554
51344
27421
2831
54358
54257
54264
46390
308
35457
1737
16498
7194
53981
49750
15597
6005
3470
12237
2347
53662
11491
47779
53575
20783
30799
26431
17172
37051
1570
44517
362
53242
11868
11933
17417
53178
33284
772
52973
30932
16474
1152
52844
52872
3217
42893
22870
226
36185
52740
16
48708
27731
47197
52483
29374
52442
33777
21970
6914
10714
52223
52207
37643
48372
52022
22129
1122
22008
1389
24332
1597
20659
24280
31301
51625
51643
51597
21540
51477
49065
2331
6190
16128
127
5849
51091
51049
38000
30284
2
487
50804
596
50514
21
50436
9484
17966
2870
14818
7873
46033
35481
9
2747
17729
50000
20996
32908
49965
22451
49946
49877
49759
49746
2294
0
49619
49643
27022
49582
38711
13082
41002
2539
1138
8228
42345
1426
49290
49229
3409
49099
16308
23615
0
7144
48939
42713
21374
13175
288
17334
20409
48624
45155
2399
48410
10346
11574
44453
1216
5259
5105
2727
6284
48111
8592
48049
8695
34155
3
24206
39073
3435
47766
3400
7766
47389
47346
33119
9564
32955
47221
10237
8967
10778
28850
47161
11386
734
37826
46924
2420
1721
46834
1921
3254
46711
37969
46661
19172
12747
637
46422
46304
46309
23171
9749
21374
28079
1605
46000
6514
45782
323
2082
12176
45651
7115
31923
5937
3353
6684
43608
38132
15558
9174
10918
15197
382
15099
45085
3324
45029
39634
2905
20775
44994
44930
11394
37425
44842
1669
17758
2519
2704
12
12967
41676
806
44487
16233
41801
0
4517
27621
44407
38311
12030
44370
35290
2607
9516
44210
4898
32429
120
41442
14349
43961
1526
33946
0
43718
5425
9718
3208
41358
23465
11931
35553
43508
43475
43493
9824
2437
7904
17790
10941
10567
39698
7277
604
2481
15092
3350
4788
15745
41068
15898
41331
43021
36038
4169
1177
1347
26156
38508
39768
8915
42833
38786
306
19250
17396
28520
2076
42549
1085
7981
294
39046
42373
16187
7757
1522
37399
42206
2140
2224
2230
4994
42064
11
20420
38567
3873
20916
2967
351
40082
25720
41921
15636
5249
38451
1
41666
41681
38024
41652
29262
41590
36986
7989
41539
12371
11419
39057
1165
14462
239
18645
5361
41140
6
13684
37684
25960
331
3998
40824
3873
34316
40549
40539
6967
40517
40470
40480
40432
10557
220
4309
40347
40370
40288
733
40237
40172
12489
524
36281
0
40099
40120
765
17751
40033
34233
39970
1285
3505
3148
21818
7398
9831
707
39775
37642
3704
0
39715
1586
2470
39684
4115
128
2649
3288
19698
4811
880
39480
22701
39413
39364
595
2596
6105
39298
3486
862
39266
39208
39203
1615
4290
656
39159
19516
39090
1
39083
39054
4143
39006
6796
5572
38955
10497
5847
38823
25752
25473
4
3084
35064
38408
8062
33899
29104
38216
10599
1347
27819
38065
38022
38053
38047
3406
154
37952
37979
38000
37947
2984
1647
35266
15768
27686
1230
37810
37805
5126
37727
13800
37689
37674
31282
0
37580
32016
37594
11513
19338
26760
2430
13688
37332
37278
8259
29154
37219
14189
15600
37094
105
5408
2017
23495
35260
37056
34
2968
6963
35173
36876
12236
4755
7013
8168
0
13634
33863
1487
923
36676
36630
3721
36619
1216
31203
998
36582
13989
10999
3830
13191
9856
0
4119
13499
36203
4100
36116
36084
16322
36051
6445
8331
704
36004
35987
2998
13198
35922
6687
34065
19532
35848
386
8073
68
35698
14202
35642
26860
3019
13267
35603
35607
35592
31881
35510
35449
31698
935
35364
9454
35373
35341
24132
35321
33311
0
29445
35244
31390
5053
35152
3653
35123
0
1902
30
3292
2571
29895
34929
730
34930
15321
5587
4239
1813
34721
6294
34657
34636
8381
8950
34614
23
34569
34577
34532
34530
8137
34489
10035
34471
24560
1626
5035
7553
27798
2314
32104
842
34302
12050
12917
1883
7128
2269
31019
5129
32079
34252
34231
32374
34198
5574
34190
34193
1919
34155
34126
32243
34097
34075
2
27073
12887
1492
4687
1305
5424
14935
3353
33679
33676
3833
33645
24723
5297
1809
4608
33536
33527
33491
65
1686
33470
33448
1480
33413
15101
33393
33387
16836
15969
33346
33331
188
24569
2943
33255
25277
10533
33204
431
18043
33141
367
33083
20757
33009
32980
21751
1043
15711
24102
32915
21184
32886
32860
956
32797
20
32741
1230
32733
32696
32656
32609
8055
24861
2590
26808
32500
6334
32470
15222
6239
210
32434
32415
22882
22761
9950
32349
9499
32306
30465
32299
16842
32286
21962
5113
32188
32159
30138
439
32124
123
25705
1503
10682
4633
5954
4
31979
8844
31967
604
28002
5687
31923
12520
27637
1851
18867
31861
31866
31862
1539
10806
4948
3522
31704
28350
11717
10236
31633
31622
31600
1034
4458
248
29488
17080
8484
31422
31360
4080
31317
2778
31256
7779
6643
2134
31158
31170
31138
5585
28835
15310
31066
31078
31076
31064
31059
2480
24879
15570
4739
2098
28280
11218
23384
30793
30783
30788
30757
6614
9627
11714
30697
30699
5838
30674
30658
1826
9620
30644
30655
30628
3742
5889
832
764
30519
1004
0
30508
584
5747
6215
30453
30480
30390
30362
42
30355
10994
30343
28502
10292
30304
2949
261
3
15606
4471
16085
30207
19314
437
17390
30112
30091
15361
7285
27593
1380
29941
15313
6337
29819
29826
29821
12295
1722
2913
13754
3359
0
1
29759
825
29701
2547
29674
935
15866
29605
29616
29588
29565
15979
29566
1487
24781
29501
29455
29385
1133
5209
29414
14941
1830
14080
12727
29385
1805
5485
10984
3412
23293
29277
29281
29228
26489
29225
29209
22007
3397
29182
29215
4075
8976
24267
5853
29126
29115
2
29077
3193
3565
5928
2112
8695
28930
28928
8518
13047
28874
28864
28848
14571
28802
28776
28799
28770
1
28728
28726
669
782
17909
28668
863
22
2493
8743
3787
11191
14933
2959
28535
3999
28490
28487
26208
2315
28381
16094
28324
28308
28307
11108
8111
342
8702
12262
22981
28263
28238
24442
3734
3203
1826
28156
16
1591
5574
1862
1530
9208
28074
16968
18999
28075
4526
1367
1294
724
12105
7127
27911
27868
1776
2
36
27829
3232
19858
27640
17755
27628
27598
8438
27597
27611
3171
2695
27544
27558
27536
1188
515
27538
2431
27500
4725
27458
3255
342
27430
15165
27399
27325
1550
21128
18905
27304
27293
12739
1293
444
15911
0
14847
1358
20293
3427
27200
27187
27204
27187
27143
735
6011
27124
27126
27042
27030
4040
27009
26993
26982
5079
907
26962
26968
2088
26942
26898
2525
26920
26914
8238
22477
26897
19106
15904
26903
6715
16993
4714
2062
15466
26831
929
26777
527
26710
19709
5103
6445
21777
7943
10502
8231
259
17388
26598
16
26571
18507
11100
26520
26508
26507
18757
26452
26456
26443
26422
480
26398
4086
23937
3799
0
26320
1982
718
26327
4804
1701
21481
21362
4412
10389
26249
26212
26259
26245
26218
24403
1421
24221
26116
19968
26102
48
26037
26061
1695
15625
23909
23371
8216
6632
25922
25908
25904
16870
25901
3989
6941
12081
25827
25804
18556
72
14266
25744
25756
25741
14104
9997
24011
21813
21061
8882
25652
9031
25649
25624
17095
8481
12134
25532
17475
20240
4365
25501
2324
25472
54
25433
25465
7722
166
11583
25407
11321
25363
10701
4492
4
25351
13501
25304
25315
22994
25229
3693
25204
25204
304
2101
9551
6681
1980
2585
25147
0
25167
8531
396
17035
5
25108
11440
25074
2856
25040
25036
678
25042
880
24944
11077
24895
21979
18454
24889
24893
2434
4034
995
0
18684
9941
24795
24795
1005
18647
8
5032
24720
22604
4745
8066
24699
10175
24651
878
2621
8434
4259
5355
24584
24560
24583
8504
503
11332
22159
24531
24488
19894
6268
14583
24424
24398
18958
24404
8639
6757
24364
1855
19422
24343
24306
5876
24332
24291
1030
24274
1101
151
24236
24205
21384
16345
18703
12140
24131
24133
3317
24075
24059
6783
3786
1657
24003
24009
23998
4492
253
5631
7115
23932
23954
23927
23946
20022
23909
21494
23915
23902
23911
23891
23882
23876
23878
9909
23880
23853
23838
23826
23830
23809
23770
3760
5397
23727
675
23661
23684
3466
23634
962
3920
10814
23594
19909
23534
23539
3747
4918
23527
3425
3519
23513
12746
6290
75
16016
23497
23507
6808
23512
23444
23430
23429
2751
8298
12333
23386
1711
1413
23374
23368
23331
23315
7033
2563
10552
19376
23274
8610
23253
23276
62
23257
4788
20933
3052
53
14242
30
23218
667
23220
20056
23198
2762
20427
23174
23171
5039
23155
23137
8182
23096
3434
23090
23063
14926
2206
23046
7816
23014
2885
2107
700
20998
7702
22910
22897
22909
4114
16602
22884
16420
22889
2327
235
22838
22832
12303
998
1909
14279
13773
9246
6238
22758
10397
19306
22740
22744
18832
19872
12899
9697
22654
82
785
22647
3890
20238
22515
15482
2316
8482
8173
22493
2966
22477
22467
22440
19485
22429
22402
11216
1926
22401
10387
17537
8692
1357
20326
22312
18162
6043
4871
5986
19889
7089
15234
22237
18350
14116
18038
16923
22207
22192
22138
22135
6349
0
22109
7091
22100
19835
1634
22074
19637
1649
2714
22020
20033
21997
21975
21960
21931
11301
3080
14
21873
21904
21891
12753
21850
7574
2680
11659
0
21818
16339
21842
11246
21774
21789
1178
21761
3159
21774
4607
21715
1055
3390
21687
21680
15703
1090
1884
21620
9067
3456
21596
19423
138
21547
2025
2763
21527
19408
1339
10
21442
5024
32
19203
21388
173
0
14609
21377
15053
8718
11489
21288
4493
3342
6773
17298
12829
21205
11360
12047
17981
575
9097
6170
21116
4048
97
4565
21089
21079
2029
17277
9
21028
21020
583
8761
3254
20968
1575
7697
20948
18818
18168
20930
1696
4621
12471
14097
20904
370
15813
12868
12811
20871
20871
20849
20850
4547
428
3293
6771
20690
246
20655
2054
1203
14601
20622
18472
20637
5488
12894
0
2378
6670
20569
102
9713
20530
7407
1021
4361
17862
4676
20445
6981
20460
20422
20427
1157
6682
18669
20379
12283
20370
3916
20352
7594
5875
20323
4511
20336
10180
20324
20324
20271
20284
10998
20267
9542
20229
20217
20196
49
20167
111
8944
5754
694
20143
8197
6074
20100
6994
17074
10127
20082
20064
20061
8766
20047
5991
20032
5009
4711
2265
12270
1163
8833
19919
19931
10082
19895
19899
19885
1711
19843
32
19823
11137
2302
19822
19821
19792
4658
7882
19797
19771
19755
15391
11477
19714
608
6191
19707
4327
2
19675
19625
11020
19656
19652
19654
13360
12106
7584
15476
12881
10900
26
10692
19550
19547
1401
19497
4147
19497
13662
19491
19458
981
17026
4430
10780
17611
19424
19424
19400
6
5029
19354
19376
19345
1
19354
19344
19354
19335
19305
4293
15638
5039
3555
19294
19260
4635
19274
3651
3135
19188
1319
2936
19206
19159
92
2873
17184
19127
0
7345
19134
19143
12791
19117
19100
19101
16772
19061
11037
19043
6276
17153
3294
19022
15486
19018
18991
9665
17000
18945
3030
18936
15233
10155
6889
14951
18878
2725
2543
2491
2427
8432
1439
3439
18855
18832
18820
18827
18836
11249
18797
126
1632
13474
18754
18728
18727
18686
1121
1429
4919
1641
16504
18597
18592
18551
18557
14373
4107
917
8722
18503
9699
8865
2392
6397
1902
18447
15789
18412
18405
18376
18371
133
18363
18369
4
18338
18336
12047
18334
18308
1817
15288
2865
18296
974
5335
18320
18260
18247
18256
18240
6913
4164
12969
18212
18212
15819
260
1217
18177
8874
123
10
2346
16460
88
18148
18145
18181
18131
5079
2201
4777
18125
18101
18121
18112
18091
18089
18089
2925
6111
18067
1293
18023
7439
11383
18014
18019
18021
18023
1521
17955
17976
17974
5916
18
15967
17932
17931
15723
17937
10354
606
110
1581
13256
1275
17864
1613
17849
17869
17838
4918
4589
17833
17833
17828
17830
14192
17797
17802
8434
17782
17788
17791
17802
9911
17762
17774
17732
14280
50
10355
17711
17715
979
7
17694
17683
67
6257
1046
17646
7009
17667
10890
17622
4377
17603
17601
879
1003
17581
17546
17559
8457
4470
17517
17531
17487
11208
17491
17490
17466
17483
11719
14038
17447
11915
17434
17413
12534
17415
17409
8862
1877
3152
11485
17380
17381
17375
3498
17343
17352
17332
17313
3249
1837
17291
17265
17278
17272
17260
17257
17266
17265
3106
5163
15245
12231
17210
12608
4424
17160
13289
17144
11913
4247
9047
17134
9045
17107
17115
3518
125
3414
17067
17035
17026
17033
7784
1884
17030
17014
13955
17017
3567
1241
1028
16978
7798
15143
6382
13847
1948
16922
8336
3299
16905
1947
11852
3010
16889
16861
16876
3736
3863
15101
1386
16819
16814
6676
16792
4310
9449
1858
16782
2230
26
11913
10126
14953
16730
16720
16700
16714
3863
16709
16697
6073
16687
16677
16676
16668
16648
16638
5224
16614
14511
14588
6150
16566
16544
8927
319
1316
16520
16517
2289
928
16463
16451
16449
6285
16411
689
6575
14227
2618
2696
16364
9899
16305
2677
16310
16285
16295
16320
14288
13876
10372
16246
16259
16250
14295
3065
786
16210
16210
16205
1576
16175
16190
14241
5179
4992
7564
16140
16147
16142
16098
16123
2701
5304
16097
16101
702
1673
16126
8907
16075
12976
6879
16070
16059
16086
3296
2691
6673
16024
16034
3542
1553
16031
765
16023
3917
15995
1961
1413
11083
15949
12615
15957
1499
2411
1708
15915
12
11624
1
115
15853
15872
4
15864
555
188
2742
532
2828
7477
15774
2287
15773
15761
15742
4246
2025
15746
15725
15714
15742
5697
4304
15686
966
15681
9608
15662
11160
342
3845
15657
11736
2622
15619
13132
11321
4815
7015
15593
15584
15582
106
15580
1367
604
15524
5
1558
15503
6333
2237
15491
15492
8672
1715
15
15456
5967
1412
15458
9726
15465
15437
15460
15431
15405
2360
839
7218
25
15392
15358
1179
4816
6900
1066
15350
2956
10643
13074
15313
15312
15320
15289
15276
15281
4237
15288
15283
761
10893
6395
15251
6713
759
15223
15209
0
15221
15238
2560
15230
1573
13188
15192
15186
1483
5710
15161
15179
1970
2593
7537
13301
15154
12735
15126
15121
5754
15111
15106
1421
15098
0
15076
15075
15061
1858
6337
2767
2999
15058
15031
2339
15021
15014
6
15006
14998
293
29
14959
14950
14941
14946
14913
14911
14896
1518
14888
14890
11237
532
496
1
14888
5128
4049
14861
11479
6729
14818
856
3594
14809
14813
895
14790
14793
14778
12319
14752
1119
34
3851
14744
4956
1473
14711
4430
14701
14664
1955
2947
5108
14655
14631
14634
5739
10042
10556
10627
3635
14611
76
14606
14602
14567
14573
8277
14568
14581
14578
9013
14559
2947
2437
14559
2773
11193
14550
14556
14556
14535
14547
4078
14551
1661
885
6358
2320
14502
14478
9450
14473
14484
14461
14458
14454
14458
14437
3163
8049
666
2483
14456
2336
14424
704
6038
8
14389
14371
14371
1671
14359
14382
5055
1914
5219
14358
14350
2121
14335
2
4225
14278
14271
14264
14244
14237
8568
6476
14236
5129
14221
3143
14204
5936
8517
1637
14181
6279
14165
14164
14163
14170
5162
11634
8339
14141
14121
14084
1811
9825
14072
5641
14079
14069
14066
1798
10300
14049
649
14021
2359
14000
1692
7334
13982
3700
7943
3915
11740
13964
13962
13949
2678
13945
13942
13957
13923
13921
4760
13921
1612
13902
13901
9533
12139
13876
500
10596
1988
13861
2407
13839
12039
6505
600
13808
13791
13816
898
7582
10397
8902
13768
13739
13764
13755
4607
13758
13756
9100
8793
662
13746
11332
1037
3573
1825
13712
1620
5200
13687
13677
3077
10425
13667
3651
13676
13662
13658
13668
8562
6596
13621
13639
3256
13629
5547
13629
7403
13650
6312
0
13613
1385
1973
2889
13608
1831
9923
2068
9729
13586
1806
11557
8471
13591
65
13579
6373
13555
10443
13547
13546
13540
8058
13527
13547
7386
13476
3322
13483
4579
3684
13483
2192
13454
2992
13462
13448
13468
5607
1063
8612
13448
13428
2060
9748
13426
13413
13406
13397
13404
13398
13407
13394
357
7186
13386
13371
13376
13356
13356
13360
13364
4238
13372
11472
10681
5616
13330
9183
6852
5946
10741
6422
13325
13339
4250
13324
13324
13313
13323
3169
13311
13286
13293
13300
13290
13289
3085
13277
13272
13271
13269
2324
825
962
0
13254
10802
5497
10505
11289
13220
13230
6360
13232
1309
4927
5722
4631
13208
10681
2102
13198
4735
116
13179
1377
13177
770
13165
7049
13144
13167
13169
1307
224
2719
2576
10265
2246
13146
13132
13123
13130
13134
13105
6614
13094
13130
1611
13097
13086
13085
13090
4507
13067
13075
13058
13064
10526
2899
4288
5062
1181
13037
7342
13019
13012
13011
13006
13012
13020
8840
12991
12997
12980
12980
12982
12973
12972
12965
5996
455
12975
1346
3757
12933
10481
12955
1798
6415
3120
678
2856
12872
12891
12884
4905
10408
1540
8626
12878
12876
12865
2292
1491
12868
2091
3567
12849
12855
12851
12819
12811
12798
12808
12787
12777
12800
7146
12795
10554
42
3514
12757
12755
5374
12734
4200
12706
3946
718
6904
12715
2117
12700
12697
12706
12703
12703
3566
12702
3484
12686
1815
4414
12680
12658
12652
1513
12645
12656
12653
12650
12641
12634
4381
5701
12633
12621
4838
12628
12623
12631
1989
241
12609
2771
163
1616
12598
12563
12555
3781
12559
12545
12548
12552
2776
5342
12532
8691
10116
12525
118
12513
6476
12488
647
9948
2774
5816
10365
1484
12456
4405
12448
3518
2579
12436
3138
12418
12421
4730
0
12406
8692
12413
12398
12394
542
464
5549
12366
12353
12357
10633
36
12360
4436
12340
12349
3
4099
12328
3346
12311
12321
2850
12331
4366
12304
3415
12291
1937
4821
12296
4167
2132
557
1485
5322
12265
12253
12242
12255
1408
8654
12231
12234
12220
3174
12225
12204
12207
1987
12200
2269
12198
4863
3847
12206
6553
12186
12177
12163
12184
12170
12193
12136
412
12151
12135
12136
755
12131
12130
7151
2529
12100
12099
12100
12101
12087
234
12083
12084
12092
12067
829
6293
12063
2
12059
12032
12043
12036
12038
12058
5277
12027
1967
3611
12018
2201
11990
11992
11987
11999
241
11974
3317
11971
11964
5641
11980
11955
4374
11976
3509
7282
11949
11955
1707
3878
11921
2240
1775
11927
849
11926
11905
1324
11896
11890
11908
3102
10072
11879
11858
11864
11873
9883
8752
11862
1153
11849
11862
6019
11848
11860
11835
1114
2963
3909
1415
1931
11822
10060
2941
9361
1218
11826
405
11793
9084
11799
11814
11819
11800
1761
7031
11804
11800
698
11783
11771
11773
4049
4024
11778
227
11764
3097
11750
7819
5468
11747
11724
0
4759
11699
8308
0
917
7308
11687
1473
11668
11674
11674
4713
11652
11669
11665
6135
7767
3682
11654
11653
11639
11623
2059
3495
11630
1158
11613
11598
1502
5198
1597
6724
11576
9787
3445
24
11572
11562
11564
11566
9416
5567
11569
1344
5667
11556
11551
1990
3701
11547
9477
3716
11525
816
11540
11536
11547
11514
11540
9777
11530
11520
8626
11506
1563
11483
11489
11485
11479
9793
11500
11483
2303
11478
11486
11463
11462
11472
11462
770
11453
11443
11431
11433
2122
11452
4198
11441
8909
11425
6566
11415
6926
11399
11422
1270
11401
11377
737
11384
11372
11383
11374
7925
11381
11383
11352
2349
8001
7975
11340
2411
11319
2156
11323
11325
9604
5805
11311
11315
11313
3807
531
5551
11311
11280
1352
6763
8493
1780
11261
1664
11299
2357
1713
11286
699
11258
11258
11256
4676
11261
11274
11252
11241
764
11260
2102
11218
5457
11220
11192
7102
11205
11207
1057
11220
11207
11201
11203
11202
321
3374
11186
11186
11166
2964
4831
2765
11165
11161
11155
191
11153
11151
11139
11156
11118
3159
11131
11103
1199
11104
6741
11110
8454
1652
11087
11084
2174
5202
9067
11077
11071
11062
11066
11064
1346
5017
3948
4215
11041
1263
1435
4659
6092
11028
1478
11009
206
11020
10987
10999
11010
2330
7281
1739
5688
2501
2473
201
2198
10973
3320
10950
39
10967
972
10949
860
4102
10934
3409
10954
10944
10950
3762
10920
10919
1061
7656
10872
10909
10900
6314
531
10882
10887
3651
10899
10880
8813
10879
89
6112
10869
1833
5574
10856
5484
3688
10860
10835
10845
10843
634
570
10839
10810
10798
2599
6129
10785
10773
10790
10776
6169
0
10787
10775
10769
10780
10762
10765
6011
10767
10741
13
78
10761
10761
5015
86
10745
10738
4049
2065
10725
10730
10739
876
4812
10708
10711
10696
10687
7626
10700
3321
8004
3405
915
89
5642
2507
3137
6500
6344
2255
734
236
4126
1198
10646
10624
10639
10622
813
2270
1263
2353
8386
10630
0
131
1161
10598
10599
10602
10606
1034
10593
2714
10577
1968
1414
5791
10579
5452
4
10564
7992
10538
10561
10545
10551
10559
10542
10551
1584
4153
2859
10
3916
10530
3473
8593
10508
10508
7824
10484
877
8018
5845
5196
10476
10478
2120
5619
7367
6290
10471
10464
5555
10467
2087
10469
1605
10445
10454
5160
10452
10445
10437
10458
10427
10411
10419
739
10404
10423
10425
84
10413
2227
1228
10390
3459
3664
8657
6221
10374
7626
10367
2869
4228
10346
4590
8292
27
10341
2495
653
10340
8648
8320
3658
10322
10317
2663
10340
10319
4306
10311
10313
5657
1329
354
10308
10313
10293
391
3859
643
10293
10275
10252
1129
2708
10270
10230
2660
3170
10238
10222
952
10222
2444
7701
3809
10206
10216
10221
10210
10225
10205
10209
10205
10210
10194
4658
5154
4229
10177
10182
10178
10160
10171
10161
3726
10166
10147
10147
10147
10151
10139
10139
10142
2980
10137
1284
10117
10104
10113
2185
10110
10116
10119
851
10098
7948
5644
10092
10100
10096
573
10084
10084
540
10079
8
4376
10064
10069
10066
4024
10053
4660
1263
5588
10031
1351
8294
10014
9993
9996
8116
7637
7331
10002
10002
9971
9980
2997
9968
9970
9972
9975
3329
577
1811
1592
9942
8135
11
9920
9937
9933
9926
7403
9939
9927
9931
9915
9902
7869
5862
9900
4292
9898
9868
4151
85
9881
1756
9883
1631
9874
9867
1413
4258
9838
3464
9872
9871
9855
5391
4719
9849
9842
9839
1468
9835
9820
1471
4227
580
9831
9825
9829
7098
9820
9801
9825
9825
9815
953
9791
9794
9795
2114
2760
9778
9778
7803
9780
9769
9769
9765
9769
2878
6910
9735
9735
7501
131
235
9731
9734
3833
6773
2764
9716
4015
9721
9712
9729
6073
9709
9716
7241
4963
9680
9665
3622
9674
6269
9669
1541
9661
9676
9663
9669
9671
9651
9673
9649
9648
9647
9662
3353
9642
4588
9648
9640
9636
2634
9641
9628
9632
3492
4299
3709
1694
6216
9619
1953
2669
4390
9606
9604
9597
1047
878
2951
9581
2130
9569
9576
9562
9565
9564
9573
9555
9558
9551
6778
7288
9554
2
9562
4403
2861
7162
9533
9522
5645
9516
5076
9501
9507
9514
5854
9493
3492
9492
9480
2871
1983
9475
6033
361
9483
3506
9470
5216
9478
9475
9463
9457
9462
1026
9456
9449
9451
9448
9456
9412
9447
9452
9450
9446
5479
9441
9432
506
9435
9422
9425
9405
3
5071
9427
2267
9425
9407
9404
9393
9414
9401
9399
1884
3754
3114
9387
6491
9372
9364
9343
9373
9344
9340
9338
9344
9346
3948
9327
4137
9330
9327
6733
9321
9323
10
9324
1380
9316
9303
9314
5882
586
9307
922
32
3541
566
9288
9293
1254
153
9264
3652
9263
44
9260
7310
9248
9229
9224
9232
2357
662
9237
9229
3310
662
574
336
7428
9217
1460
9210
9191
7449
1611
9211
9222
9203
9188
9195
787
3488
1864
3059
9178
4889
9152
9182
9184
4568
1673
9160
0
9170
9175
642
5245
9177
7353
1860
9149
7359
4451
4875
2804
814
9146
7347
48
7261
9152
1316
4035
9136
9134
9119
9123
9121
9125
9112
2099
9120
2668
9103
9099
55
2879
5395
9086
9080
2293
9085
9070
9067
2986
118
9055
9056
1543
551
2677
9041
9054
9042
9041
2192
9040
1109
4006
2773
4905
9002
2485
9019
9016
9019
9000
8997
6601
6307
1060
8991
8980
9006
2646
8986
8993
3461
8974
626
8968
6519
7212
7169
2011
8961
8943
5952
8947
8942
8945
8931
8948
7049
8901
8916
2230
8924
8898
2878
8925
6760
8913
8910
8907
1402
8902
8907
8907
8896
8885
3776
8896
8879
434
8893
6997
8879
5841
8876
8879
3257
209
5893
8862
8865
985
8875
8875
8872
8881
4077
8872
6817
8869
5510
4007
3021
8841
7151
29
2830
8849
8839
6329
8842
8842
8842
8851
8835
6994
8816
8824
4672
41
3944
4745
4259
8805
1902
8801
8793
2850
8787
8782
8790
0
1463
6953
8760
8780
8777
8774
8777
8769
8779
240
8764
8769
8774
1505
8749
8747
2753
8749
8762
4298
8753
684
3616
8729
5783
1831
8736
2792
8720
2215
8725
3778
8728
8727
8736
8722
4452
8708
4213
8722
4047
43
2245
8696
1
8718
2204
8708
8692
3983
8683
4041
8684
8681
80
8676
8675
1122
8674
8662
8659
2275
5566
8663
8674
5254
884
2973
8647
8644
8649
35
8626
8653
8632
8624
2226
3765
8617
8621
8636
6441
199
8621
5238
4181
851
3582
8587
1418
8602
5567
2023
989
1613
5907
8592
2785
8561
778
8572
8569
8574
8553
8562
8563
6547
8564
3323
8559
3699
5964
8557
8543
11
8560
2849
8541
5270
8525
1410
2046
8528
3073
6844
8530
4254
8526
8519
8506
1250
8521
8517
2841
8508
437
8511
8513
5341
8499
8501
6074
8481
8498
8500
8467
8473
1782
1849
2555
3802
8476
6073
8465
8461
8456
3743
3919
1
8425
8447
8411
8434
8443
8443
5890
4084
8424
8421
8426
8434
8426
1069
3577
0
4197
4029
8377
8398
8385
1093
8393
8383
8386
1190
8378
8355
8385
8381
5164
1630
8374
6085
8365
2695
8358
4480
8374
5744
1636
8350
8349
8360
1648
5866
8347
8343
8333
1035
5466
8343
8326
8323
1617
2991
8330
8315
1909
3016
8303
4277
5442
2394
5761
8289
8300
8286
6121
5819
4865
2943
642
1960
1403
8270
8254
1823
8246
8257
8236
8241
8235
8233
6278
1706
8231
8234
8238
8224
4404
8231
6446
1601
8206
8207
521
22
8187
2171
8182
12
8180
3260
4303
8179
18
8175
8168
2515
8148
1908
8151
8156
8146
8150
5102
8148
8142
2399
8138
8143
8133
8133
5967
4462
1259
8117
3820
6088
0
8094
8091
130
8094
8091
8084
2
59
8085
8095
8072
2979
8076
8091
8073
8065
8058
8062
8061
8070
8047
8063
8069
8049
8045
8057
6122
3085
6179
503
8021
8027
8023
5300
8034
8026
2484
8026
8017
6137
8010
8013
73
8023
4654
5880
2444
2894
8015
7988
7994
7993
1238
1098
5802
7973
7971
7975
2221
4856
6
0
7963
3635
7956
7970
7942
4892
7944
5362
7947
4016
5431
2701
7933
6073
7923
7926
7927
1870
7917
7919
7917
7909
7915
748
7908
7909
7913
7903
7926
7908
7895
2916
7907
7895
1804
1550
7897
7881
1242
2450
7877
7880
1875
3358
1619
7882
7875
3683
7856
7857
132
7855
147
7852
7849
7837
1834
7841
7850
7833
7842
7818
7827
7821
948
7819
7824
482
7831
7838
7819
7
1830
7820
7821
7801
7796
7808
4382
7820
3050
4192
1906
5448
5854
7800
136
7786
7782
7790
7796
7795
7780
241
5183
7783
7770
7770
7779
603
4360
7775
7762
1983
5661
1328
7736
2794
1340
7761
2948
7752
7759
7750
7755
1636
5304
5536
680
7737
1037
1257
1884
2343
7723
7736
2563
5915
1591
2488
7730
7721
4974
5098
1932
7711
7719
5025
7700
5473
7710
134
7699
7694
7698
7693
2472
7687
3895
3904
7665
7685
1428
5711
1888
691
3984
2309
7672
7671
7666
7662
573
7655
7641
7646
1091
2981
7636
7635
7640
7628
7624
7636
7624
7621
1749
7631
2846
7620
7617
7616
266
7616
0
2605
3175
7619
3108
7597
7606
7615
7587
7605
1736
7602
7601
7579
4203
7591
7583
7580
7585
4743
1877
5465
1596
912
7575
7562
3642
7566
7572
5014
7572
7564
7543
5215
4683
3008
7545
868
7537
7548
7535
1032
2878
7539
5597
7529
7534
7539
7513
7526
7521
1981
4027
7512
7517
7519
7505
1897
7524
7507
7462
7513
2134
1884
7504
2876
7484
1230
7487
7475
7490
7487
7468
620
7472
72
7458
7462
7476
7457
7448
7433
7451
4559
7435
5661
7445
4873
7436
7429
7438
7420
7423
7410
1421
5172
3983
7428
7420
4956
597
5693
1030
7390
379
7400
983
5037
3185
7422
7401
7389
7393
201
7396
7383
7365
7371
5415
7390
5356
7375
7380
4723
7363
7365
7372
7359
5
1492
7356
7365
2757
7357
7341
5149
5235
7349
1158
7331
7356
7364
7354
618
5292
7344
4523
873
1173
7327
7332
1947
5345
7320
2423
1861
7342
4230
7315
7313
7316
7315
4349
7298
7301
7285
7292
7293
4733
7282
7274
4572
7292
7295
1571
7289
7286
7273
1598
5425
1220
7272
7259
7265
7269
7260
1543
878
7261
7269
7246
7260
7253
1741
7258
7272
864
7240
5040
7239
5335
3767
7231
258
7233
2130
2976
7232
7234
7228
7222
893
3092
5306
7213
7211
7216
7211
7204
1614
7208
1449
7184
4937
7193
209
7171
7183
7189
7177
1066
7165
4120
7168
7173
7168
7174
3147
7157
2037
7156
7163
7151
7159
7163
1946
7148
7151
7151
7156
7129
4310
7144
5133
7152
1806
7145
3665
7153
7140
7126
7135
7134
7112
7129
7128
7137
7136
2625
7100
4678
7101
1337
7126
7106
7095
7101
7100
7088
7106
3076
7094
1523
7076
7082
7076
7077
7078
7067
3183
4487
7071
7061
7062
1982
1425
3892
7062
7046
7056
7047
7045
7030
7035
58
597
7044
460
7042
7018
4489
1394
7023
4127
7021
7024
7008
1588
7018
7026
1225
2133
5212
2987
7001
3211
5187
7003
6987
6994
6991
6994
6990
6981
5102
2502
7000
6975
6981
6974
6981
2249
597
6976
6978
1492
3474
6976
3014
662
6969
6955
6962
6958
1672
6957
2988
6956
1014
6958
6940
6963
6941
6954
6947
6941
6955
2510
6946
6936
6942
823
6938
6943
6944
6942
6946
6936
6940
597
6938
6929
1111
6919
6927
6918
6917
6918
6918
6916
6902
6904
5123
6910
4749
6901
6903
6902
6901
1338
6891
1150
6881
6890
6878
6884
6881
6874
6883
1262
6867
1609
6869
6863
6861
6862
6876
6876
6868
6865
6853
6856
127
6854
6855
4796
3604
6855
6839
6846
6847
4227
6848
6831
6847
45
6832
6844
677
4086
6836
6832
6827
4925
2506
6821
6829
6817
6818
6823
6816
6815
6802
6808
6781
3969
3741
6794
6793
6796
6782
6794
6779
6788
6801
6783
6771
6771
6769
4055
1598
6759
6762
6756
6763
6760
6751
6757
6751
6760
6743
6744
2841
6739
2175
4845
6734
6745
6754
6738
4461
6745
328
6730
6739
2269
6729
4970
6731
3538
876
6711
6726
3726
4907
4333
6721
6715
6715
6696
6720
6709
6701
6717
6714
2154
6704
4986
4245
6704
6701
6696
6696
6690
1517
2727
6698
6690
6691
6690
6675
6657
6676
4400
6692
6682
6674
6676
410
6679
6670
6664
1790
6655
6660
1227
6648
50
1271
6649
6649
0
2527
6633
2509
6645
6629
6630
6646
2728
1941
6631
6631
6619
6635
6625
4607
6620
6616
17
1750
6613
6597
6598
6598
6585
6577
6617
0
6590
6578
6590
6581
6570
2320
908
6577
6563
6576
6570
1164
6572
2354
6561
6554
2605
6554
6556
6555
6553
6554
6543
909
947
407
6528
6544
6544
2864
6537
6538
6538
6530
6529
6530
6529
6525
6523
3396
6512
6525
6513
6533
6509
6496
6512
6502
6505
6496
6495
6493
965
6472
170
3776
6486
1931
6475
2031
2004
1875
3640
3475
1696
2125
6472
6475
6465
6461
1714
6465
631
6460
6466
6456
6462
6467
6456
6452
2168
6449
6462
6452
4731
1891
2902
1969
2741
6431
6437
4121
6432
6431
6430
6425
6413
6425
6416
2732
6422
6416
6419
6426
6409
6405
2899
6425
6401
6409
1081
6407
6402
6401
6399
6386
6385
1300
6391
3498
6386
6392
6389
6388
6392
1569
6380
6369
6382
6399
6381
6368
4376
3852
6382
4408
6366
6371
6361
6361
4624
1226
6363
6359
6352
6356
6346
6346
6348
6352
6343
1954
6358
6348
2164
6333
1987
6341
3637
6333
6333
3564
3994
6325
6326
6315
4531
6335
6329
6328
6321
3485
6311
6311
6317
6315
1647
2672
6317
6310
3427
6308
2319
18
6301
6300
4234
6290
6296
453
6279
352
6286
6281
615
6283
2662
1711
6274
6289
6276
6276
6282
6264
4336
6253
6260
6255
6248
6248
1640
6258
6258
6243
1326
4356
6251
6241
6240
2113
6237
6221
6234
1736
6221
6226
6235
6215
6225
6216
1
4253
6217
6219
6210
6218
6211
6188
3783
6212
1924
3684
6197
6196
6193
6209
6197
1322
4413
6189
6194
6203
6186
6173
6180
6188
6196
6193
6182
6176
3
6180
6168
6182
4218
6162
6162
6173
6176
6160
6164
6150
2789
2941
6157
6152
6155
2877
4205
6151
2735
6149
6136
6141
6145
2069
6150
6129
1037
6138
4021
2746
6129
1380
6128
6137
6130
6129
6124
3251
6110
4273
6115
1224
1575
6109
6118
4197
1717
1737
1755
6095
6097
6102
3355
6092
6079
6095
6092
3037
6091
6095
6094
6086
6077
6083
980
6090
6081
1336
6073
6063
6066
3227
6071
6062
3016
6063
6059
3493
496
6054
6064
6054
3277
6056
6048
6052
6032
6038
6049
6050
6037
1994
6032
6037
3775
1917
6033
6039
6038
1745
925
6030
3233
6025
6012
1315
1394
3068
3611
6013
6027
5996
6009
5999
6007
6005
5998
5997
6004
5988
5998
5999
5991
5993
5984
5986
1402
5982
4216
2175
5979
5966
1457
5968
5963
5965
2786
5979
4189
2875
5968
1967
913
1571
5961
5954
5963
5952
5950
5951
5945
5950
5940
5937
3395
5940
1075
5930
5927
5938
5916
5921
3228
5930
5938
17
5933
5931
5922
5916
5925
1307
5925
5914
1649
2103
5917
1164
5911
5925
5899
5904
5916
5912
5915
2940
5911
5903
5903
5897
5892
5886
5897
5889
5891
792
5881
5877
5890
5879
3989
5893
1518
5874
2603
3315
1498
5884
5865
5884
5871
5864
5872
5864
1317
5854
2230
5849
5856
5867
5857
5843
5853
5858
5843
5846
5852
2227
5846
5853
5850
441
1732
5843
1265
5847
1543
5839
5840
5840
1198
5844
5834
5833
5827
1656
5814
5835
5828
1243
5823
5818
5825
5816
5802
5815
5814
5813
616
3692
5817
3683
3704
5805
5803
5800
5795
5795
1488
5796
5786
5788
2843
2623
5793
107
5780
5795
5788
5784
1590
5782
5779
168
5786
5785
5787
2826
5772
1962
5774
5776
5782
5776
5766
5776
5784
5751
5767
5770
5772
5770
3431
728
5759
5758
5753
5754
1723
5743
5753
1950
5747
3419
5750
1657
5746
5742
5740
5737
5748
5749
5731
5741
5738
5743
1244
1542
5743
141
5739
5743
5741
5738
5728
5736
5739
5720
5729
5718
5714
1863
3532
5732
5707
5721
5707
5709
5706
5709
5703
5705
3342
5710
5709
5703
2170
958
5708
37
5707
5695
5695
5681
5700
5688
5687
3363
5681
5677
5686
5675
2110
5676
2794
5659
5686
5669
5662
5660
3618
1083
370
3814
5665
5664
5647
1
5648
5654
5660
5649
1
477
3329
2284
12
5644
5638
3631
5638
5641
5632
5635
5643
5627
5634
5628
48
5626
5624
5623
5618
5626
5626
5623
2343
5630
704
5620
5603
5617
5600
5618
5615
1604
5613
5613
5600
3092
5593
5607
5604
3460
5598
5582
5593
5584
5603
2120
5599
5595
5590
2276
2766
5601
206
5569
5579
5589
5585
5575
5570
1700
5565
5580
5589
5580
5551
383
3492
5573
2956
5566
3863
5571
1487
5570
5575
5571
5562
1252
5555
3693
5544
2078
5562
5543
3808
5559
5556
5554
3354
5553
7
5537
5557
5542
2938
5548
5550
2993
982
5529
2617
2206
5544
5541
803
5531
5529
5535
5531
5532
5
5537
5530
5539
653
5531
5535
2263
569
3300
5526
5538
5527
800
5530
5523
5518
5518
1957
5515
5522
5498
5514
5510
5518
1781
5514
4983
5510
5511
5503
1348
5499
5496
5504
5495
3279
1653
5490
5505
5488
5501
515
5492
5499
5482
5479
1464
5489
5490
5476
5474
5478
1544
5471
5460
5475
5467
2710
5459
5458
5465
5458
5459
2471
5460
5460
5457
3432
5454
2935
5442
2453
2804
5437
1244
5444
5446
752
5442
616
5436
5439
5429
5430
5428
5425
3471
5432
5422
3668
5416
5412
5417
5425
5405
2135
5407
3655
5408
1160
3038
1162
5408
5408
5395
5403
5398
1031
758
5401
5401
1532
5397
5390
779
5383
5388
5396
5389
1669
5391
5381
5381
5371
5384
5383
5380
5377
5369
5376
5372
6
5380
1638
5361
5361
5370
5365
5362
5366
5370
5360
2316
5346
5365
2845
1632
5351
5352
494
5349
5351
3226
5343
3638
5335
5332
870
5340
5330
5333
3392
5334
5328
5323
5335
5323
5341
5332
2815
1419
5336
5323
3487
5336
5321
5326
5328
5332
5321
5325
3205
5321
5323
1504
78
5318
5302
5310
5316
5313
2980
5306
1719
5311
5309
5309
5314
1634
5293
92
5305
5293
5302
5302
5292
5300
5296
5309
5301
5289
5286
5291
5276
5290
5276
1529
5286
5284
1262
3183
5277
1653
5267
5280
5248
5263
3201
5259
7
5266
5253
5259
2873
5261
5248
5256
5256
5246
5241
5256
5255
5246
5249
5242
5252
5248
5253
5252
778
5243
5242
5239
906
3176
3385
1444
5236
5239
1163
1550
5230
5226
5228
762
5208
355
5205
5216
5212
2254
5218
5215
948
5202
2261
5191
5190
5200
5197
5194
5206
5195
5195
5187
5190
5183
5173
5189
5181
5187
5179
5175
5182
5173
5168
2690
3153
5169
2781
5175
5173
5180
5157
5168
3346
5165
5166
5167
874
5165
35
5159
5159
5162
5158
2458
1400
5153
5156
5159
5154
5147
5139
2842
5145
5153
5151
5149
5141
5142
5138
5135
3313
5135
5140
5128
2890
5141
5125
5131
5132
5126
5131
5119
5126
1006
5132
2270
5124
5123
5125
5120
5105
5124
5118
5114
5107
5119
5112
5107
5103
3319
5110
5115
5093
5104
5114
1780
5101
5103
5098
2882
2960
5114
5098
5096
3242
5102
5101
5098
5092
5085
5097
5092
5099
3354
5084
5094
5093
5097
5084
5084
5082
5079
5088
486
1590
1104
5080
5073
5071
5071
5071
5066
5066
1061
5063
5063
3192
741
5061
1228
5059
5063
5063
5054
2377
5054
2036
5055
5065
5057
5050
5060
5047
5050
5045
5048
5046
2448
5044
5045
5041
5031
5033
2893
5030
5027
5017
5026
248
5019
5029
5032
5024
5030
406
646
5012
5020
5014
5011
2500
5011
5014
5014
5005
5003
5008
5015
5008
5011
5006
5004
5010
4989
5009
5002
5008
1213
4986
5001
5005
1240
4992
4993
3213
4987
4976
4982
1029
4968
4984
4977
4975
4975
1176
4973
4982
4973
4972
4972
4970
2726
4977
4974
4957
4968
316
4956
3061
4953
1191
4960
4955
4969
4948
4952
2611
4945
4948
4935
4935
4938
412
4943
4922
4934
4929
4935
4933
1367
4924
1641
4930
4919
4934
4924
4916
4929
668
2
4923
4912
1266
2038
4921
4904
2980
4900
4922
4907
4916
4901
4904
4916
1031
4892
4905
4900
4900
1082
1421
4897
4893
0
3068
4887
4893
100
4901
4889
4898
4880
4893
2467
4878
4878
4881
1027
4876
4881
3092
4871
4887
2746
4866
4876
4871
4888
4883
4874
4863
4878
4868
4872
1745
2537
4851
3144
4860
4859
4858
4858
4862
4874
1992
2827
4846
978
1899
4854
4845
4858
2493
17
4847
577
4843
4848
4850
2676
4843
4843
4839
4840
4842
4840
500
4840
4841
4838
4830
4847
4837
4836
4821
1290
4832
837
4830
4832
589
4830
1649
4830
4830
1562
4817
4826
4816
4821
4812
4822
4814
4824
4805
1214
4791
4818
83
318
3058
4803
4794
4799
4799
4798
4792
4798
4787
791
2936
4783
4791
4776
4784
2833
3086
4786
4794
4783
4781
4785
4790
4779
4774
4770
2671
4779
4774
4771
4767
4772
4780
1788
4764
4773
4768
2817
4768
2896
4769
4762
2895
4760
4763
13
4756
4755
2456
4752
4748
3041
4738
4748
4745
4748
2491
4739
4739
4744
4744
4750
4757
4735
4736
4734
4735
4744
4727
4734
4730
4732
4731
4737
4734
4731
4725
4726
4716
4723
4725
4727
4718
4716
4701
4706
4716
3002
4711
4717
251
4716
4718
4716
4704
4709
4709
4718
4705
4708
4708
4697
4700
4703
2824
4699
2881
4697
4690
4702
2924
4694
4
4695
29
1223
4693
4694
4701
4685
4686
4690
4689
2727
4676
4685
4683
4685
4682
4677
4694
2139
2328
4676
4684
4680
1987
4663
4677
4669
4685
4667
4644
4667
4670
4672
4660
4655
4660
4658
4667
4656
4653
4658
4650
4648
4654
4639
4652
4641
1591
4642
1064
4646
4653
4629
4651
4648
4646
4636
4643
4644
4638
4642
4647
4636
4635
4633
4620
4625
4636
4630
2795
4636
4629
4631
4618
4625
382
4619
4622
4622
4613
4623
4622
4617
1374
4621
874
4630
2780
4616
4605
4616
4609
4620
1796
4606
4607
4601
4609
4588
4606
4606
4608
4608
197
4602
1305
4601
4601
4596
2441
4589
4600
4588
4587
2164
4580
4597
4577
4577
4590
4593
4585
4587
4587
4579
4586
4582
4579
4579
4571
4576
4580
4575
4567
4567
4573
4570
4573
1856
4563
4569
4564
4565
2061
4556
4565
4566
4556
4560
4561
4558
2809
2816
4559
4556
424
4557
4560
4561
4555
4554
4560
429
4546
2604
4538
4556
4541
4539
4536
4544
4555
4545
2114
4534
4527
4533
4534
4544
4530
399
4535
4529
2779
4532
4536
4540
4523
1184
2619
4530
911
4520
4522
4541
4530
4518
4523
4513
4523
4529
4524
1186
2790
2696
4515
4512
1249
4505
4507
4502
4495
4513
4490
1949
4503
4505
4503
4495
498
4492
4495
4488
4495
4497
4480
4487
4482
4488
4493
4479
4488
4487
4493
4492
4484
4490
4487
4483
4478
4483
4487
4480
4479
4480
4474
4475
4471
2314
4480
4467
224
4467
4474
4469
4455
4464
4458
4471
2718
4463
4467
4459
2637
4461
4460
4454
42
4456
4459
4452
4451
4451
2408
4453
2221
4461
4451
4445
4453
4444
4452
4447
4441
2360
2706
4446
4444
4446
1764
4439
1333
1817
654
4441
4429
4428
4428
4427
4428
4422
4417
4430
4420
1171
4426
4417
4423
4415
4414
2631
4423
2493
4414
4414
2460
4410
4412
4414
1851
4409
4413
4401
4408
4385
4406
4407
1226
4393
4400
4395
4381
4392
4408
4396
1284
735
4391
4389
1273
4400
4384
4396
4398
4398
4400
2474
106
4389
4386
4382
4386
4386
67
1856
4371
1798
4375
4375
1652
4376
4374
4378
46
4375
4374
4379
4373
1037
4374
4375
323
4376
4375
4370
4371
4375
4364
2204
4358
4367
4371
700
4364
4358
4359
4367
4362
4341
4367
4352
4359
4353
4358
4352
86
4360
4351
4355
4344
4345
4350
4355
4349
4344
1679
4348
4350
4347
2105
4337
4345
422
4345
4344
4341
4347
1370
4338
4344
4338
2458
4340
4337
4330
4337
4333
4324
4335
4334
4330
4323
1229
4329
4319
4326
4320
367
4313
4329
4312
4308
4315
4316
4313
4307
4301
4313
4307
4305
4309
1624
4294
1581
4303
4298
4293
4301
4305
4299
672
4303
4286
886
1416
4273
4279
4300
4283
4287
4288
4281
4293
1858
4287
4283
1615
4284
550
4273
4283
4280
2145
4276
4275
4276
4274
4273
4269
4280
4277
4270
4274
4274
4267
4274
4271
4265
4258
4259
4253
4261
4272
4257
4258
4260
429
567
4265
800
4262
4250
4262
4249
4251
4251
4245
4248
4255
4252
1947
702
4254
3
4243
4249
660
4242
4237
4244
2232
1944
412
4223
1685
4222
4225
4222
4239
4238
4230
4225
4229
4223
4223
1808
4225
4225
4227
4211
4220
4214
4218
1680
4219
4224
4214
4223
4206
4202
4186
4193
4206
4202
4198
1097
4198
4204
4194
2039
4204
4205
4202
4204
4203
781
4198
4200
4191
4190
565
4196
4198
4156
4195
1732
4196
4193
4184
1634
4183
4183
4182
4182
288
4183
4176
80
4170
1995
4172
4173
4178
4180
4168
4168
4169
4165
4163
4167
2431
4169
4157
2027
691
4164
1168
1331
1527
1593
2255
4160
4155
1853
738
630
4162
4155
4151
4151
4149
2379
1450
4141
4149
4147
4141
4146
4138
4150
4145
4139
2270
4139
4136
4139
4144
4143
4147
4129
4141
4128
4131
4131
4128
4133
4140
4123
4130
4125
4120
4122
4126
4125
4138
4126
1485
4126
4118
4125
4127
4124
4117
4115
4101
4121
4115
4110
4119
35
4108
4107
4109
532
4113
4107
1543
4097
4107
4110
4104
4098
4096
4092
4100
4096
4090
4087
4091
4099
4105
4092
4083
4100
4097
4088
4085
4083
4087
4087
4080
4087
4089
4083
4086
4081
434
4077
4080
4078
4069
4077
4076
4074
4072
1424
4066
4068
4076
4074
4075
4059
4068
2129
1657
4070
4069
4070
671
4055
4060
4061
4063
0
4055
4060
4057
4059
2208
1886
4051
4048
2338
4045
4049
4048
150
4046
1062
4048
4045
4033
4043
4048
42
4040
651
4032
4032
4033
2223
4035
3
4028
4028
577
4035
4024
4021
4018
2246
4010
1967
4026
2089
4010
4019
4020
4011
4008
4016
1729
4008
3999
4012
4008
285
4011
4015
4000
1339
4006
3995
1957
4013
4005
4003
2113
3997
1901
3997
4000
3997
4003
4001
4008
461
3998
344
4003
4000
2144
2242
3986
3992
3999
16
3988
3993
3994
1911
3985
575
3985
0
3981
3988
474
3992
3992
3991
3991
3976
3976
3992
3982
3
3988
3983
3976
2030
3983
3972
3980
3981
3981
3977
3970
3
3973
3967
3979
3973
3977
3968
3969
3971
3969
3967
1168
3978
3970
1584
3953
3965
3962
3968
3956
1265
3958
3954
3959
1
3960
3961
3954
3947
2239
3954
1483
3957
3949
3952
3957
3934
3951
3944
3948
3946
3937
3944
3943
3946
3932
2174
3930
3941
3944
3941
2032
3936
3933
3933
1619
3942
1589
2099
1746
3934
2156
3943
3935
3928
3931
1247
3932
3917
1793
1755
3929
3927
3934
3925
3919
1508
3922
3927
3919
3913
3922
3921
1770
3923
3922
3921
3932
3915
1280
3913
2003
3919
3922
3914
3918
3916
3910
3917
3910
3914
3883
2036
960
3918
3909
3907
3911
1505
3902
3904
3910
3908
3901
3903
3908
3905
3890
3902
3898
3898
3897
3890
3901
3888
3893
3903
3888
2194
3897
3892
3894
3893
768
3886
3891
3896
3885
3887
3890
3884
3888
3892
3880
3889
3889
3882
3883
1577
3887
3881
3867
3879
3873
3872
3880
3864
3870
1470
1950
3865
1671
3884
3864
3881
3871
3876
3879
3871
3861
888
3868
3873
3878
65
3870
3867
3869
3861
3858
3862
3859
3860
3865
1968
3863
3864
3864
748
3863
3858
3854
3854
3864
1221
3853
3848
3864
3866
3852
3855
3857
956
3850
3838
3856
3852
3851
1610
3854
1453
3853
1820
3848
3843
3842
3840
2016
3841
3847
3844
3839
3847
3846
3833
3833
3835
2002
3830
3833
3832
3826
3828
3835
3827
6
1779
3831
418
3828
3824
3825
3824
3824
3828
3824
3819
1401
1953
1028
3821
3814
3812
3823
3817
3817
663
3817
3815
3821
2055
3816
1788
3818
3826
1615
3809
3813
1580
1738
3802
73
3791
3807
3807
3810
2579
3815
3805
1580
3814
3812
3798
3804
1731
3808
1006
3795
3797
3803
3800
3789
3805
3807
3793
390
3792
3791
144
3791
3778
3781
3800
3791
3793
3782
3792
3778
266
3786
3778
1893
3782
3775
3785
3778
3770
3776
3776
3783
3782
128
3781
3783
3770
3772
351
3771
3764
3766
1766
3761
3763
1566
3758
3766
565
3756
3757
1528
785
3761
3758
3752
3764
3750
1903
3741
3755
1812
3747
3748
3736
3743
3736
3747
3739
3744
165
3734
3736
3739
3733
3743
3739
3747
3742
3732
3735
3727
3732
3738
3721
1710
3727
3727
3731
3731
1314
3728
3722
1949
3731
3726
3714
3731
3716
3729
3723
3726
3731
3714
3724
3713
1304
3726
3725
3721
1587
3703
3712
3708
1618
3707
3709
3710
3707
3698
3698
3704
3704
3699
1244
3693
3693
1019
3686
3694
3690
3692
3699
3689
3694
1617
3691
1353
1538
3680
3687
3697
1983
3684
3691
3686
3682
3681
554
3680
3682
3682
3651
3676
3672
3674
3672
3684
1939
3675
1766
3678
731
3672
3671
3666
3674
3660
3670
3665
3656
3665
3672
3667
3676
3671
3662
3660
3665
3662
3660
3665
3665
3663
3659
3657
3654
3662
3661
1412
3644
3652
3660
3652
3656
3660
3652
859
3660
3650
3651
3645
426
3651
3644
3645
1319
3647
3655
3634
3648
3648
3646
3647
1667
3635
1539
830
3636
3635
3642
3623
3631
3635
3628
1800
3638
3633
3641
3629
3633
3639
3625
3629
3628
3626
3630
3620
3624
3628
3626
3626
3627
3613
3624
3622
3618
3621
3621
1783
3626
3615
3625
3617
3610
3612
3616
3612
3608
3608
1836
1535
3610
1297
1085
3612
3605
3606
3605
3613
3612
621
3606
3596
3606
3615
3599
3605
3605
3597
3594
3596
3599
1500
1608
3590
3594
3596
3590
467
3592
3590
3591
3595
3589
3588
3578
3591
3584
3588
3585
3580
3579
3582
3583
3578
3576
3582
3576
3581
3578
3578
3579
3577
3577
1316
3572
1598
3572
3571
3569
3569
3563
3569
3567
3563
3566
3576
3563
3565
410
3567
3566
3555
3559
3552
3559
3564
3554
3560
3552
1632
3563
1071
3549
3547
927
3558
1151
3559
3547
3541
3545
3558
3558
3556
3551
3547
3556
3534
3548
1747
3547
3547
3546
3557
3552
3549
1107
3538
3546
3536
5
3542
1672
3547
3529
3543
3523
3548
3536
3541
3535
3541
3533
3533
3534
723
3539
3525
3533
3527
3532
100
3531
3535
3533
3526
1018
3531
3525
3526
3516
3523
1050
372
3522
1641
3521
3525
1064
3516
3522
3518
3521
3515
3504
3509
815
3506
3511
3506
3497
3509
3493
1794
3506
3511
3508
3499
3513
3510
3494
3491
1413
3504
3499
3498
3504
3496
3503
3505
3494
3495
3494
3495
3483
3490
3488
3490
3490
3496
3488
3494
1119
3484
3491
3483
3478
3492
3487
3487
3488
3493
1157
3481
297
3486
3475
3485
3483
3479
3467
257
3478
3476
3476
3478
1475
3474
3475
3474
3472
3470
3472
3475
3474
3469
1735
3472
580
3463
3468
3456
3472
3460
3459
274
3469
3462
3462
3465
3458
3455
3455
3449
3456
3449
3452
3452
3452
3451
1122
3443
3440
3443
3439
3435
3442
3445
3454
3438
3437
3433
3432
1603
3438
3433
3445
3436
3438
3438
3437
3426
3437
3425
3435
15
3433
3436
3433
3430
3421
3431
3433
3417
3431
3413
3428
3424
3425
3426
3422
3420
924
3416
3419
1146
3419
3418
3419
3415
3421
1524
308
224
3425
3419
3417
3417
3417
1591
3416
645
868
3412
3418
3419
3415
3416
3410
3414
3409
3412
3406
3410
3410
3410
3403
3405
3406
3398
3405
3407
1583
588
3408
3397
3409
3402
3405
3397
3399
3399
3403
3401
3393
3391
1392
3398
3398
3385
3389
3396
3390
1366
3386
3387
3388
3390
1617
1222
3389
3376
3390
3391
3385
3379
3377
3378
3384
3382
3386
3375
3382
3385
3362
3377
1318
3374
3374
3375
47
3377
3381
3366
3369
3365
3365
3366
3370
3367
3369
3367
3369
3345
3368
3365
3366
3369
3351
3365
1209
3361
3344
3362
18
3356
3361
3357
3361
3364
3352
3359
3359
3356
3360
3358
3353
3354
3353
874
3342
1540
3347
3349
3350
3353
3345
3346
3347
3346
3346
3350
3352
3341
3344
3347
3347
3351
3341
3341
3342
0
303
3335
3339
3330
3340
3337
3332
3335
3328
3331
1402
3334
3334
3330
3327
3339
3330
3327
3336
3337
3332
3333
3329
3322
3334
765
3322
1431
3323
3322
3325
3328
3327
3327
3321
3325
3323
3328
3315
3319
3322
3319
1011
3310
3314
732
3319
3313
3309
3314
3301
3311
3314
3312
3312
3306
3316
97
3310
3303
873
3303
3315
3300
3291
3307
1115
3287
3294
3297
3307
3297
3293
3302
1548
3299
3284
3294
3282
3299
3283
3282
3290
3297
3281
3283
3292
3292
3281
3291
3286
3286
1068
3291
3290
3289
3283
3292
3294
3289
3284
3290
3285
3276
3290
3281
3278
3275
3283
3274
3283
3274
3277
3285
3280
3279
3274
3276
3267
3279
3272
1393
3270
3261
3277
3273
3267
3263
3277
3271
1454
3267
1115
3265
3256
3263
3258
3262
3264
1438
3261
3253
3257
3260
3260
3259
1243
3254
3251
671
3253
3248
3257
3252
3251
3249
3252
3256
3249
3248
3244
3245
3254
3243
3251
3241
3239
3242
891
3237
3239
3240
3230
1301
3244
3240
3244
3241
3237
3227
3237
3226
3232
3226
3235
3242
3230
3229
1516
3219
3225
3216
3230
3226
3224
3221
3221
1489
3227
3221
3216
3219
3224
3222
3224
3215
3214
3223
3220
1344
3220
3222
3223
554
3207
3216
3208
3207
3195
495
3218
3209
3216
3215
210
3212
3211
116
3198
3205
3212
3213
3207
3207
3204
3204
3208
3197
3204
3198
3198
3200
3196
1423
3195
3191
3195
3197
3195
3186
3195
3195
1167
683
3188
3195
3188
3192
3195
3187
3183
3190
3188
3183
130
3189
471
3189
563
3196
3184
3182
3179
3184
3186
3194
3185
3180
769
3168
3178
3178
3186
3177
3186
3178
3171
1125
3177
3166
786
3171
3161
3162
3170
3183
593
3176
1308
3171
3171
3161
3170
1314
3168
3166
3168
3168
3167
3166
3161
3163
3164
3162
1262
3169
3164
716
3156
3155
3158
3151
3154
3143
3155
3151
3153
3155
871
3148
3152
3147
3154
3152
3144
3159
995
3147
3141
3143
3138
854
1099
3145
3145
3125
3142
3139
3147
3133
3137
3134
3139
3133
3134
3136
3135
3133
1434
3121
3131
3122
3117
3136
3127
3123
3128
3130
3127
3132
3121
900
3123
3116
3122
3126
1109
3123
3123
3118
3117
3120
3125
3122
3123
3123
3129
3115
3117
1186
3118
3117
3118
3121
3121
3124
3113
3111
3107
3109
329
3113
3111
3115
3107
3119
3112
3111
760
3115
3108
767
2753
3107
3116
518
3107
3111
3110
3098
3104
3103
3101
3106
3100
3097
3108
3101
3093
3097
3087
3100
3102
3098
3097
3099
3093
3099
736
3099
3101
3102
3095
3093
3096
3098
3097
3092
3087
3095
1090
3096
3098
3084
3091
3087
3092
3094
3084
1029
3090
3086
3080
3086
3090
656
3087
3089
3084
3084
785
3088
3080
3081
3086
3078
3086
3076
3076
3076
3078
3084
3086
1327
3074
3075
3076
3073
3067
3068
3071
3061
3078
3062
3075
3069
3070
3062
16
3073
3072
3059
3063
3057
3060
3059
3056
3052
3057
1305
3068
3063
3060
922
3063
3054
3062
3047
3053
3049
3055
3055
3059
3060
979
3046
3056
3046
3050
3053
942
3040
3048
3035
3050
3053
3052
3043
3044
3038
3045
3042
3039
3044
3045
3041
3044
3033
3040
3041
3033
3046
3037
11
3038
3036
3033
3037
3035
3032
3037
3028
3034
3030
3034
3033
3035
3030
3031
3029
3030
3030
3017
936
3026
3028
3028
3026
3029
3027
3025
3029
3020
3027
3024
3031
3037
3020
3024
3022
3021
522
3024
1303
3013
3014
3030
3013
3016
3015
3013
7
3014
3008
3010
3015
3011
3013
3012
3008
3012
3009
3003
602
3006
3003
1248
3006
3015
3002
3000
2997
3006
2999
3005
3003
3009
3005
2995
3002
3000
620
3005
3002
2998
3000
2994
2993
2998
2993
2996
3000
835
2995
2992
2999
2987
2990
2993
2987
2984
2986
2991
2993
2987
2988
2990
2976
2990
313
2981
728
2982
2982
2984
2985
2982
2971
2976
2979
2977
2979
2978
2978
2974
2985
2971
2975
2979
2984
2974
2970
2967
2967
2969
2974
2971
548
2964
2969
2964
2976
2961
2964
2970
2960
1093
2965
2957
2956
2966
2962
1031
2965
2965
2949
2954
784
2955
2958
2953
2955
2961
2953
2951
2954
2955
2956
2948
137
2951
2945
2948
2938
2951
2949
2951
2941
2940
2938
2931
2943
2943
2942
2938
438
2935
2936
2938
2941
2944
2943
2938
2944
2937
2939
2932
2940
2937
2933
2934
2933
2927
2931
2928
857
2935
2928
2932
2928
2931
2926
2928
113
2922
2917
2928
2928
2915
2922
2925
216
2925
2916
2922
2908
2911
2919
465
2920
541
2924
2917
2909
2907
2906
709
2915
2911
1012
2910
2904
2907
2902
2909
2916
2894
2912
2911
2897
2911
2901
2900
881
2907
2902
2905
2896
2905
2888
2887
2895
2897
2907
2896
2901
2903
2899
1171
2897
2889
845
2899
2893
2894
2893
2892
2890
2893
2899
2895
2894
2889
2901
2891
2892
2893
2896
2893
2895
2899
1027
2868
2893
2892
1053
2886
2890
2883
2884
2887
2886
2883
2890
2876
2875
2881
2880
2874
2879
2859
2878
2875
601
2881
2878
2879
2879
2873
2886
2871
2874
2866
2869
2871
2865
2874
2874
2876
2872
2869
2865
2861
681
2871
2871
2871
2862
2867
2859
2865
2859
2859
2864
2859
2860
2853
2867
2862
2865
2867
2857
2861
2867
2850
2857
2865
2862
2850
2855
2857
2857
2852
2853
2840
2862
2856
2852
2849
2849
577
2857
2853
2854
2846
2845
2849
2842
2846
2848
2846
2843
2849
2839
907
2842
2839
2844
2842
2836
2839
942
2838
2830
380
2838
2830
2833
2840
2831
2836
2841
2832
2832
2833
2840
2833
2828
2834
2831
2831
2825
2820
1100
2832
2825
2822
963
233
2821
2827
2820
2823
2821
2824
2822
2807
2820
2826
2818
2819
2823
2821
2816
2817
2812
2813
222
640
2817
2808
2820
2810
2804
640
2813
2815
2805
2816
2813
2810
1108
2805
2801
2813
2807
2812
2808
2788
2801
2808
2804
2799
31
2808
2805
2805
2798
2797
2810
2805
2804
2796
2797
2803
2804
2792
723
2802
2802
2799
2795
2797
2798
2793
2792
2793
2796
2794
2794
2789
2796
2782
2786
2790
2790
2787
2791
2789
2788
2790
2792
2790
2775
2787
2783
2787
2785
508
2786
2779
2778
2782
2779
2771
2771
477
2782
2779
2783
2772
2773
2768
2762
2754
2770
2779
2770
2771
2771
1048
2763
2767
2771
2771
2763
2767
2765
2763
2766
2765
2762
2762
2762
2759
2763
2757
2748
2756
2761
2758
2755
2759
2756
2756
2757
2743
2753
2756
2755
2750
2755
2753
2748
2748
2745
2754
2753
2746
2750
2752
2744
2743
2746
2740
2744
2745
2742
2743
2742
2744
2737
2737
2745
2734
716
2747
2742
2732
2740
2745
2743
2738
2738
2739
2741
2735
2743
2727
2727
2735
2736
909
2734
2740
2731
315
2734
2726
2731
2727
2733
2731
2729
2725
2723
2725
890
2727
2728
2723
2717
2719
2724
2725
2720
2721
2726
2727
2724
2723
2724
2721
2716
1012
2718
2715
2715
2713
2721
2709
2716
2714
2712
2712
2709
2713
2713
285
2712
2711
2708
2708
2706
2701
285
847
2711
2706
2703
2706
956
2706
2704
2698
735
2698
2702
2701
2709
2693
2696
2702
2698
2694
2702
2690
2693
2692
2704
2703
2700
2691
2693
2697
2689
435
2689
2693
2696
2693
2683
2695
2688
2694
2691
2692
2689
2689
2684
2688
2686
918
2684
2682
2684
2684
2680
2687
2682
2684
2683
2669
2679
2676
2684
2681
2681
2674
2676
2673
2674
446
2674
2671
81
2676
917
2678
2672
2668
2668
2677
2673
2673
2672
2671
2663
2676
100
2666
2667
2667
2674
2663
2666
2671
2674
2673
2666
2670
2669
2665
2668
2655
2662
2667
2668
688
2664
2664
2660
2660
2666
2659
2662
2658
2658
2654
2657
2659
2654
2659
2651
2653
2655
2652
2654
2653
2649
386
2649
2649
2655
2655
2655
2651
2647
2645
2658
2653
2647
2656
2648
2651
2639
11
462
2646
2648
2641
2640
2640
2645
2639
2637
2644
2645
169
2637
2639
2622
2636
2639
2632
510
873
2638
941
2633
2621
2628
2636
2629
2636
2637
2635
2633
2611
2635
2634
2635
2634
216
2633
2632
2628
2626
2621
2626
2625
2626
2624
2616
2624
2621
2618
2617
2617
2618
2616
2619
2622
2625
2609
2612
2625
2619
2621
2622
2622
2620
2614
2619
2623
2618
2616
2621
2614
2618
2617
2611
2613
2611
2611
2614
2605
2603
2616
2606
2602
2613
2607
2611
2610
2604
2602
2604
2613
2600
2605
2603
2608
2605
2609
2602
2601
2597
2600
2601
2606
2596
2599
2598
2603
2591
2603
2595
2594
2602
2591
2602
2604
2598
2601
2593
2599
2594
646
2597
2597
2598
2598
2593
2594
2594
2593
184
2594
2590
2592
2594
2593
2583
2592
2590
2588
2590
2598
2584
381
2589
2588
2589
2588
2580
2593
430
2585
2573
2581
2585
2578
2583
2581
552
2579
2582
2577
2580
2583
2583
2570
2580
2581
2575
2582
2577
2571
2563
2574
2568
2577
2577
546
2566
2573
2582
2571
2577
2573
2576
2563
2564
2567
2573
2573
2570
626
150
2573
2568
2566
2563
2567
2567
2568
2559
2566
2564
2569
774
736
2569
2547
2563
2558
2569
2560
2554
2561
2556
2562
2563
2555
173
2561
2553
2553
2556
2556
2555
2558
2554
2553
2555
2551
2545
2546
2553
2554
2546
2551
2548
2551
2546
522
2548
2529
2545
2547
2538
2543
2538
2547
2539
2538
2542
2541
34
2539
2540
2543
2542
2539
2539
2533
2527
2531
2535
2542
2535
2539
2542
2542
535
2534
2539
2533
2543
2541
2538
2536
2538
2538
2533
833
2528
2533
2537
2535
2529
2529
2529
2524
2524
2532
2525
2534
2529
2528
828
2523
2530
2530
2525
2524
373
2528
421
2524
2525
2531
2518
2516
2519
2513
2531
2521
2509
2519
2526
2517
2526
2510
2517
2519
2517
2523
2521
2523
629
2518
2520
2515
2520
553
2517
2522
2517
2510
2520
2511
2521
2517
2518
2516
2513
2515
2517
2516
2513
2512
2511
2513
2512
2509
2500
2514
2503
2505
2501
2505
2504
2501
41
2508
2504
679
2496
2492
2501
2498
2496
2497
2497
2497
2503
2496
2495
2495
2492
2499
2499
2496
2493
2497
2493
783
2494
2495
2491
2496
2499
2495
2490
2493
2485
2492
2482
2490
2484
2481
2483
2486
2486
2484
2486
2480
2488
2484
2472
2478
2481
2476
2482
2479
2479
2479
2474
2481
2480
2476
2476
2478
2485
2478
2472
2474
2473
2478
2477
2471
2472
2470
2468
2276
2471
2457
2475
2470
2469
2466
2463
2475
2472
2459
2471
2466
2459
2462
2465
2462
2466
2471
2461
2470
2464
2465
2468
2461
196
2461
2459
2465
2467
2459
2462
2457
2463
2462
2456
2467
2460
2458
2453
2460
2452
2462
2456
2454
2456
2459
2460
2457
2454
2453
2461
2461
2459
2458
2450
2451
2454
2447
2449
265
86
2450
2455
2453
2449
2448
2446
2449
2449
2443
2456
2449
2445
2449
2444
2450
2453
2449
2443
2441
2451
2449
2443
265
2454
2441
2432
2443
2443
2441
2443
2442
2442
2439
2438
2433
2435
2440
2436
2441
2438
453
2433
2434
2437
2434
2432
2437
2428
243
2426
2435
2437
2430
2431
2431
2432
2426
2431
2432
2428
2425
2429
2433
2419
2435
2421
231
2429
2425
2429
241
2425
2422
2424
2416
2418
2428
2426
2423
2417
2421
2419
703
2418
2417
2415
2417
2421
2419
2422
2422
2423
2427
498
2416
2420
2418
2417
2412
296
2419
2413
2412
2418
2417
429
2409
2408
2417
2419
2418
2411
2415
2412
2408
2406
2410
2407
2410
2414
2417
2415
2408
2415
2411
2402
540
2412
2410
2409
2405
2405
2409
2402
2405
2408
586
2405
2406
2409
165
2409
2405
227
2399
2403
2403
2392
2406
2403
2402
2401
2397
2402
2400
2402
2400
2400
2404
2401
2393
2398
2399
369
2394
2391
2389
2392
2403
2398
2392
2400
2396
2398
2396
2395
2399
2384
2396
2383
2392
2396
2390
2395
2383
2387
2385
2386
2383
2391
2385
2387
2384
2380
2387
2391
2389
2383
2388
2383
2383
2382
2384
2383
2383
2384
2382
2384
2377
2379
2380
2375
2379
2380
2377
2384
2371
2380
279
2379
2378
2377
2378
2377
2379
2380
2378
2366
2373
2362
2377
2375
2378
2364
2375
99
2369
2371
2368
2371
2372
462
2372
2373
2359
2371
2365
2367
2371
2368
2371
2371
2368
2368
2363
323
2362
2366
2365
2359
2361
2370
2360
2367
2364
2363
2365
2367
2361
333
2363
2369
423
2359
2366
2356
2355
2341
2361
375
2362
2360
468
2358
2359
591
2362
2357
2359
2356
2355
2358
2357
2359
2355
2362
2357
2364
2361
2357
2349
2353
2354
2349
2353
2352
2346
2358
2347
567
2355
2357
2345
2347
2345
2349
2350
2345
2351
2347
2346
2349
380
2349
2347
2350
2347
2346
2344
2341
2341
2343
2345
2337
2332
2342
2337
2336
2351
2339
2347
2339
2342
2343
2339
2333
2342
2338
2341
2336
2343
2329
2328
2335
2332
2320
494
2334
2331
2332
2333
2328
2328
2331
582
2319
2319
2324
2325
2327
2319
2321
2321
2329
402
2325
2323
2324
2318
2317
2318
2323
2325
2317
2318
2317
2323
2318
2323
2315
2312
2305
2315
2313
2321
2318
2319
2314
2314
2312
2318
2320
2306
2312
2317
2315
2314
2312
2313
2310
2308
2310
2311
2311
2313
2314
2311
2306
2308
2308
2303
2311
2303
2306
2303
2305
2306
2305
2307
2302
2297
2306
2296
2292
2302
2299
128
2299
2304
2303
2304
2294
2295
2288
2298
2296
2300
2289
2294
2291
210
2295
2293
2298
2297
2290
2296
2291
2290
2292
2295
2285
2288
2284
2289
2294
2289
2291
2285
2290
2285
2288
2292
2286
2288
2285
2278
2285
2278
2283
2280
2279
2280
2276
378
122
2289
2281
2273
2274
2281
2283
2274
2270
2283
2276
2273
2276
2277
2278
2274
2273
2267
2277
2281
2272
2277
2278
2276
125
2267
2268
2268
2269
2266
2272
2263
2274
543
2271
2275
2267
2269
2268
2268
2264
2266
2270
2270
2269
2268
2269
2268
2262
2264
2266
2266
2268
2254
2266
2264
2260
2262
2259
2266
2267
2262
2255
2256
2259
2254
2258
2261
2260
2256
2253
2261
2261
2258
2261
2254
2249
2255
2259
2255
2257
2260
2251
2244
2255
2255
2254
2257
2255
2263
2252
2249
2246
2247
2249
2251
2254
492
2249
2247
2251
2251
2253
2248
2249
2246
2244
2243
2243
2244
2242
2246
2241
2245
2243
2247
2240
2244
2240
2244
2240
2242
2228
2239
2239
2239
2240
2238
2245
2235
2239
2239
514
2237
2235
2238
2237
2235
2239
2232
2225
1363
2235
2231
2241
2236
2237
2230
2238
2224
2237
2233
2232
2232
2228
2235
2236
2235
2224
2229
2226
2228
2227
2232
2228
2226
2226
2232
2228
2226
2226
2229
2226
2231
2232
2229
409
2220
2231
2218
2225
2225
2224
2216
2224
2229
2228
2223
2220
2219
2221
2225
2213
2224
2224
2224
2224
2209
2218
2216
2221
2217
2216
2214
2218
2218
2217
2220
2221
2218
2212
2218
2215
2219
2211
2216
2217
2213
2207
2212
2215
2219
2216
2212
2216
2217
2216
124
2212
2209
2212
31
2212
2214
2212
2208
2210
2206
2207
2207
2201
2214
2199
2208
2210
2210
2206
16
2207
2211
2209
2208
2211
409
2211
2206
2209
2203
2197
2205
2203
2205
2207
2202
2206
2200
2199
2202
2194
2204
2207
2201
2203
2198
2207
2201
2193
2196
2199
2197
2198
2195
2190
2197
2193
2193
2191
2192
2185
2196
2193
2190
2188
372
2191
2193
2187
2193
478
2193
2186
2195
2198
2190
2190
2182
49
2192
2192
2196
2189
2182
2186
2186
2192
2186
2184
2187
2183
2186
2186
2195
2188
2189
2178
2188
2180
2188
2189
2184
2175
2189
2182
2187
2187
2185
2185
2175
2181
2185
2168
151
2169
2180
2177
2179
2171
2175
2171
2173
2174
2176
2183
2180
2179
2172
2176
2182
2182
2174
2175
2177
2179
2174
2167
2177
2171
2166
2166
2176
2175
2168
2170
2163
2167
2162
2169
2168
2167
2164
2165
2163
2165
2165
2163
2167
2168
2161
2159
2159
2165
2158
2160
463
2157
2163
2161
2162
2152
2159
2159
2161
2162
2158
2156
2154
2163
2155
2159
2148
2159
2160
2155
2161
2157
2158
2158
339
2157
2158
2158
2152
2151
2157
2154
2147
2153
2151
2152
2155
2152
2157
2156
2147
2138
2150
2153
2159
2155
2154
2145
2144
2147
2154
2153
2146
2147
2155
2154
2142
2147
2143
2150
2152
2146
2147
2145
2143
2148
2145
2148
2145
2147
2149
2149
2149
2152
2148
2147
2143
2147
2152
2146
2139
258
2137
2141
2141
2138
2144
2140
2138
2135
2139
2139
2143
2138
2134
2131
2139
2130
2140
2137
2137
2137
2131
2141
2129
2134
2139
2135
2134
2131
2122
2134
2120
2130
2129
2125
2130
2128
2124
2128
2121
2121
2129
2128
2130
2131
2118
2127
2122
2131
2126
2124
2124
2123
2122
2129
2120
2125
2127
2125
371
2123
2125
2115
2121
2122
2121
2123
2118
2120
2123
2107
2126
2114
2119
2113
41
39
2118
2118
2117
2116
2117
2116
2118
2115
2113
2115
357
2112
2114
2107
2112
2119
2110
2108
2112
2115
2111
2110
2107
2110
2111
2109
2115
2107
2112
2109
2108
2117
2105
2103
2109
2105
2108
2104
2112
2104
2113
2113
2110
2107
2108
2108
2106
2110
2105
2109
2107
2104
2096
2102
2100
39
2107
2099
2107
2100
2096
2101
2098
2101
2097
2097
2100
2098
2099
2092
2095
2101
2093
2094
2096
2090
2097
2098
132
2088
2089
2095
2096
2096
2093
2092
195
2090
2085
2094
2092
2093
2093
2092
2088
2091
2084
2087
2087
2089
2088
2085
2090
2086
2082
2089
2085
2086
2090
2085
2081
2084
2091
2092
2088
2088
2086
2080
2080
2083
2083
2083
2078
2082
2084
2081
2082
2078
2082
2080
2080
2076
2080
2081
2079
2078
2080
2077
2077
2081
2079
2078
2079
2072
2081
2076
2078
2081
2071
2072
2076
2075
2067
2066
2076
2070
2075
2072
2068
2073
2077
2070
2074
2073
2071
2075
2067
2077
2072
2066
2073
2071
2073
2072
2065
2061
2067
2058
2067
2065
2068
2063
2062
2065
2062
2061
2060
2060
2063
2066
2060
2051
2064
2060
2066
2056
2060
2054
2052
2057
2065
2053
2055
2055
2053
2046
2055
2054
2057
2047
2058
2059
2055
2061
2050
2050
2060
2053
2050
2048
2051
2048
2052
2052
2045
2050
2054
2040
2047
2049
247
2046
2043
2047
2048
2045
2048
2043
2046
30
2042
2047
2046
2041
2052
2038
2051
2053
2043
2040
2042
2046
2051
2045
2041
2039
2041
2034
2041
2045
2033
2039
2040
2043
2036
2039
2035
2038
2035
2033
2037
2036
2034
2032
2039
2037
2030
2037
2030
2029
2033
2026
2029
2031
2033
2032
2027
2032
2030
2032
2029
2029
2029
2031
2027
2030
2027
2027
2024
2020
2029
2029
2029
2026
2028
2027
2026
2019
2028
2024
2030
2024
2026
2023
235
2032
2028
2026
2026
2025
2020
2018
2017
2022
2024
2016
2014
2021
2020
2023
2026
2018
2021
2022
2013
2023
2024
2017
2019
2018
2018
2016
2018
2019
2013
2022
2016
2020
2017
2019
2014
2014
2016
2019
2016
2011
2011
2012
2006
2013
2012
2011
2013
2016
2011
2015
2008
2012
2018
2006
2011
2006
2009
2011
2008
2014
2014
2011
2010
2001
2012
2009
2004
2005
2006
2009
2004
2002
2007
2007
2006
1999
2010
2000
2005
2004
2007
2001
2002
2004
2003
2002
1997
2000
2001
2002
2001
2003
2007
2003
2001
1997
1999
1999
1985
1997
1995
2001
1990
1998
1997
1998
1991
1992
1987
1997
1987
1995
1997
1995
1992
1997
1995
1991
1990
1988
1981
1998
1990
1986
1993
1987
1994
1985
1994
1987
1992
1990
1990
1983
1991
1990
1986
1987
1990
1985
1986
1985
1988
1987
1983
1980
1988
1983
1986
1986
1977
1984
1983
1986
1984
1981
1978
1979
1983
1977
1981
1975
1971
1981
1968
1975
1976
1978
1979
1976
1981
1982
1986
1985
1968
1981
1976
1970
1975
1977
1973
1976
125
1970
1972
1974
1969
1976
1977
1973
1971
1974
1966
1976
1968
1970
1973
1967
1973
1963
1967
1970
1972
1968
1973
1961
1963
1967
1970
1968
1962
1959
1963
177
1964
1963
1964
1963
0
1958
1965
1952
1964
1951
1961
1953
1962
1961
1954
1958
1955
1958
1948
1956
1955
1962
1957
1954
1958
1954
1956
1958
218
1953
1958
1952
1957
1957
1959
1955
1948
1952
1962
1947
1957
1951
1950
1957
1948
1947
1949
1948
1959
1948
1959
1949
1955
1948
1957
1946
1953
1941
1949
1952
1946
1950
1942
1949
1948
1941
1942
1944
1942
1945
1941
1943
1941
1947
1939
1944
1942
1944
1922
1942
1942
1942
1930
1938
1938
1939
1937
1939
1941
1940
1934
1936
1939
1943
1934
1939
1940
188
1944
1937
1939
1938
1933
1932
1933
1922
1932
1929
1934
1933
1932
1928
1935
1936
1932
1930
1923
1929
1928
1933
1928
1933
1927
1929
1926
1927
1936
1929
1926
1925
1937
1929
1923
1927
1934
1925
1926
1921
1932
1929
1923
1930
1927
1930
1927
1933
1927
1914
1929
1928
1920
1928
1928
1927
1923
1924
1927
1923
1927
1931
1926
1925
1925
1923
1921
1928
1930
1929
1924
1922
1928
1923
1922
1915
1917
1921
1916
1919
1919
1913
1918
1915
1907
1915
1917
1921
1920
1916
1916
1918
1920
1921
1915
1917
1909
1913
1917
1914
1919
1917
1911
1918
1910
1912
1918
1912
1913
1910
1912
1917
1910
1915
1907
1910
1913
114
1906
1909
1906
1913
1901
1908
1907
1909
1908
1901
1908
1909
1902
1911
1902
1901
1902
1909
1899
1912
1904
1909
1902
1908
1896
1897
1901
1905
1901
1906
1904
1903
1901
1898
1904
1904
1898
1902
1900
1901
1899
1903
1895
1900
1899
1896
1895
1893
1901
1900
1898
1894
1891
1900
1902
1896
186
1895
1895
1904
1896
1893
1889
1891
1893
1896
1899
1897
1897
1896
1894
1881
1893
1896
1891
1890
1897
1889
1891
1891
1894
1893
1891
1887
1895
1890
1892
1896
1895
1894
1885
1887
1892
1881
1890
1891
1891
1889
1892
1888
1890
1892
1889
1886
1882
1885
1887
1886
1883
1884
1886
1884
1891
1880
1885
1888
1880
1884
1882
1888
1876
1881
1879
1878
1880
1879
1871
1870
1879
1880
1876
1878
1870
1877
1873
1876
1875
1878
1880
1878
1872
1873
1877
1876
1876
1873
1875
1872
1871
1872
1869
1867
1872
1870
1872
1869
1866
1873
1874
1867
1869
1869
1868
1869
1872
1870
1866
1871
1860
1861
1866
1857
1865
1874
1866
1867
1865
1865
1868
1868
1861
1869
1858
1867
1858
1861
1864
1870
1858
1865
1855
1862
1860
31
1867
1863
1859
1861
1855
1859
1857
1853
1864
1863
1852
1860
1859
1857
1851
69
1854
1862
1861
1852
1860
1855
1860
1854
1858
1862
1860
1854
1859
1852
1854
1854
1855
1861
1859
1850
1857
1856
1855
1853
1856
1853
1855
1856
1849
1849
1844
1842
1854
1854
1852
1850
1855
1851
1855
1853
1850
1850
1850
1853
1847
1850
1846
1845
1849
1852
1846
1846
1844
1846
1846
1848
1845
1843
1843
1850
1844
1844
1842
1844
1848
1842
1844
1845
1841
1839
1842
1844
1845
1838
1842
1842
1844
1844
1842
1839
1840
1833
1843
1837
1838
1844
1840
1830
1834
1839
1832
1835
1843
1840
1837
1842
1839
1831
1830
1833
1839
1839
1835
1834
1837
1836
1832
1833
1833
1839
1836
1834
1833
1835
1833
1832
1837
1837
1833
1832
1828
1827
1831
1833
1832
1828
1829
1830
1826
1831
1834
1829
1830
1827
1820
1834
1828
1826
1831
1825
1828
1824
1832
1826
1823
1827
1822
1821
1824
1830
1828
1823
1823
1824
1822
1825
1821
1824
1823
1824
1824
1828
1824
1819
1827
1821
1828
1822
1813
1818
1809
1818
1822
1811
1817
1819
1818
1823
1814
1816
1813
1823
1815
1818
1811
1819
1809
1820
1810
1813
1808
1812
1811
1810
1819
1812
1799
1817
1813
1818
1811
1809
1809
1809
1814
1809
1811
1811
1808
1814
1809
1806
1811
1809
1804
1810
1810
1807
1804
1812
1807
1801
1801
1811
1807
1808
1804
1805
1798
1808
1809
1806
1810
1808
1805
1805
1809
1806
1808
1802
1801
1805
1800
1800
1791
1805
1801
1798
1801
1804
1797
1803
1802
1800
1798
1799
1801
1796
1796
1796
1799
1791
1794
1792
1789
1783
1793
1794
1797
1791
1791
1791
1789
1791
1794
1797
1796
1792
1795
1796
1794
1795
1791
1795
1790
1792
1786
1790
1796
1794
1791
1795
1791
1786
1788
1788
1783
1786
1793
1786
1789
1784
1786
1785
1788
1787
1787
1785
1790
1783
1782
1775
1780
1787
1782
1785
1786
1785
1781
1784
1783
1782
1785
1782
1776
1780
1783
1778
1782
1772
1779
1774
1783
1780
1783
1780
1774
1774
1778
1779
1773
1778
1782
1776
1782
1775
1772
1781
1780
1774
1778
1777
1768
1773
1773
1774
1776
1777
1774
1762
1776
1777
1769
1775
1774
1770
1778
1776
1760
1774
1774
1770
1770
1764
1767
1768
1767
1773
1773
1774
1771
1766
1769
1769
1767
1766
1769
1769
1766
1765
1768
1768
1764
1767
1766
1763
1770
1762
1764
1762
1766
1763
1768
1762
1766
1766
1758
1758
1758
1758
1762
1766
1764
1759
1761
1760
1761
1764
1760
1759
1760
1761
1760
1769
1760
1762
1760
1751
1761
1762
1755
1757
1754
1753
1758
1761
1757
1764
1756
1758
1753
1760
1760
1756
1754
1756
1752
1753
1756
1758
1751
1753
1759
1751
1753
1753
1753
1755
1758
1748
1751
1751
1739
1756
1749
1754
1746
1748
1745
1752
1757
1749
1754
1748
1747
1748
1756
1757
1748
1752
1748
1748
1748
1750
1751
1754
1745
1747
1745
1749
1744
1753
1751
1748
1749
1744
1732
1745
1744
1745
1740
1742
1751
1745
1743
1738
1744
1742
1745
1739
1740
1735
1737
1744
1736
1742
1737
1741
1738
1743
1741
1744
1741
1739
1740
1741
1735
1738
1738
1735
1740
1739
1742
1728
1742
1740
1730
1740
1736
1739
1739
1733
1737
1740
1735
1724
1735
1734
1738
1731
1730
1738
1728
1729
1733
1734
1731
1729
1731
1726
1730
1730
1732
1734
1732
1731
1727
1727
1732
1732
1732
1731
1733
1736
1734
1727
1728
1719
1731
1731
1731
1727
1734
1730
1726
1728
1726
1723
1730
1727
1729
1727
1731
1722
1730
1724
1730
1724
1725
1720
1729
1719
1723
1725
1719
1727
1725
1720
1725
1720
1718
1728
1723
1721
0
1724
1722
1722
1722
1720
1717
1725
1719
1719
1721
1718
1721
1722
1718
1718
1718
1716
1716
1719
1718
1719
1715
1721
1716
1717
1719
1719
1716
1718
1717
1717
1713
1719
1712
1716
1711
1714
1715
1719
1713
1713
1713
1708
1712
1712
1714
1718
1708
1714
1706
1712
1713
1712
1707
1704
1711
1708
1709
1707
1707
1702
1703
1708
1703
1701
1704
1708
1707
1700
1709
1709
1713
1708
1705
1702
1698
1708
1700
1708
1706
1698
1702
1701
1703
1698
1704
1701
1708
1706
1702
1699
1702
1703
1703
1705
1700
1697
1701
1706
1697
1704
1701
1696
1696
1700
1703
1691
1691
1695
1696
1699
1697
1692
1692
1693
1694
1700
1692
1691
1691
1698
1699
1692
1696
1691
1698
