1551876174
2871295
2871295
0
5963
1583644
161981
1
19
10
16066
3488
3354
69
159
32576932
6341
1579
275
2970
3862
1707
7309
536
1536
246
265
252
583
40402
4761
40
120398
2589
15935
6439
6420
2578
5166
2951
4037
1088
3476
665
6759
5755
1414
1264
6987
548
4304
11992
5733
309
1250
2873
10052
729
4576
23045
9768
5209
4452
22384
966
14453
6159
10611
218
5592
12361
4254
9344
20856
5747
2188
13504
9399
10668
13882
1164
5455
1799
18308
5472
396
456722
879320
31625502
1209
1209
144
143
214613
6521
3178
10234
1431
26850
395005
137090
418731
118696
16019
6070
18521
1505
4257
2932
6216
6670
12351
10241
29046
4643
271
57306
134
159657
521
2297
3221
2173
4441
178036
9488
11762
23578
531
15644
1585
5095
39370
955
1086
1540
11770
50342
12885
8112
1688
276
290578
2718
4840
86376
93705
16262
221
1303054
5337
4692
43613
15140
36781
1650
44368
1597
13180
11359
10895
13850
1567
341
21661
507
5587
1479
407
316
28677
9851
145325
3669
74
7268
1544
393
2459
635
3793
258767
858
3159
1573697
2021
14463
5871
7787
8115
63708
1271
56656
900
23905
3250
7377
8103
3921
88
14717
2590
706
1703
2587
862
6743
1332
5957
277271
12626
1837
15560
26884
2766
408
8984
453
4501
16227
1377
2
736671
15807
16541
61358
6491
424
17218
6549
4245
1740
17785
535918
14854
220
5191
39233
227
718
1993
2776
765
151
15111
1957
187
430
637
10285
4244
7942
2513
1381
487
186
11586
42089
6151
29319
2879
310
499
43546
2500
33634
2585
3650
4713
29571
497
1
635
196787
30728
890
6214
27469
2303
136
228
391
3407
120
379
46237
123288
3306
217
150
135
11795
19
2120
2074
9778
659
58071
43978
32887
4826
649
6745
182
926
26849
27444
4276
3766
4849
1
4786
2292
17545
1123
710
15934
12770
1011
6394
19734
211
1204
28567
176
745
73395
9816
49487
4993
1578
2691
562
3048
31958
25065
2185
893
39102
10336
592
1940
6428
16130
291
3306
4555
702
3484
16170
3685
3264
9239
2049
7056
2696
2885
120250
16002
2001
28606
37742
36416
16858
15432
120
14120
6790
786
1192
460
4597
26276
61600
6827
186725
10934
4267
95
816
14329
7258
5226
3481
932
96863
23002
417
2457
11156
800
26699
3445
10722
3459
34084
1777
1928
3184
27739
1589
1634
66313
3903
455
417
257
4432
4987
6194
2367
338
447
269
1681
1651
8163
293
2729
774
46249
4444
6439
2543
377
547
499
91
8479
8718
910
210
11432
1080
10150
4221
3528
8653
3816
1173
2820
10359
23995
1735
5211
3
4972
25575
3539
526
1462
5045
12534
123
5562
123307
559
12762
1150
1097
568
3118
221
799
5897
1662
55
13765
12699
4028
974
696
26
345663
4140
322457
2977
7752
4135
18041
10897
52261
180
34787
21455
38873
149
8791
22975
8539
1746
32949
48547
65505
2132
0
4172
39638
22940
6087
8270
8261
13723
745
2399
4271
99
2323
257598
13067
21952
16925
2068
13392
18475
190864
5566
214716
11586
514804
205
5695
810
2177
4152
368664
0
8851
108629
605
4874
1652
19219
11962
65934
19966
9061
21997
5888
25521
9795
4149
1191
24736
1024
55388
16114
1539
15565
430
3023
744
11043
6275
41
96
1
1104616
898
2008
1683
582
132
2192
740
898
6612
556
41023
23
1144
519
2195
2603
1980
15711
243
150388
4505
18184
23
3192
1334
562
3363
517
3953
49
1561
57620
4381
14199
35851
27
1618
876
683
993
0
2434
153
31299
599
2988
4430
4043
103231
2
164
195
3589
4148
202
1610
35400
7099
0
2215
20609
328
232
3427
7159
9582
50891
3307
129
0
5967
21072
0
9596
451
289
1084
242
293
127895
308
19564
227
152
492
1229
1825
7346
1527
356
2082
194
29737
955
240
30051
448
2447
637
7473
20578
621
100
142
639
1198
0
251
234
140
12499
767
218
132
12584
73830
14832
10376
11549
18396
1
10042
3564
7744
12589
19152
15698
10694
3256
813549
248763
28135
7
956
1097
47
700
35484
50837
13023
51675
4155
631
340
186
5197
4075
2243
40
282
1418
7
17556
386
33
5032
342
3280
15765
4710
2568
618
16502
5910
62598
847
3198
8439
896
2729
62793
106
6393
5931
1691
269
229
17775
3598
302
1515
1383
3
5433
8642
73295
8508
10335
33999
6591
6890
3965
38
31642
80699
22976
12455
398927
53949
144744
14540
627
13936
79510
112
1291
5339
4043
32398
1474
642
3223
4663
4008
623
3630
5000
14305
2586
8149
9295
1763
359
1513545
203762
23835
4923
1792
967
2
363
3997
285
896
1117
5132
2061
1132
5883
304
380
2106
385
1577
218
380
352
2337
2180
9471
2883
1921
1414
973
18232
101
824
1686
1521
3973
0
326
123
65
7383
0
229
3594
60805
6497
203
12210
13499
5576
146
1648
1261
19910
1866
2033
1231
899484
372
2014
11192
38685
40395
1101
2153
1
20513
694
9322
7713
1726
533
10934
1941
13956
2017
6782
2547
121663
12538
16927
1994
662
2526
16540
14712
7913
164
1659
371
274
406
3926
230530
29
8661
8820
298
7328
20491
104801
3434
304276
11821
32580
9711
2834
513
9483
230
0
392839
0
840
3532
14342
8770
1877
1104
5638
981
4209
2761
68
0
22666
272
1656
2087
16712
2083
185
356
53849
163
0
8031
240
2914
572
7244
1650
321
3684
138
543
1022
134
267
2914
3133
18
126
1748
413
1472
880
793
197
880
31388
13552
10321
2159
9591
305
3813
238
4800
18837
697
4382
5860
1114
61650
1071
14041
9716
2391
231
6494
2327
1007
0
0
539
110962
2528
35742
193
10757
8803
6643
3703
33953
22015
25479
740008
2629
738
2356
2179
3643
977
148
20
43150
4251
1822
8927
9243
18252
306
102
1770
2646
7971
19409
933
372
211
478
3427
5634
14655
98950
5906
648
35196
2000
3694
18094
9086
10725
3227
25707
3425
2752
124
4684
16819
33384
30669
7071
247067
8098
9
10444
8977
6331
462
14982
100
955
1576
41869
5310
4639
17174
273384
1667
2135
1594
1795
135389
1667
465
6702
18145
19398
1887
69901
9637
11
3566
2772
7880
14911
1353
2584
3945
161
67864
16909
6944
5906
3137
132
97
2407
9098
1992
363
12853
125
7839
11116
297
5462
1010
9386
501
4686
1907
1801
0
3
492
2540
10812
1081
4094
3290
61
17692
1792
132
2943
2043
113
130
362
78
3226
437
3576
28391
1311
244
3294
14447
20423
2666
0
1055
534
113
549
5564
4
0
2503
0
291137
8826
163
314
2006
2923
20553
589
17228
888
34
2583
8998
2585
1444
266
110
22365
66
6
2383
267
0
180
3133
0
7350
24
13402
4541
13287
48714
573287
905
88485
5842
2342
25232
34706
5002
5491
50266
2275
16179
333
104408
34014
3695
8052
88120
62134
11976
1841
4616
5289
671
3409
10029
8215
1027
1555
2697
1440
14254
1199
71004
5386
6673
343
473372
1162
35499
7476
2390
6599
13159
1464
9554
8133
7816
11405
1448
3110
22944
5020
2328
263
6234
940
2465
2274
3655
5312
9
99850
473
37588
5536
3360
3623
8261
9302
2
6330
576
1832
170
14045
1282
2032
2924
9
5
567
1
524
4246
8576
104
662
90761
6015
15939
20280
20996
4324
35428
5798
3508
3036
10409
10112
2208
492
252
1893
3484
2946
4447
375
8436
150
13408
943
6506
1430
3102
10288
22063
846
2531
3922
3019
232
278
3823
428
974
45637
12287
422
3819
16641
548
9
654
9350
22567
3140
80107
1219
3448
274
1561
1280
13795
1651
15641
10789
8687
591
98
1918
4164
461
1177
2082
3628
1106
171
3140
9400
5378
2300
25581
9285
577
3542
9567
15089
9291
14966
41354
135
5866
916
21197
2225
5044
15896
12317
19952
185
618
8623
188
359
1189
143
210
1461
2
266
288
36363
379
2850
210
24988
16245
8113
3057
66768
388
2053
4513
1511
4877
35150
46146
3168
11806
24462
1685
2874
38640
11580
10987
1037
7329
4639
2
2606
4581
2584
195
923
154
93
16772
43193
185622
21208
9416
29140
5701
2235
2749
5924
28229
24521
17725
874
46094
88
20797
301
762113
2625
558
588
22
12823
705
5993
334
13666
682
1221
1736
369176
164
2850
3720
11579
462
2070
10335
498
17157
3555
2
1179
1801
7319
4121
5402
241
546
4589
16567
1888
206
6388
1673
86296
1724
3337
2981
70776
5394
315115
197
15197
1897
12679
24614
5496
17985
3908
4527
270383
3606
4557
3371
14868
35081
5182
6411
3793
14368
6123
2854
8361
4401
641
3683
1936
34902
328469
14970
11916
15587
16819
5792
2164
203
3829
8789
16965
11391
1859
26982
91
5363
23598
2751
8623
2186
1855
4328
80
7034
1415
2281
150
1852
10
22
4943
1233
10441
1840
163242
206
51
574
1962
3756
8594
9314
542
30659
21131
371
2599
209
2042
6528
10187
2595
2509
21178
2637
334
23007
238
9129
22725
796
13263
138
2325
41
5464
321
410
1429
4603
18610
964
2461
3991
3079
21163
6718
874
307
105
794
874
446
16614
100
0
0
241
796
166
325
9564
2365
631
617
0
2991
989
3528
4272
2666
3
345
14851
2684
4611
599
5194
515
6315
282
4402
35311
8503
42172
16563
17080
876
2025
1055
15819
168
1140
100
270
6477
942
13821
219
5830
33805
8817
107037
3001
149
14454
1009
7698
4671
144
42802
735
178
194313
578
329
8718
14073
282
5157
930
1845
4230
3326
54396
9015
2330
3444
772
16171
1270
22160
1523
566
23052
296
588
1
19645
896
25180
5703
481
2957
1106
3285
2069
1932
11001
1117
3182
12935
9352
1975
27652
6448
2674
4638
3485
511
209
3209
837
1642
1752
19933
35433
12571
59505
401
1085
475
15194
963
366
6862
30621
5321
4015
4576
259
437
497
265
481
9696
1926
346
8942
2978
2072
30596
6866
18274
4168
2063
4168
132
993
634
266
537
123
2176
3987
535
4384
852
230
0
2388
438
3381
6129
32570
6389
3874
1416
21349
152
2535
631
1137
175
1868
111
15345
405
7478
51957
2069
300
19487
301
23963
1249
17900
5601
4609
4472
6869
192
375
587
26409
3
47465
397
21055
827
222
3156
10245
3787
4297
0
10968
6166
3754
510
266
7897
1797
398
2448
200
9242
232
0
140
5894
5713
1320
272
795
56321
6607
41005
17271
9530
194
1085
521
6
2997
143
217
499
91
653
50
384
4994
73968
248
497
0
4247
11675
2317
237
11366
26814
968
17753
7695
14
50801
3140
1344
1
1597
11
12146
1299
374
7931
121
24776
25328
1550
150142
742
889
223
13033
1681
2331
1542
395
992
9433
7436
70992
76226
38
1194
847
70
93
6315
49893
737
10672
8547
55917
51
5806
649
18351
407
999
32341
251
64
242
169
1010
8689
8219
200
33
5436
268
484
343446
4079
2
1
8122
2200
679
736
1616
41507
2955
188
8041
17376
2
28059
365448
1676
1200
1321
0
204
671
163
330
76
7035
8400
349445
4
13605
6268
194
6017
1506
19573
3171
10677
378212
16186
6230
3044
3167
2796
0
2
4152
1056
21
238
2
238
22132
1407
848
584
18739
288
461
60
27262
38771
300829
1901
8397
8579
3956
144
10893
2683
880
107212
1854
801
2526
26125
302
3634
3142
599
4465
1921
200
2550
294
233
4066
1091
267
16084
546
6908
283
0
17899
4109
21073
1398
745
1142
11353
200
1286
64
683
5662
38688
3793
199
1605721
961
3717
554
530
30781
4893
6693
1084
2282
373
5116
13027
745
36746
286
19712
2271
23209
8109
10049
1950
9922
19547
531
4209
1161
2530
2635
333989
35436
1972
4686
318
622
137
1067
18954
269652
12489
364
43186
244
2503
2727
730
1513
2429
2811
1079
150
1312
667
533
357
470
1729
7021
212
3207
395
8975
3323
14170
4658
2682
154
1740
12409
63
4254
3192
24327
4176
214
205
18482
929
57
3306
16343
44245
640
675
39263
547
407
798
1885
313
5442
6887
1606
2312
3042
8809
10964
1492
1418
16114
141
503
984
343
3291
5535
34044
1868
3010
3457
213
3339
50417
5445
1558
2066
364
8612
619
2829
17967
9562
1895
5787
2611
2179
211
5738
3634
937
5
2528
452
420
3476
9217
33747
55187
734
5096
1138
815
656
9072
1020
6349
104
786
104
11812
1542
30217
1653
2444
4887
120
2576
169
20046
1635
3224
220
59185
21860
2285
2098
2894
13586
4152
56499
1940
187
175
3404
2048
6369
1921
5
145
1976
3632
65506
1123
124
409
5468
13856
18336
27248
1301
1505
7228
2594
114
1613
2254
163
2922
20014
11696
682
17739
5931
11407
22470
7
1283
397
2366
1542
3216
8814
177
39345
65
5946
21056
4319
9994
25041
5507
29996
2170
2695
67679
152
3408
2723
6318
2139
138
191
2465
9100
770
30
66895
2950
823
251
41967
3512
10483
90
15852
3114
2307
1185
3
3118
10487
714
30879
11249
1638
179172
2418
1
8586
127
1737
394
2
1937
3943
7520
8771
3989
1215
110
476
35208
635
9149
241
9440
935
962
15607
12877
0
8704
152
334
308
247
3258
3510
7
30026
32720
129
16714
314
255
2205
906
7624
576
33031
21969
1547
897
1
14345
118
350
21
697
225
746
1
1
0
20302
1377
7030
43069
3134
24540
206892
1636
1580
149
955
3079
8789
10331
249
3063
71
2669
506
8088
6444
1704
4738
655
6207
121
8
277
17496
59
340
801
4011
213
7346
343
425
7014
3597
157
266
3130
821
1079
5129
3162
371
0
4644
2415
15555
332
14349
5146
2706
5348
1
4320
9105
144881
204
4854
907
231
36171
9593
885
53187
14926
35102
1
246
125
334
3334
122
410
8216
912
1406
5452
46435
12
1
4739
261
522
472
230
130
187
1353
443
19466
29826
3129
10507
4024
549
693
3639
135
1519
9591
16585
134
7852
2630
1869
939
236
131407
2414
19750
3199
4857
23643
103
4191
13411
10424
403
2180
290
410
109
49557
3377
216
166802
619
70
2582
109
233
336124
510
768
174
3501
19571
5940
3
329
4079
836
128
1074
311
7245
436
3395
1683
313
1304
922
19973
0
662
33443
0
1111
95
17143
1985
383
6916
28964
47
21765
5604
156
5165
9456
2150
10942
249
295
3
107
1324
21534
515
10550
0
211
3240
1556
2882
50
4872
3373
44431
53
0
1407
2535
289
424
30391
5007
166
191
103
295
639
42279
131
2077
8
10
125
525
2583
19
282
4371
9845
1903
5069
249
2
19740
98
923
2244
0
497
2049
310
3928
1617
264
6878
35
1325
15624
1808
4
510
6
111
779
329
50217
18707
1
547
120
232
707
159
8568
4579
151
283
1803
621
0
10
3455
510
776
18
0
18
621
1803
99
111
1245
1250
1
148
2
4105
1399
2
2
3526
283
2986
1153
4269
4958
116
28670
622
6776
2060
8979
12553
14324
253
285
3114
22964
494
1007
1571
140127
1313
1157
13482
49981
1621
9158
3267
7146
112
954
306
312
238
31451
186741
1040
27355
13423
5743
19701
3903
12910
2775
21129
8001
7819
8742
565
467
202
8504
9709
3471
14448
188
212485
1391
3584
97
9373
18961
0
9903
2665
8192
4599
484
5050
3718
1054
1450
1174
1475
9974
7054
11102
670
29256
180
1125
4156
47274
768
296
18608
3598
2830
112
733917
281
104597
649
4819
53261
14643
36499
5674
49
4922
12
536
1297
3725
282
497
4226
3986
1111
102
4355
1293
7315
2145
85
12786
896
0
2072
1718
8195
3422
283
6928
6094
6623
946
6209
8490
4434
2975
3330
655
309
16215
13331
153
457
9995
1330
672
1653
1414
713
2272
2243
1227
263
3823
4531
9835
1814
1734
16072
124
1396
166190
196
18146
61738
7901
5504
29957
2646
713
10931
1262
28
3427
1288
1228
4459
112061
119
221
28167
59
2606
3857
55024
124556
376
5997
2917
1288
2066
867
26211
11423
5247
1968
131
979
1654
3940
119
4045
587
4727
916
769
25
480
32687
1771
1121
21991
11462
166016
2967
41856
12723
28440
4580
120
12283
14222
776
5441
594
11081
660
1528
191
5812
168
4160
233
1269
1086
28225
426
407
947
236
461
67230
18018
316
19
158425
7028
1475
18825
29963
764
94987
208870
55839
24436
2840
12823
7406
124
114
24485
1340
95
626
9638
7654
34258
10940
53268
5092
14182
2207
13471
504
3906
550
17593
6373
5754
19168
2204
2029
93
3910
14042
204
362
387
1158
5924
6924
80458
1333
1222
842
2685
2164
8233
2484
4952
254
249
843
126761
5039
1742
3739
336
5035
260
661
28034
268424
10
9145
14779
99
225
54
374
7735
361
25760
29514
2741
526
11087
9828
4310
255154
42532
15146
25253
23845
138
25147
4710
3569
3809
174
15674
7651
22
3028
112
3192
2
59654
219
8172
11180
10712
53
113
8
7855
165
708
1770
11892
11444
4143
1258
32966
989
34199
1870
927
114
621
8819
10669
2729
655
273
2719
3909
16
0
5793
1942
223
7437
3571
1028
1362
85149
106050
125
4209
2396
161025
1285
332
32301
1812
101
2096
17218
615
1037
3397
15091
6
4927
686
4097
4360
278
955
13869
40
2172
270
4868
993
3
1
8895
1235
468
2565
3978
11151
107
3867
13578
181
3551
3291
10176
5024
1188
584
2268
2
19186
1639
321
556
3071
5141
1182
92
1736
55663
43260
12758
16267
14422
2823
279
1186
1858
376
3834
3105
8510
4721
9344
6618
2976
11538
49734
2353
2184
117
23523
438
1744
632
266
827
6763
244
9245
24830
13492
5544
75
1544
5370
15950
663
5470
105
15261
75
2105
1137
576
18955
1821
760
5348
2264
511
56063
92
12264
100840
18491
5582
252
2851
10920
4943
2368
9020
1121
526
375
2975
27235
447
5876
246
7428
13612
2443
57042
243
470
196
328
2180
231
929
6453
163
344
1219
2632
2541
6
974
292
3050
29450
2413
1162
242
686
6745
128
1
48
299
1
80361
186
2649
86
6741
846
2298
1674
1
12695
146390
6911
3391
9427
293
848
51
4022
450
167334
29355
7714
33
430
5489
0
1179
19350
2
106
10616
7
6045
27075
9028
1114
23054
1186
809
26383
3993
1043
160
180
20962
3621
3173
0
3316
533
4677
2150
2305
267
55398
1427
1357703
5426345
62099
1233903
739750
3694161
266982
325874
163395
354131
2514865
796096
201323
251192
28468
2222235
1128058
424880
300175
654603
99066
1246538
389848
254657
303407
313987
401130
132122
316127
588471
189398
113220
240766
769608
136260
1094769
6356
180917
205624
426310
160753
1007021
134129
94068
229585
192031
108426
404310
474095
865677
143562
42308
700186
212883
230786
62878
171431
49870
723977
77115
64401
223238
73308
123162
202764
247149
86765
180551
591904
234379
2414
459874
121467
585585
27809
12500
52493
171094
91795
153169
96698
199805
495881
83815
132046
388899
122486
164398
75495
222828
455641
341883
22394
66317
71952
88842
76095
416817
166296
241707
48865
96046
150117
5121
211663
183750
176341
235651
46814
105814
15577
380960
10523
175578
46077
66899
192131
96291
339943
71005
199570
102647
181525
202540
233670
120959
73874
28685
84991
30171
88554
257474
161616
207626
29270
44084
40795
225996
90928
194298
58292
55934
146182
206332
68490
200223
179222
209154
112938
239581
47519
34603
142489
118934
158227
56673
61352
22714
22275
158675
197299
109504
187861
113290
128599
92911
101862
32048
25185
36627
59818
288834
48190
128537
103642
112795
265091
109017
249555
60467
144933
38407
78353
92061
89456
179542
12333
68971
270346
85433
73227
190944
188766
200116
41070
3136
174024
142394
108960
132327
18231
132017
94094
242902
86866
116
118693
187530
127818
76737
145096
125896
145686
151313
80909
91042
90428
66504
174294
132182
116659
82981
96842
38554
159142
147366
111627
21519
177101
61737
80075
91325
57570
65002
20940
132878
181966
233909
138403
76527
130765
177565
133274
110563
62413
18807
11301
67907
61408
161175
65276
29
12243
48066
61637
146905
58357
212797
94824
40845
150159
162022
132610
122886
43169
59281
30272
60235
134704
161961
158415
90022
103783
80701
18894
71556
193509
70000
97657
96388
54937
53154
71690
113661
125369
88606
125773
120932
73482
51716
103947
47410
70689
142223
139112
130098
3032
3306
56001
61896
36182
59600
148708
133605
52898
92197
84884
88211
7449
82460
127014
93132
115821
113545
30319
39578
68996
18131
4033
44590
64470
17846
35336
77679
151670
56604
76566
69317
113425
56415
58283
90402
69498
55726
3446
111333
111586
23387
111537
91720
141818
3250
112167
71510
40084
157430
10868
96145
137766
88610
52764
85250
130302
106583
86175
73543
52416
77402
60078
54771
79437
116502
11388
41815
93230
103234
138175
88780
84187
106227
32992
106031
96287
44342
7698
10111
126688
41193
66517
99179
89065
55782
51233
103640
76905
128267
90747
58256
42501
84549
86386
84445
75443
103548
9914
118675
81435
84692
59698
29915
118680
30551
54632
56119
110907
57842
125943
63954
25635
95254
114041
85995
104518
36549
52609
143297
68857
142857
69915
113247
78670
128188
8099
8437
61503
68251
83221
68092
33188
104232
52285
63272
14478
57369
72910
106865
52664
10313
59523
40573
56906
83515
58098
80230
51672
51006
73550
22565
64492
89298
4449
79129
64258
110679
43084
71984
50011
25565
54367
96526
66962
129904
31972
119505
63375
27466
80667
104939
70740
66522
107529
71523
2184
54597
30484
30352
82143
1472
8365
28663
114642
19133
116072
47940
2438
56206
3679
91370
47667
67885
79718
75049
20620
103544
29630
31359
76673
47119
50009
25270
86831
20516
107594
1726
38
12107
85839
36095
55250
14834
44861
42238
32293
21939
66743
65630
56024
90738
113338
26887
82467
35652
6246
49810
53546
105428
72619
40923
66972
89487
20841
88922
94406
64320
18324
86980
31082
43281
81914
86508
71095
76961
63417
67653
2348
40456
32856
32187
1943
62666
73660
44334
40196
41621
57119
81277
86643
60320
33124
61841
36692
49267
57249
61075
110772
75484
13351
49440
70799
49320
40067
61063
107
94695
69550
3297
17618
35947
52341
72410
38490
88839
45335
101476
75325
32295
99754
61711
45588
48831
104645
27329
104493
78275
21174
34121
59239
60891
103529
71379
73430
69224
25883
41796
2330
71718
29976
30100
49984
97207
55969
53150
24262
44912
36074
56894
11522
74445
15198
60717
52864
50271
35011
64277
95373
40676
87028
83371
32381
4152
68112
17045
78606
20804
33280
71890
67632
16713
97556
91637
81844
49898
20168
58029
62023
97028
14570
66114
41
43628
21952
63584
31750
11128
10211
9042
57179
52370
9247
53863
75933
48820
48791
83759
13471
17099
59653
93380
36668
85687
71705
88220
71138
43690
51427
74002
13332
60393
4261
32008
48509
61374
88004
19020
74857
27889
45995
65015
45708
79775
87213
62335
52591
75415
38594
74487
49050
79012
60770
31731
38575
32843
53521
4066
43079
59157
48422
66538
51538
54399
41948
61967
78201
10980
67179
45694
43566
20272
52797
73979
22124
27759
23012
64269
82533
20768
34492
33103
11664
2197
47931
58886
60328
50642
3247
36972
36186
53029
50035
40956
65372
43559
56788
48115
26629
83385
67245
11628
72579
62070
62856
41390
22287
44598
71704
69544
63120
47328
73183
72802
68179
70204
1689
52317
47676
25191
1480
41744
57319
66189
13036
55138
39643
13504
37073
23050
48177
46260
34314
57435
510
3066
55544
50418
4449
59626
63394
50196
41578
69648
51642
38456
43888
50951
12154
11137
33491
36124
34265
48705
50424
59402
72730
7489
40190
29736
27399
34160
76735
40414
26747
49655
45007
35393
43667
27592
42697
60294
75853
2501
19783
43176
66753
75198
60866
30140
75031
299
57881
135
10494
42910
11898
40653
38502
24727
74358
41341
63687
28290
26810
49928
55061
60806
46402
66630
69020
40142
11372
16507
30465
22563
34174
34800
28961
63074
64061
72771
9668
34149
51173
20152
63218
19274
28687
30587
67598
43522
23787
52348
188
49971
62085
65390
60043
65032
61895
4159
54420
4648
10307
48872
44937
44088
68970
50532
14400
68726
40429
26687
49576
47780
8867
58736
60822
47856
59453
67478
34845
26898
58317
27444
52728
44545
53041
40787
66887
21349
11942
37935
47192
62207
61039
20013
38211
12008
27004
65922
35009
34095
16505
21775
59781
43876
57657
18015
29021
35979
17
22202
48233
52754
28074
43321
49467
64727
47809
60663
28497
43905
35132
38111
48248
41394
37448
57932
40816
55937
63911
51106
38976
36550
36979
46204
1658
56025
63215
59546
10527
44379
39672
55615
25778
32901
37350
30360
42573
25021
30022
10979
56550
28995
29983
48735
12307
58310
22725
49068
35446
61435
6602
23487
27382
43269
53386
50019
53667
37890
54239
38476
5293
34186
11414
29930
52769
56158
39456
19197
43541
1449
0
50791
3699
42422
44798
52115
56459
56268
31124
37220
27975
54991
26
16904
45148
26960
4139
37371
14001
22110
12245
33681
43787
37894
58849
15846
50775
47748
19831
58708
26276
50459
44850
44250
25350
58216
52656
39256
34637
40734
53616
43861
53062
49316
20297
14826
22641
49601
49132
54004
20095
12140
39825
18265
20761
44857
5195
38756
52302
32378
56373
26018
56181
51915
29785
49243
3392
48496
30876
19998
35943
28175
37239
33341
32079
51549
49592
47535
50619
266
17149
35763
27244
37308
39265
36758
55376
55349
24034
43753
55090
6550
38077
37855
49987
17687
54814
54778
14746
51306
16751
37842
42037
16945
50798
14045
54315
54228
30705
28170
26926
39545
567
1811
40956
33201
35094
46794
41763
26580
40685
50170
42513
27659
24344
5749
53250
9865
42399
12504
998
18602
38948
43408
333
43062
46092
5807
20215
37870
52522
40914
38391
52114
52082
47262
14955
39240
19773
46763
51802
12879
51779
41458
24294
12473
13746
24103
32164
43143
16421
41700
51437
26932
21282
47151
23361
27501
18950
46733
15702
9531
30413
50660
26986
29997
16130
45011
50402
24818
43033
10671
3376
43115
38498
37190
46584
19910
46564
43962
38779
13094
22910
34739
32831
32184
38627
39429
31962
16260
36296
15518
29742
21285
36633
44890
49393
12446
31377
39100
4961
37523
41687
49191
34951
30786
6010
38697
25632
33453
41822
21681
12665
44886
28313
34699
12716
24700
45022
27553
40537
22769
26173
31935
48343
44481
12579
48170
44136
7667
21304
41974
30078
47939
35578
22267
122
33467
1584
13136
44225
28355
15812
17951
47444
47429
43491
23603
34630
41281
32113
47284
12135
10886
40348
42001
29776
20324
28240
29041
38859
28840
22856
27121
37632
41018
34127
14219
37751
30834
46590
33797
38365
41693
15862
40395
19312
46251
46225
25230
40872
27838
26301
38384
41700
23737
45754
30426
32303
40946
17770
14358
45512
12182
31289
1247
37641
30641
9002
35308
38098
40316
11108
31223
38685
6801
26847
28054
44921
12934
40200
19472
11299
38672
35334
35188
38601
40937
40768
18207
5765
25
44220
37595
7072
44184
40180
44149
31580
29163
32073
43929
43931
4764
34947
31978
26506
43719
8560
35829
25044
27545
30608
27414
20242
16096
8071
43434
24971
29864
36703
20627
26549
11316
24988
33413
43199
35055
8713
39392
43014
33541
485
2798
452
26975
28020
245
39360
24576
23388
24478
7184
20263
42601
20987
25351
1601
20667
42346
36686
27562
30706
32830
24299
42241
42233
38055
42206
20961
33211
42141
4893
23911
9967
38146
106
41992
33679
24285
41977
33715
24982
3011
31208
28524
923
25188
41811
33249
36257
34185
41504
30542
37484
24025
41172
11413
35693
41103
28365
41070
31906
35661
37183
6553
14367
29179
40870
40790
23107
25204
31855
16710
40678
40663
40608
31933
40552
17629
18730
24789
23091
14973
36570
9673
32189
32946
31533
36102
24991
16579
4521
35945
27748
40203
40166
18846
40125
23498
18505
27553
39929
39934
39923
25442
28820
39753
18253
13584
11970
31010
33031
16707
15136
32078
39506
26139
28591
6
29138
12674
39307
29261
39250
28475
22958
39134
31003
31272
39104
27378
35118
4823
12234
29297
32671
33839
24682
35422
34779
23292
20355
38842
31974
5384
34900
20345
19759
32081
25702
34193
34858
25912
26406
38505
15057
15127
34884
20062
34940
21966
15760
31911
38275
38245
22225
38248
38236
38202
38235
19722
34225
38168
19856
32949
14497
30501
24763
10388
16044
33208
31824
32885
37971
11649
33958
26094
17296
25476
25507
37608
22538
33980
30195
17789
37447
27441
24408
27650
37378
32426
33365
32831
25568
11447
30639
32675
25945
24448
37175
33669
28775
1357
32766
31733
22484
26305
31853
22137
1724
23362
36794
36699
36658
36613
31895
36628
22413
20548
32228
26294
8245
5095
36503
36495
4494
32037
14000
32639
22768
13244
32893
36283
31714
20606
118
17346
36233
14791
25124
25544
32503
36134
11830
36124
31573
36084
36060
361
29794
36054
22943
22708
6332
29692
11529
35886
11489
2557
26221
31296
27023
13102
30343
23268
35737
35729
30700
19284
26424
24316
35632
35623
30671
31383
35572
26676
19884
1028
18173
551
35428
1106
21206
28448
35375
725
7
31201
27349
35247
16890
18233
35207
12557
35219
17871
24049
29096
27336
1331
35095
21784
35040
15431
4650
34957
27347
25849
34839
19186
29430
1780
29023
24563
34724
30172
24452
34625
30692
20512
24355
34533
29449
17764
28267
34472
25562
14815
34429
22611
8846
34378
29133
18365
14324
49
15347
30815
6608
34276
30686
3783
34094
22005
30571
26266
16608
26226
30472
25382
21017
1963
18888
25730
6346
33871
12591
33831
26919
21252
28881
29902
30024
23439
33522
28859
22502
33505
33503
7968
33464
29693
26358
21476
13473
28129
11494
26528
4350
14588
8449
33208
33201
23278
33205
16430
33170
23388
33174
5054
33166
1384
29094
14879
29132
3354
9018
33090
16919
20535
27268
25263
32937
32914
27083
28490
32802
21767
21657
29267
26362
32764
3670
25668
10925
14819
29098
10646
24652
22253
28616
32521
16508
2951
16122
32462
32438
28094
32388
633
27662
32370
28485
32356
13
11203
22791
32266
17186
17008
17402
32190
10203
22487
5413
25547
26636
26941
28674
32036
32020
22660
28491
18622
24565
15761
31963
23872
13937
31864
31872
15808
31834
25654
20226
20360
27881
11050
3998
31643
27370
31646
9669
31576
12548
10649
31524
16117
23945
31348
31355
11380
9981
31305
12239
21694
31273
17641
31236
17598
31212
27118
17049
26856
31136
20562
24428
11463
31092
31113
6924
31092
27398
23641
20103
30909
26753
26887
20936
30780
30779
10307
20049
26591
13565
10490
21135
30580
30562
25104
6945
30488
26208
25001
2210
30463
17602
25173
18032
22500
26579
11882
2952
30315
30301
30302
30230
26172
30176
20351
30115
30090
30093
26008
22048
22037
30044
21023
29977
29978
15077
17756
24887
22134
20566
21422
29852
29749
29788
29724
29762
29735
29711
29705
19596
26188
22597
29654
20035
29632
17581
29499
26067
13263
29446
15167
2665
19224
29372
9988
24724
29330
29338
25285
25765
19004
29223
1
19879
16590
29168
24666
17035
15570
17251
29133
19232
29035
29055
24152
29029
25134
29016
24039
23328
29015
18514
11325
28935
28933
21858
28910
15156
28845
11455
24456
28751
25261
28724
28721
16686
21355
28682
28701
28703
28666
19243
28620
23662
17616
8647
21462
15092
14469
28552
11486
28548
18084
28520
28501
28494
19287
19046
28447
28448
28396
602
24829
18944
28356
28356
28370
21012
9194
28287
14927
28270
28265
13360
28238
28251
28230
28195
22454
16516
15837
28129
20491
28106
28086
19749
24380
28030
9359
5233
22684
13788
27930
27884
27883
1950
27842
20702
27797
27785
14048
27738
20215
24268
22207
14897
19124
7202
27701
23974
3785
9838
24159
5946
3751
7058
27587
27546
20842
20458
12929
27404
27412
27404
8042
22051
11450
14378
27325
13704
23790
27319
27298
18899
13821
27272
4553
12366
4693
23426
15770
27190
27163
20514
6252
27143
27154
17203
27129
27142
27120
20672
27089
27035
27006
13765
27017
26974
26990
17322
26943
3614
19025
26882
2136
15699
26777
26828
26805
26781
19517
18290
2022
26761
26708
7103
12542
14828
3346
22390
2784
26578
26549
11915
26495
26479
16194
26522
14877
26470
26434
22778
26452
26440
26408
26432
20990
20711
22166
13575
11366
19224
4696
26325
26292
22677
4675
20648
26226
22105
26213
12871
12755
15868
26164
26140
26133
26126
7968
11201
26053
12292
16575
26050
4885
26042
26017
6206
25925
19955
25941
19477
15458
22063
3902
2640
21078
4900
15544
19078
25816
20473
25762
25764
8689
20399
22008
25707
16474
25694
20856
19909
20548
20407
7464
25655
16020
10332
15275
25621
16435
25588
21777
25587
19442
25552
14378
25498
25507
25484
15980
20699
25443
25398
17472
21546
526
25404
20746
13997
25356
6631
25352
25321
5969
25265
20240
17261
15668
25218
12251
25181
25185
25182
5390
25191
12530
12932
25168
25160
25099
3849
21288
20204
21627
21646
25029
21004
20082
2909
12989
19597
20143
24967
16146
20766
11572
8678
24897
13404
24898
15433
24866
24840
24823
19870
16006
20250
20821
24746
1200
24715
7619
24711
24715
19922
24684
24671
24680
24635
24617
15043
24579
13909
24562
17339
24520
24525
24501
24494
24470
24458
9220
8328
13255
18471
14591
24427
20196
24373
899
19372
19961
24354
18713
10414
14265
24284
24292
24234
18062
16885
20584
24231
24227
24215
24169
24184
24164
19634
18885
24135
24110
4189
20227
24053
15498
24018
24028
24004
16776
20453
23991
23991
23967
15683
17474
6825
23917
23900
18211
6874
23827
13920
23819
23810
23820
19087
9883
18329
14123
23724
23716
17791
19670
7484
23667
23679
23665
11067
4081
23602
23601
23583
11673
1815
23557
19715
12226
16954
10076
23472
10257
23469
11983
23445
23436
23434
23414
23411
1117
17675
12918
11043
23334
23300
6018
23291
23296
15213
23292
13570
23266
19822
23252
18137
23222
2591
23224
229
23182
13442
19198
6437
12720
14018
23094
23102
23038
23050
6902
19476
22981
22948
18988
18847
14403
14765
1983
12160
19169
22825
18895
22840
22828
22812
22809
19069
22824
12904
22815
821
17233
22756
11901
22761
16487
22754
22735
22710
22710
22672
18590
7222
11263
22649
18859
9526
8559
16215
12093
5617
12838
19034
22576
12813
22558
22561
22563
22575
22549
13624
16464
11985
14901
22498
22511
356
612
22475
18943
22430
6680
22419
8559
22406
15187
12715
18956
15059
14604
17820
22380
22391
18791
22343
22334
18742
11180
22348
22332
22320
16783
14142
22275
18660
22239
17591
22223
10100
16955
11216
22208
15099
22147
13285
22144
16738
10816
22076
22041
15477
22074
22030
18400
7437
4855
16150
22009
10312
21984
21993
21951
17171
21981
10
14565
11005
21951
21950
9603
21937
11516
21909
21911
11462
21863
21820
12364
21830
21814
21812
17272
18300
17552
21789
15063
15685
21753
21746
21727
21728
531
21702
12316
21666
16149
21621
50
12810
577
6627
17915
17406
21566
17690
21560
18073
21516
6048
12364
21484
21470
21488
21475
21472
11399
18029
3
3
10409
21450
14522
21382
2705
21336
9203
21321
21328
14758
21314
16205
21317
21294
21251
21274
21291
17531
12355
21183
15942
21158
21122
21125
16497
21115
21099
16806
21053
11
8519
202
21061
21044
21027
21033
15111
21035
8846
21006
20985
20955
20959
6522
15897
16811
20937
15607
20937
6645
20908
13205
16960
20891
16666
3447
20859
20873
17433
20866
16707
20860
20822
11361
20769
20782
20767
12819
20777
20755
14190
20754
20731
20743
20726
20724
9905
8099
17025
20690
4450
20676
14974
20674
20674
20627
12995
20614
20589
20589
16637
20580
20582
5915
8349
17028
20549
20543
20534
20503
20513
14015
4615
13928
20465
15405
20430
9778
20418
20414
20422
6852
14057
20419
15922
16434
15059
16100
20369
10843
16664
16447
20285
20247
5936
20261
20215
16597
20210
10212
8213
5707
16182
20120
20125
20123
14713
20106
4291
14
2855
20108
20078
20076
15462
15720
12786
20034
14788
20037
5862
20022
13144
11932
19988
19995
19965
19967
19967
19910
19927
19933
11243
19931
19927
13763
14112
3694
16405
19878
316
14107
16150
19830
13559
2411
19803
19814
19803
19790
19783
19750
19752
12616
11516
19718
19712
19690
15405
10857
19662
19657
19675
16242
19643
15448
19639
9992
15574
19588
19610
15144
8825
19589
19572
15742
19557
19578
19575
19562
5448
19549
1
19536
24
19490
19502
19485
19485
19470
19481
19471
19475
19437
15689
19413
14718
19416
19393
19386
12460
19379
7490
3491
15749
14978
7257
3289
19304
8724
19284
3628
14622
19224
19240
58
10574
19215
19216
10840
10317
19191
19196
15008
19163
14474
19136
19145
19168
19138
19138
19119
19124
11711
19103
19072
19063
19076
8752
13190
19038
19028
19019
14835
2564
9674
15246
8825
10871
15313
18972
18985
18945
9249
14693
11293
18949
18945
15123
18950
14106
18918
18924
18922
18911
14974
10810
18922
18909
4741
18889
18858
12948
18840
464
15263
18836
1746
18822
18828
10687
18808
18798
18795
18783
18789
18791
18807
18781
18768
15343
11419
11014
18722
18711
18716
15267
18717
13788
18704
15161
8966
18651
18635
12050
11114
15063
18579
18584
18588
11851
662
4357
18544
18554
10776
14119
14761
14392
6893
14590
5325
14711
6795
480
1200
18488
18495
18475
18469
11761
5076
18453
18422
2112
14663
18421
14692
5862
18393
13073
18377
13378
7841
6974
18327
18318
18319
5002
18283
10610
116
18287
13914
18254
18260
14444
18240
13923
18240
3086
18230
18213
7034
9271
13820
18192
18198
18208
12573
18172
18151
11124
18143
14082
4814
18142
6424
18129
18128
7807
18131
5621
18119
14603
13812
8585
18096
9200
18086
18087
18085
9913
18059
18064
2196
18053
18059
18038
7197
10104
14329
18010
18012
18010
750
13340
17973
17995
1053
10126
8383
17970
17898
13143
17933
17939
13066
17932
17922
17931
17897
17891
13834
3264
3470
12624
1487
13172
10787
17874
17840
17846
17828
17826
17809
17792
17793
13370
12492
12304
17787
17827
17786
17783
17768
17763
13966
17754
17740
17736
17731
17706
17711
17701
147
17671
10847
11019
17649
17663
2393
13572
17639
12307
17637
12852
12028
12344
17567
17574
6560
17541
17544
17520
17521
5854
53
7219
11
17494
17481
9724
17453
7881
17461
10826
17428
17428
13341
17408
17418
17436
11669
17379
10966
17372
10493
17368
17363
17340
17337
10775
17297
17303
17295
17293
17285
17287
1546
17268
13533
2366
17245
17241
17220
17223
17228
17228
17221
17212
6015
11
17206
17209
17177
17195
6095
17194
17178
17198
17188
17188
17174
17163
12598
9992
17142
17140
13137
17128
35
11674
9652
17118
17113
17101
17056
13271
13485
12902
17055
17053
17059
17049
17047
11671
8048
17044
17030
17020
7395
16993
11598
12209
16982
16985
16965
16958
16942
16965
16940
16927
16933
13043
13520
10381
16907
2662
16911
8789
16888
16872
16892
16868
16857
13250
16843
16841
12940
16802
16796
16779
1312
16777
11799
5962
12354
5096
16753
9685
16733
16771
11
16708
16688
4
2857
16710
16699
16674
5086
16679
13129
16649
16581
9977
8522
342
9529
4657
12433
16586
16581
12456
16589
16559
16553
16569
10258
16516
7662
16523
16491
6540
59
16469
16478
1070
11270
16459
2696
2865
16449
12986
16430
16439
11874
8830
16409
16436
12072
16427
7875
164
16386
6562
11751
11884
2747
9675
16388
16342
12378
11624
16368
16350
16362
16362
12037
5869
16328
16316
3625
12484
12662
16296
0
7424
12836
12522
65
4727
16256
16249
16257
16256
16245
16239
16233
7680
16220
3650
16213
1597
16211
8784
16213
16225
11489
16190
16209
16192
16208
16178
4035
12580
16179
11563
16179
16180
16190
16163
9686
11956
16161
8338
16120
11213
25
16137
12458
1925
523
8048
2731
16081
16113
16057
11869
16071
16077
12567
16065
16071
10718
16035
16037
16018
16027
16028
16028
12328
15994
15993
11988
9756
15988
15997
15978
15969
12312
15949
8849
10876
15924
15917
15927
15924
15909
15908
15894
15904
15892
15888
3649
15856
10276
11370
1989
15853
15849
15845
11753
15846
15843
10613
15848
15832
15834
15826
15812
5892
15814
15797
15781
15778
1964
15763
15763
15757
2764
15757
15711
15731
15719
974
11991
15731
15721
5560
15679
15688
15671
15652
15658
11740
15676
11970
15655
7457
15632
15652
12106
15625
15586
15614
16
1088
15576
15563
15582
15575
15555
10781
8526
8936
15565
15565
15554
15572
11818
15524
15523
5197
9309
15489
15493
15485
15466
15481
15464
9541
15462
15454
9373
15447
15442
9087
15418
15407
15427
3325
15415
9521
15409
14
15418
15412
15403
15398
15396
15412
15384
4810
15371
15371
15356
11113
11896
9304
10966
15328
15317
15323
11575
15317
15298
10062
6590
5163
15291
10631
10885
1422
11696
5195
15260
15265
15254
15277
15251
15229
15257
15235
15233
618
15211
15237
15225
15210
15212
15226
15207
15189
15213
15187
15185
15175
15166
15156
15165
15142
11433
15143
15144
7644
6926
10318
15116
15105
15107
15107
11550
15106
10799
15082
15068
15079
15069
10929
15037
15013
7319
14995
15001
14994
792
8624
10702
15007
14992
4098
14992
14989
14990
11098
14978
14955
14944
5650
14945
9942
14934
5828
14930
10558
10326
14910
14901
14895
10259
14905
14881
252
14873
4107
14856
10949
14863
14865
14847
14848
718
8188
14840
3952
14821
14814
14814
14819
8560
9875
14823
8377
14801
14791
9704
14761
14770
10647
14770
4671
14766
14748
14741
14754
14746
14725
14733
9730
7404
14688
4520
14673
9460
14691
2266
14677
14665
7312
3106
14658
14655
6464
4820
14649
14644
14639
14651
14641
9361
14623
3328
4921
14625
10711
10545
14613
14616
14602
14606
7530
14589
14578
14575
10620
14570
14582
9316
14552
11034
14554
515
14542
5162
14532
14530
14509
14520
14505
14509
14529
14498
3222
14517
14485
1466
14491
14485
14479
14472
14481
14460
9897
10538
14465
6018
9342
14427
14427
14433
9213
14408
14405
3006
14413
426
5872
3585
14400
283
14374
14388
14378
14384
1209
14353
14358
14342
6736
14336
14347
9070
14343
5932
14343
14335
9913
14288
8950
3787
14311
14313
14282
14285
14285
9458
14264
14271
14269
14247
14269
14267
14264
14262
9893
14259
14246
14238
14240
14247
1105
14214
14219
8041
14206
10508
14200
14186
14170
14184
14161
14197
14162
14169
3406
14151
14134
14135
14135
14144
14145
14139
14140
14125
14116
14139
14110
14110
10337
14117
14098
14110
7620
9928
14110
9559
6846
14095
14099
14095
14086
14096
2049
14089
14084
10265
14090
14070
8099
781
14060
14064
14042
3742
14009
4546
14025
14018
14019
14015
14034
13999
14007
13996
13992
9510
13973
2053
13967
10228
13933
13930
13931
13936
13904
13919
9572
13910
8455
13885
13884
9732
3221
13873
13860
8229
13847
13849
13854
13852
13823
7736
13830
13832
8780
13809
13817
13790
13788
13793
13809
13791
13803
13790
13785
13786
13790
13784
13782
13760
13780
13743
9526
13745
13728
13728
13728
10313
8707
13729
13717
13721
6094
13711
13733
13714
13710
7316
13688
13697
13691
13679
13664
13661
13665
8840
13660
13677
13638
13644
13639
13638
13633
902
1942
8698
13618
13628
13617
13615
345
13622
9230
13607
13616
13589
7508
13603
13586
9458
13594
6194
13568
13574
2413
13542
9920
3655
13527
8080
13527
13523
13518
13505
9034
13501
8188
8118
13507
9240
13494
13493
13484
13481
1675
13485
394
13470
5619
7249
13475
2776
13479
13465
4375
13460
9920
7272
9945
13452
13447
2572
13432
13429
13394
13419
13422
9267
13409
5924
836
13390
13386
13365
13366
13363
13358
13353
5228
13354
13343
7831
8276
9399
13337
13325
13326
13323
13328
13340
13318
13298
13317
2500
13311
13307
2344
13299
13288
13304
13281
3745
13287
7853
13257
0
13256
13263
8205
13267
8572
0
13250
13250
13250
13236
6262
13232
8107
13232
13217
4682
13204
13198
13213
13212
4385
13196
13198
13199
12545
62
13182
13165
690
13156
13147
1108
13139
13143
13138
13129
13139
13131
8482
8213
13122
13120
13116
4217
13121
8337
13107
3988
8854
13087
13070
13084
13082
13077
13079
13064
8921
13065
13059
13076
13048
13053
2545
13029
13017
3190
13029
13016
13016
3674
13016
13048
13007
13000
13017
12988
12980
12958
12952
7486
12957
12958
2232
8820
12945
12945
12936
12917
12913
12896
12904
99
12898
12879
12894
12881
12873
12879
12865
12871
12864
976
12850
12862
12839
12844
12837
12847
12832
12832
12822
12827
12828
2682
12818
5320
3399
12798
8706
12800
12807
6894
12775
12785
12773
12771
12781
5882
12775
12755
12756
12770
12767
12755
3033
12754
12746
12745
12745
12751
9334
12738
12720
12712
12702
12707
12686
12688
7897
12683
12693
12685
8220
4558
42
12653
12657
12672
7627
8457
12630
12639
12645
12630
8751
12630
1328
9197
7439
12611
12626
12603
9198
6382
12599
12590
8452
12588
12585
12564
3498
8161
179
7479
12562
8257
12560
12555
12554
12558
2978
12545
8455
12546
12528
1316
12533
12525
12525
12519
9053
12496
12513
12500
9071
8626
12489
12477
1980
5439
8251
12476
1891
12466
12471
12474
12449
12439
8101
12443
8888
12424
5146
2374
12418
12405
12413
12417
12415
12413
12412
12398
12411
12393
12388
7945
12397
12389
12378
12386
12372
6132
8739
12349
12342
12325
8648
2520
12332
12317
12319
2242
5514
12309
12311
12309
4709
12304
12293
12295
4648
12277
4658
1343
12260
12213
12223
1321
12240
12243
12236
12228
8612
8511
12231
12227
12231
12230
2501
7157
1465
12216
12210
12212
12209
12202
12209
12203
12200
8006
12182
12194
12199
12186
12170
544
12156
5608
0
12154
12141
12141
12140
12134
12131
12129
8636
12140
5591
12120
12111
12104
12112
8213
12114
12095
12069
12099
12100
8549
12086
12089
7390
12043
12072
12068
12051
6826
8305
16
12053
12051
12038
12044
5653
12047
1146
12058
12036
12032
12033
12009
2862
12014
11997
12001
11984
142
7149
11977
11980
11975
11959
11956
11966
8429
11941
11948
11943
11939
11940
4683
7216
1646
11923
11928
11912
11918
7962
11920
11899
11906
11889
11898
11890
11890
11883
11898
3927
11881
11874
11876
11876
11875
11875
3878
11865
11864
11856
11839
11857
11854
2623
11834
11835
8091
11834
10
11826
827
11821
11818
11821
11814
11813
11817
838
11789
11801
11802
5886
11786
11782
3493
11775
5269
11785
3
1939
11785
5246
11771
11756
1940
11754
6936
7324
11755
279
11734
11740
11755
11748
11726
11733
11727
11733
5605
11727
11719
11725
1
11716
11707
11711
7678
11708
11702
11680
11695
11695
181
11686
11693
11677
11681
11685
11677
11676
11670
11658
11655
11654
11654
11646
11637
11643
11635
11628
11625
476
11625
11607
11597
11607
11615
11595
11607
11600
11595
3922
11586
6519
11592
11583
2975
11578
6652
11565
11563
11552
4972
11568
11556
11557
11555
11528
11545
11549
11539
6830
11534
11532
5421
4992
11518
11522
11523
11515
11524
11504
11497
11499
7837
11493
380
11491
6497
11466
11464
11471
11462
7122
11455
11455
11450
11456
6540
11447
11444
11436
11435
11439
11433
11436
11432
11423
7134
7470
11421
11417
4294
11409
11416
7907
11400
11404
7413
4178
11404
6406
11384
11380
11384
11393
11389
11384
11372
11382
5587
2443
11366
11356
11350
5846
11356
11351
11362
3460
11347
11337
11340
11360
11342
11330
11316
11317
1255
11320
11283
11305
11298
11309
11302
11309
11300
4
11289
2295
11287
11281
11289
11307
2859
2104
11279
11293
11282
11261
11279
11278
11259
11282
14
11275
11256
6426
11240
11269
11259
11262
876
11240
7704
2300
11250
11243
11250
11250
4378
179
7688
11225
11227
11222
11223
11212
56
11211
11202
5731
11200
4632
11198
11190
11202
11204
11180
2977
2070
11177
11166
11168
2337
6636
7575
0
11161
7441
11152
11175
7620
11146
5405
11142
11142
11149
11147
11131
11134
11132
2967
11134
7207
11131
11122
11134
11125
11125
11112
11113
11101
11090
11100
11094
11095
6834
951
11080
11085
6954
11071
11067
11074
11066
6125
7589
11057
11054
2809
11053
237
11050
11036
11038
7375
11033
11038
11019
11030
11027
11032
11023
11024
11014
10999
1780
6818
7274
5420
10986
10984
10984
10992
10983
10990
10969
10972
4046
10949
10947
5107
7357
10927
10943
10941
10936
10927
10932
7389
10917
10914
2180
10914
10912
10914
10913
10903
10916
10906
10888
10895
10898
2234
8
10886
10889
10887
10863
7447
10866
7045
10867
10861
10849
6213
4425
10847
10840
10828
2921
10843
7021
5685
10822
240
10823
10815
10816
10825
10811
5882
10815
10825
10820
10807
6881
10793
10793
10777
10788
10781
10772
7337
6687
10766
10773
10761
1328
10760
10741
1255
10749
10752
6919
10753
28
10751
10734
10753
10750
851
10715
5520
10718
6126
10723
166
10711
10712
10714
10710
10709
4071
3830
10701
10699
3485
10693
10695
10690
6574
10677
10678
4600
10664
10655
10655
7106
5581
10664
5115
10644
10635
10624
10636
10632
10628
229
10629
10630
10612
10610
10626
10616
10616
10615
10607
10614
10604
10606
7194
10609
10590
10599
10580
10592
10589
10574
10585
4000
29
10572
10566
10570
10563
10560
3015
10565
6714
10551
10545
10531
10550
10542
10553
10531
10537
10529
10529
6735
10536
10527
10519
10517
3199
10513
10531
10513
10500
10494
10487
2374
10498
10493
10492
10482
10488
10479
10484
10484
1301
6829
10473
10451
10475
10449
10455
10443
10452
10445
10454
10442
10436
10415
4316
10429
10422
4045
5338
10417
10418
10418
10412
255
3337
5957
10404
3759
4182
10391
4908
10392
10384
10376
10369
10366
10354
10364
10365
3370
10353
10374
10356
10340
10344
4504
10339
10338
10348
10333
2606
2402
10330
4150
10323
10318
10332
10326
10324
10314
10312
10311
10312
10311
6331
10306
10304
6616
10301
10289
10292
10288
74
10278
10279
10269
10269
10264
10251
1360
10244
10261
10255
10243
10259
10237
10242
10246
10241
10233
3084
10233
10228
5501
10225
30
10228
10218
10213
10202
10211
10206
10208
1676
193
10198
10197
10191
10196
10197
10201
10191
10188
10187
6244
10189
5896
5006
10172
10179
10168
10173
10169
10165
10169
10163
10166
10167
10165
10163
10158
10147
10126
10154
10148
10151
10146
6064
6429
10114
10139
613
6498
10123
10134
10126
10124
6564
10119
10109
10130
10107
10106
10098
497
10097
10094
5820
5537
578
10085
10094
5964
10081
10064
10079
10074
4381
10063
10058
10050
5197
607
10052
10056
10054
10052
10050
10022
10038
10031
10030
10036
10032
10020
10022
10017
5635
10017
6389
9997
10013
10007
10006
10005
10008
10019
9991
4403
9994
10012
10000
9992
6551
9976
9976
9971
9973
9964
9989
9970
4670
9964
5584
9966
1
0
9961
9936
9961
9934
9939
9946
9942
9926
9928
9924
2981
5874
9919
4946
9917
9907
9912
9912
9901
9896
9901
9901
4358
6349
9899
9888
9874
9880
6348
9876
9882
9875
9875
6000
6471
9876
1607
2377
9861
9861
9847
9857
9848
9845
6112
2547
9833
4186
9846
9832
9826
9831
9813
9808
9814
9804
9820
9813
9802
115
9806
9802
9795
9774
9789
2330
9792
9777
9782
9784
4546
9784
9793
5003
6195
1136
9776
9762
9769
9767
9765
9755
9758
9764
5861
9750
9745
9765
9754
9749
9740
9732
501
9751
9752
9738
9741
9731
9725
9717
6284
9733
9718
9722
9718
9717
9711
9711
9701
9701
9696
9695
9693
9697
9692
9692
4579
1338
9687
9683
9684
9691
9682
9670
9672
9674
9665
9654
1303
9658
9661
1643
9651
9636
9655
9653
9652
9644
4445
9644
9631
9635
5269
6207
9622
4940
5463
1972
9617
9616
9617
9621
9610
9632
6021
9605
1773
9610
9610
9610
9598
9591
9599
9600
9597
976
9575
9593
9590
9584
9586
9585
1589
6131
9565
9572
9569
9564
5704
9562
9569
9567
5091
5164
9552
9553
9551
9553
1484
9549
9551
9549
9545
9554
9525
5797
9543
9535
4758
9525
9532
9520
9521
9524
9515
9522
9498
9510
9508
9513
9501
9507
4289
9495
9510
9503
9496
9499
9493
9493
6058
5608
9490
9477
35
237
9487
2804
5695
9480
9476
9470
9466
9471
9457
9463
9466
9466
3808
2377
9447
5192
9453
5692
9461
9445
9453
9448
9455
9441
9450
2209
81
9450
9435
4388
9428
9408
9430
9440
9418
9419
9424
9412
9401
9395
9391
9407
9394
2886
9381
9391
9384
9387
9389
9383
9382
9375
3512
9385
9372
9368
9376
9377
9364
9365
9350
9354
9352
9345
9345
9344
9320
9343
9330
9344
9340
529
9337
9325
382
9331
9325
9330
9325
9333
9318
9314
9318
9312
5318
9312
9283
9309
9301
3209
9307
9289
9307
9296
9279
9287
3019
5265
5142
9289
9272
4
9272
9252
9263
9266
9259
9264
9252
9253
5132
9245
9252
2357
9247
9245
9238
9237
9234
1997
9234
9223
9227
9218
2376
9199
5675
9204
9191
9187
9192
9186
9183
4902
9178
9187
9180
7
9177
9160
9160
9157
9154
9148
9159
9153
9153
1292
9157
9142
2068
9142
9151
9142
9141
9133
5709
4966
9132
9127
291
9136
9115
9115
9123
9115
9117
9114
5362
9102
9119
9103
3032
9103
8
5690
9086
9099
9090
9094
9090
5555
9094
9085
9075
9069
9085
4777
5431
3972
9069
9088
5429
9081
9064
9068
9069
3246
9066
5435
3624
5122
9049
9039
5526
9052
9041
9040
9051
9036
9034
9027
9022
9008
9008
8997
9006
9000
8984
8999
8986
3043
8986
3145
8974
8977
8982
8979
8972
8971
8962
8957
8965
8960
8956
8961
5054
8941
8949
18
8956
8952
8945
8946
3799
8944
8930
8932
8938
8929
8930
8930
4013
8929
8920
8932
8922
986
8913
8921
8920
8913
8916
2909
8912
8914
8910
8892
8905
8909
8904
8901
4532
8899
5025
8883
5184
8891
8888
1829
8879
8895
8877
8886
8879
8878
8877
8877
8877
8881
8874
8866
8863
5124
8868
8862
8873
151
8865
8869
8867
8847
8852
8864
8839
8861
8858
8851
72
8855
3564
8849
8858
8839
8843
8835
8846
8847
8833
8836
5418
8834
8817
5054
8830
4245
8818
8822
2318
8816
8814
8806
8797
8796
8796
8796
8798
8791
3521
8791
8793
8784
8788
8789
8785
8783
8777
8781
3885
3380
8777
8784
8774
8783
8781
8769
8764
8766
8756
8757
5265
8742
8742
8739
8743
8742
8743
8732
8748
8738
8747
8738
8737
8732
8729
8726
8733
8724
8726
8724
8706
5289
8708
8704
8700
8700
8704
8699
8704
8697
4324
851
8693
8693
8698
8673
5144
8684
8656
8662
8668
8668
8665
8669
8673
8662
8659
8660
8661
8656
8637
8651
2267
2501
8652
8639
8643
8638
8638
8633
8634
8628
8625
8635
8615
8627
8616
5144
8615
8620
8609
8606
8603
3973
8601
8598
4031
8596
8598
8600
8593
2580
8574
8585
8582
8587
8569
8571
8570
8570
8566
8566
8560
8567
8557
8551
8563
8557
8542
8558
8545
8547
8541
8537
8540
8536
8538
8547
8537
8536
8536
8526
8527
8527
8529
8519
8518
8513
8508
8515
8517
8510
8504
8508
8510
3514
897
3858
8505
8505
8502
5030
8493
2376
5012
8490
8488
8493
8490
8496
8480
8480
8488
8479
8479
8486
840
235
8461
8480
8464
8466
8460
8466
8451
4631
4008
8450
8436
8438
8446
8444
8437
8427
8432
8436
8424
8437
8426
8422
8424
8424
8421
8419
842
8411
8422
1760
8423
8410
8411
8413
8406
8400
8410
8409
8406
8419
8400
8402
8408
8389
677
8395
8384
8382
8387
8388
4255
8378
8368
2495
8368
8368
8364
8355
8344
8354
8355
8351
8355
8342
8342
8339
8340
8342
8344
8331
8322
8336
8333
8328
8315
8319
3768
8316
8325
8316
2043
8312
8313
8313
8320
8301
8306
8300
2456
8294
8297
8296
8292
3042
8291
8296
8285
8291
8289
8292
8283
8270
3360
8284
8280
8261
8263
8276
8274
8268
8263
4111
8254
8266
8257
8256
8261
8242
8239
8247
8245
1232
8241
825
8245
8237
4
8239
8232
8235
8233
8226
8223
8225
8219
8227
8218
8222
8216
8211
8212
8202
8206
8199
8211
8210
3909
4012
8189
8195
4263
8213
8190
8198
8187
8196
8195
8188
8178
8177
4320
8174
8175
8162
8175
8169
8168
25
8162
8153
8157
8158
3295
4475
8151
3465
8
8149
8125
8131
8134
8138
8134
8136
8119
8114
8121
8131
8123
8109
2924
8122
8113
8113
8106
8113
8106
8119
8106
8110
2022
8090
8103
8103
8086
8094
8095
8107
8089
4389
8086
8087
8086
8089
8080
8084
8074
4653
8069
8078
8080
8075
3711
8059
8061
2907
8070
8060
8057
8075
8043
4447
8034
8034
4215
8028
8035
8037
8041
4239
3841
8025
8028
8012
8022
8021
1188
8004
8010
8011
8011
4518
8004
8007
8004
8010
8012
8000
8001
7998
7999
879
1746
7997
7992
7997
7985
7965
2877
7979
7978
7978
5
7973
248
7967
7958
7975
7961
7960
2142
2402
7962
7957
7955
7946
7956
2237
7957
7942
7943
7948
7926
7938
7937
7937
7933
3963
7919
7923
7918
7908
7919
2539
7921
7914
7916
7915
7911
104
7906
7904
7898
7904
7898
7902
7892
7901
7899
7890
7892
7891
7881
7885
7893
7875
7874
7875
7866
7872
7862
7860
7863
0
7865
7865
7859
7841
7845
7862
7863
7855
7861
7849
7854
7855
7842
7832
7842
7826
7840
7841
7850
7829
610
7831
7841
7822
7829
7819
7826
7820
7820
7806
7809
2281
7801
7808
7801
7799
7810
4361
2900
4315
7792
7788
7799
7796
7784
7789
7784
7780
7778
7781
7779
7762
7776
7775
2346
7763
7769
7751
7752
7734
7746
7757
2431
7750
7739
7741
7744
7731
7739
7732
7730
7730
7740
7743
4162
7730
7719
7728
7721
7723
7719
7721
3922
7715
7730
7715
7724
7722
7720
7716
7713
7723
7714
7715
7736
7712
7710
7706
7715
1281
7709
7715
3640
7705
7704
7707
7702
7697
7699
7685
7692
7683
7689
7694
7687
7681
7679
7678
7674
7661
7675
7675
7682
7667
7671
7668
7675
7658
7664
7663
7651
7655
7661
7653
7649
7649
7649
7653
7647
7636
7648
7639
7650
7642
7643
7642
7638
7641
7625
7641
2659
7631
7638
2659
7637
7632
7634
7629
7629
7624
7620
7624
7619
7621
7613
7618
7620
7623
7615
7614
1762
2929
111
7602
7603
7618
7595
7596
7591
7603
7592
7594
7605
7604
568
7593
7597
7591
7597
7597
7593
7583
7594
3994
7592
7591
7587
7584
7582
7572
7577
7577
7580
7560
7563
7549
4066
7558
7548
7558
4075
7550
7558
3895
7551
7552
7539
7549
3432
2802
7546
7539
7544
7550
7539
7534
7538
7541
7534
7534
7524
7525
7528
7531
7530
3573
7530
7519
7520
2036
1350
7527
7522
7510
7522
7511
7499
7502
7489
7491
7503
7496
7491
3818
7473
1789
7495
3887
7487
7494
7484
7482
7479
7477
7489
7471
7478
7482
3442
7462
7459
3190
7471
7471
7470
7463
7457
7470
7465
7448
7452
7456
7447
7445
1912
7438
7447
7454
7443
7437
7437
7395
7436
7437
7412
7426
7421
7420
7418
7431
7414
7410
7416
7413
7410
1980
7407
7400
3868
641
149
7390
7392
7407
7389
7398
7397
7407
7393
7396
7390
7396
7391
7393
7378
7376
7379
7380
2609
7353
7373
7364
7362
7366
7368
2780
3939
7369
7357
7359
7362
3768
7349
2529
7350
7351
7343
7337
7353
7344
7348
7344
2475
7340
7333
7343
7338
2193
7317
7330
7329
7334
7327
7325
7327
2951
7324
7324
7316
7324
7309
7308
7314
7308
3284
7301
7300
7304
7296
7298
7301
7291
7301
7291
7287
7290
7283
7284
223
7296
7285
7281
7290
7285
3508
7278
7274
7271
7269
7268
7265
7255
7266
7255
7256
7265
7259
7256
7267
7252
3297
7255
7252
7258
7262
7250
7250
7246
7239
7246
7236
7234
7240
7236
7238
344
7226
7224
7227
7224
7217
7224
7204
7208
7215
1768
7200
7200
7179
2758
7198
7190
7192
7186
7185
7180
7187
7189
7189
2539
7188
7175
7179
7182
7170
7159
7158
7161
3177
7159
7159
7147
7151
7156
7160
7153
7150
7141
7150
7158
7144
7144
7135
7144
7154
7145
7139
7129
7130
7127
3178
7132
7127
7126
7124
7118
7115
7125
7112
7107
7123
7121
7120
7119
7110
7111
3280
7111
2586
7100
7101
7102
7104
7095
3572
7107
7100
7093
2819
7091
7084
7086
7079
7087
7073
7081
7077
7073
7076
7069
7077
7076
7073
3606
7069
7065
7063
7065
7059
789
3555
7050
7060
7054
7054
7061
3291
7047
7053
7053
3591
7050
7050
7049
7046
7053
7038
7045
7040
7046
7043
7039
7035
950
7038
7033
1275
7052
7040
507
7031
7030
7031
7025
7037
7018
7005
7021
7006
7013
7003
7009
7006
7012
7010
3034
3193
7004
7002
7011
6999
6998
3515
6988
6996
6994
6996
6983
6985
6984
6991
6990
6979
122
6966
6964
6968
6967
6954
6958
6961
6961
6969
6957
6953
6959
6952
6950
3062
6958
6953
6944
6954
6947
6947
6948
6946
6946
6944
6945
6943
6951
6940
6932
6929
2243
6930
6920
1129
6920
6916
2662
6912
6907
6896
1624
6899
130
6900
6891
6886
6887
6888
6888
6886
6891
6887
6874
6876
6880
6877
6878
742
6875
6865
6869
6860
6871
6868
6863
6846
6860
6862
6847
6856
6858
6846
6852
6847
6854
6845
3400
6849
6842
6850
2930
6841
6844
6846
6836
6841
6839
6832
6836
6833
6829
6825
3070
6831
6823
6818
6820
6825
6815
6810
1516
6810
6796
6807
6807
6802
6803
6806
1296
6807
6797
6806
6796
6802
6793
6788
6784
6788
6795
6789
6789
6785
6779
6787
6780
6783
6776
6772
6772
6765
6771
6769
6776
6762
6763
6763
6764
6760
6758
3132
6763
6754
6766
6760
291
6746
326
6743
6755
6745
6741
6752
3036
6739
6745
6742
6746
6743
6750
6733
6737
6742
6731
3155
6735
6736
6733
6722
6725
6734
6737
6720
6723
6724
6714
6721
6717
6713
6713
6716
6725
6713
6721
6702
6718
6711
619
6706
6705
6707
6701
6700
6703
6703
6696
6691
6696
6692
6691
6684
6687
6690
6685
6670
6680
6679
6678
6677
6670
6680
6675
6665
6667
6674
6671
6665
6667
6654
6670
2584
6665
6660
6657
6652
6666
6655
474
2922
6654
190
6653
6652
6642
6649
6646
6644
6644
6650
6643
2494
6641
381
6643
3136
6635
6636
6640
6633
6630
6633
6632
6621
6619
6619
6613
6617
6626
6620
6616
6622
6607
6625
6615
6609
6611
6615
6604
6598
6598
6596
6606
6587
6599
6602
6596
6590
6595
6585
6589
6589
6588
6587
6577
1960
6579
6582
6574
6580
6557
6578
6566
6571
6567
6572
6573
6568
6566
6576
6571
6565
6561
2468
6556
6557
6558
6570
2831
6557
6549
6547
6552
6553
6555
6559
6556
6545
6550
6546
6546
6546
6546
15
6547
6548
6544
6530
6537
6540
2889
6541
6539
6543
6540
6539
6529
6541
6529
6530
6531
6532
1651
6528
6526
6529
6528
6515
6512
6509
6519
6515
6516
6513
718
1299
6506
2817
6511
6510
6502
6506
6503
6486
6490
6496
6494
6493
6488
6496
6491
6493
2051
6483
6489
6477
6493
6484
6485
6482
6486
6481
6483
6474
6475
6465
6469
6466
6464
6464
6467
6469
6472
6472
6469
6471
6461
6463
6461
6463
6466
6450
6459
6467
6465
2273
6457
6452
6453
6451
6458
6453
6445
6445
2548
2371
6443
6434
6437
6426
2856
6424
6442
6425
6438
6429
6426
6423
6430
6427
6431
6428
6424
6430
3020
6428
6416
6414
6415
6416
6416
6413
6413
6410
6406
6411
6401
6398
6400
6400
6396
6397
6396
6409
6398
902
46
6393
6395
6392
6386
6389
6388
5707
6382
6384
6380
6379
6385
6380
6388
6377
6363
6376
6374
6381
6367
6370
6371
6358
6364
6357
6366
6351
6349
6358
6352
6345
6358
6354
1690
6346
6348
6347
6342
6343
6342
6338
6342
6333
6326
6335
6330
6328
6331
6324
6331
2012
6333
6323
6317
6321
6324
2136
6309
6302
6317
6310
6303
6304
6306
6307
6300
6303
800
1568
6292
6291
6295
6289
6287
6290
6287
6292
6302
6298
6286
485
6281
6280
6282
6284
1083
6276
6275
6263
6274
6261
6272
6263
6266
6264
6263
6260
6246
6256
6263
6254
6253
6255
6251
6247
1084
6245
6253
6253
6242
6240
6246
6241
6245
6243
6240
6238
6248
6241
6237
6243
6238
1697
6221
6234
6236
6228
6233
6224
6222
6222
6227
6216
6215
6215
6214
6221
6220
6220
6222
6212
6217
6209
6208
6209
6207
2557
6207
6210
6208
2376
6215
6210
6201
6195
6197
1500
6197
6195
6194
6192
6194
6193
6203
6187
6194
6189
6187
6190
6181
6181
1821
6185
6174
6177
6186
6178
6177
6177
6173
6161
6171
6178
6171
6177
6168
6165
6162
6166
6164
6171
6170
310
6160
6162
6157
6160
6149
6148
6149
6146
6157
6152
6150
866
6132
6150
6140
6144
6136
6129
6138
6135
6131
6134
6135
6128
6126
6130
2588
6129
6129
6105
6128
6120
6121
6120
6109
6121
6110
6113
6116
6102
260
6109
6103
6108
6111
6101
6100
6106
6110
6108
6105
6087
6093
6099
776
6095
6085
6090
6080
6091
6084
6060
6084
6084
6078
6085
6077
6076
6075
6082
6078
6076
2445
6075
6076
6074
6069
6082
6063
6072
6065
6061
6064
6059
6062
6062
6052
6051
6059
6047
6056
6058
6048
6051
6056
6053
6048
6047
6047
6049
6044
6042
6048
6038
6044
6048
6038
6041
6041
6034
6030
6034
6035
6024
6037
6033
6030
6033
6025
6016
6028
6018
6018
6023
6024
6024
6017
6002
6017
6019
6011
6017
6007
6010
6004
6008
6012
6007
6002
6010
6006
5998
5996
6013
6005
6010
6004
5994
5991
5987
751
5984
5999
5989
5989
5987
5989
5981
5984
5969
5979
5978
5981
1672
5970
1141
5980
5969
5968
5979
5971
265
5977
5964
5967
5969
5966
5958
5965
5967
5966
5953
5961
5952
5956
5955
5954
5942
5951
5943
5942
5942
5949
5949
5941
5940
5926
5933
5930
5938
5938
5930
5931
5931
212
5933
5934
5933
5934
5917
5921
5929
5919
5916
5924
5922
5917
1881
5922
5911
5911
5888
5909
5905
5903
5911
0
5909
5909
5907
5899
1127
5907
5907
5904
5904
5903
5900
5904
5900
5899
5904
5899
5906
5891
5884
5904
5899
5896
5896
5894
5891
5892
5892
5882
5889
5897
5897
5887
5885
5884
5898
5876
5874
5884
1455
5879
5884
5878
5880
5855
5878
5869
5870
5872
5872
5868
5866
5871
5872
5869
5875
5859
284
5860
5860
5858
5863
5857
5846
5857
5856
5852
5848
1088
5854
5846
5848
5848
5841
5846
5845
5850
5850
5842
5844
5843
2391
5842
5835
5840
5836
5838
5834
5833
5841
5839
5833
5831
5838
1321
5832
5824
2285
5818
5824
15
5817
5827
1910
5823
5813
5813
5809
5816
5808
2292
0
5809
5810
5799
5806
5804
5800
5797
5800
5799
785
5795
5799
5797
5807
5809
5796
5799
5783
5786
5805
5793
5794
5796
5797
5783
5794
5790
5793
5787
5783
5787
5795
5782
5780
5779
5775
5785
5773
5769
5767
5767
5770
5772
124
761
5766
5775
5769
5760
5762
5765
5757
5765
1237
304
5746
5746
5746
5748
5746
5743
5745
5750
103
5738
5743
5739
5739
5736
164
5737
5735
5737
5727
5739
5733
5732
5731
5724
5727
5717
5726
1677
5722
5721
5714
5712
5713
5721
5716
5717
5723
5711
5720
5713
5709
5711
5707
5712
5706
5709
5715
5711
5700
5702
5701
5699
5704
5703
5697
5688
5702
5690
5699
5700
5690
5696
5688
5696
5688
5695
5691
5687
5679
5688
5681
5686
5686
5675
5681
5675
5668
5673
5667
5671
5673
1364
5669
5666
5658
5664
5658
5661
5656
1452
5645
5655
5652
5644
5641
5648
5647
5648
5649
5642
5646
5645
5642
5645
5644
5633
5640
1974
5638
5653
5636
5640
5632
5638
5630
5636
5632
1830
172
5633
1262
5633
5626
5619
5630
5636
5627
1058
5620
5622
5620
5616
1963
5618
5620
5614
5613
5608
5598
5612
5617
5607
5609
5609
5606
5610
14
5601
5598
5595
5596
561
5591
5590
1450
5593
5576
5591
5590
5587
5587
5581
2020
5592
5588
5578
5581
5577
5580
5575
5570
5582
5584
5575
5579
5590
5569
5570
5580
1922
5577
5565
5561
5563
5568
5563
5548
5565
5562
5562
5557
5557
5557
5551
5548
5554
5554
5550
5562
5549
5552
5545
5555
5538
5550
5555
5546
5547
5547
5549
5542
5542
5540
5537
5532
5543
5532
5530
5541
5533
5534
5532
5536
5527
5527
5533
5534
5523
5525
5521
5520
5521
5528
5519
469
5529
5518
5520
5518
5517
5527
5524
5517
5517
5520
5508
5516
5516
5508
5509
5500
5510
5504
5505
5510
5501
5513
5500
5503
5510
5498
5497
5497
5496
5497
5495
5496
5489
5488
1780
5482
2
5487
5482
1757
5467
5487
5492
5485
5484
5484
5486
5486
5472
5461
5484
5477
5475
5471
5473
5474
5477
5476
5464
5473
5464
5467
5459
5462
5463
5459
5463
1829
5457
5459
5454
5452
1854
5452
5460
5448
5453
5448
5451
5450
5447
5450
5444
5440
5446
5443
5438
5442
5444
5435
5431
5437
5434
5437
5440
5431
1616
5430
5438
5428
5428
5429
5412
5424
5420
5427
5417
5415
5416
5422
5416
5413
5411
5413
5422
5415
5410
5407
5411
5411
5409
684
5412
5413
5401
5403
5403
5389
5397
5404
5397
5400
5400
5406
5397
5395
5398
5389
5390
5386
5385
5387
5384
5384
5379
5386
5382
5365
5380
5386
5376
5376
5381
5375
5382
5373
5368
5378
5377
5360
5372
5366
5376
5361
5368
5360
5361
5363
5364
5363
5364
5359
5365
5360
5357
5357
5348
5353
5354
5352
5350
5353
5357
5348
5349
5353
5355
5341
5343
5345
5340
5342
5340
5340
5348
5343
5335
5339
5328
5330
5337
5336
5334
5336
5332
5337
5337
5338
1539
5332
5333
5324
5329
5325
5308
5329
5320
5325
5325
5331
5316
5322
5321
5318
5323
5315
5306
304
5313
5308
5314
5314
5308
822
5318
5312
5312
5305
5307
5306
5299
5307
5301
5303
5301
5298
5304
5292
5296
5299
5297
5288
5289
5287
5292
5291
5297
5283
5279
5291
5286
5288
78
5281
5270
5277
139
5274
5284
5283
5268
5275
5275
5277
5280
5278
5272
5269
5270
5271
5272
5275
1572
5266
5255
5266
5259
5266
1217
5255
5257
5261
5265
5260
5255
5250
5259
5233
5248
5257
5253
5255
5246
5246
5242
5251
5249
5246
5254
5251
5250
5252
5237
972
5245
5245
5243
5245
5248
5246
5238
5242
5244
5245
5246
5234
5233
5239
5237
5227
5240
5241
5239
5241
5227
5230
5230
5233
5230
5227
5231
5235
5222
5222
5228
5224
5225
5220
5225
5222
5223
5213
5221
5220
5218
5212
5220
5202
5220
5215
5209
5207
5221
5205
5205
5210
1064
5203
5209
5197
5203
5203
39
5196
5199
5199
5200
5192
5193
5193
5196
5193
5191
5195
5197
5195
5192
5199
5189
5188
5181
5188
5186
5189
5182
5191
5179
5185
5183
5176
5181
5185
5178
11
5174
5173
5174
5178
5171
5174
5168
5175
5164
5169
5172
758
5170
5165
5165
5167
5162
5154
5166
5153
5167
5162
5159
5164
5150
5158
5158
5143
5148
5160
5149
5148
5149
5153
5151
5145
5145
5146
5142
5141
5137
5141
5143
5144
5140
5144
5136
5140
5125
5131
5137
5120
5125
5133
5129
5123
5132
5131
5128
5126
5134
5125
5129
5127
5126
5127
5131
5126
5128
5124
5125
5115
5123
5118
5123
5115
5117
5119
5123
5119
5119
5121
16
5120
5116
5119
5114
5112
5115
5114
44
5115
5109
5107
5108
5109
5108
5104
5110
5103
5100
1365
5103
5103
5106
5106
5098
5099
5100
5100
5098
5098
5096
5099
5101
5089
1629
788
5098
5092
5090
5088
5087
5095
5086
5090
5086
5087
5088
505
5086
292
1
5069
5077
5080
5074
5076
5069
5070
5072
5073
5074
5070
5063
5069
5066
5068
5062
5060
5068
5064
5067
5061
5059
5055
5066
5056
5065
5058
5061
5062
5056
5050
5046
5052
5058
5056
5052
5051
5050
5050
5040
5049
5047
5052
5054
5050
5048
5049
5052
5058
5044
5048
5050
5045
5033
5042
5037
5037
5050
5037
5036
5039
5032
5033
5036
705
5024
5039
5035
5034
5031
5028
5031
5023
5030
799
5025
5026
5033
5022
5032
5014
5023
5020
5025
5020
5029
5019
5016
5019
5018
5016
5019
5015
5009
5001
5008
5006
5011
5003
5003
253
5007
5005
5004
5007
5008
5006
5007
5009
4998
656
4998
4997
24
5000
5003
831
4997
800
5001
4990
4996
4991
4985
4984
4982
4978
4983
4987
4992
4988
4984
4983
1485
4975
4982
4980
4984
4972
4978
4974
4982
4975
4975
4978
4973
4974
4976
4979
4970
4978
4973
4969
4973
4967
4969
4962
4969
4966
4970
4962
4957
4969
4955
4963
4949
4962
4955
4958
4955
1154
4951
4952
4956
4958
4950
4956
4960
4956
9
4947
4947
4942
4946
4950
4945
4939
4945
4943
4945
4944
4939
4944
4934
4942
4942
4942
4931
4935
4937
4939
4939
4938
4939
4936
4924
757
4926
4934
4930
4922
4922
4924
4921
4926
4909
4922
4922
4920
1109
4911
4918
4920
4916
4913
462
4914
4911
4916
4913
4912
4905
4904
569
4905
4916
4913
4906
4903
4902
4903
4908
4911
4895
4901
4899
4901
4898
4901
4898
4898
695
4896
4902
4902
4895
4891
4894
4894
4896
4898
4891
4895
4892
4899
4894
4886
4890
4898
4891
4881
4891
4891
4889
4877
4883
4886
4881
4885
4883
4878
4882
4882
4875
4873
4876
4881
4882
4876
4872
4877
6
4872
4869
4867
4872
4872
4871
4863
4865
4870
4869
4867
4867
4870
4855
4870
4865
4864
4859
4857
4864
15
4864
4860
4855
4856
4853
4858
4854
4852
4852
4860
4854
4854
4857
4854
4843
4855
4850
4843
4849
4839
4845
624
1316
4845
4847
4845
4845
4832
4839
4838
4834
4834
4844
4839
4837
4838
4838
4834
4838
4827
4833
4834
4831
4820
4824
4824
4819
4828
4823
4818
4823
4816
4822
4824
4821
4822
4810
4816
1336
4813
4809
4819
4807
4811
4811
4810
4802
4805
4810
4801
4805
4805
4805
4803
4800
4806
4800
4795
4794
4795
4791
4795
4800
4795
4794
4791
4781
4793
4794
740
4797
4792
4787
4791
4786
4782
4784
4787
4782
4788
4783
4780
4774
4781
4784
4778
4782
4793
4778
4774
4775
4774
4770
4777
4769
4779
4771
4775
4774
4775
4771
4772
4767
4773
4771
4771
4765
4763
4762
4762
4759
4760
4765
4765
4757
4754
4749
4764
4754
4757
4752
4747
4747
4748
4749
4745
4747
4747
4749
4751
4750
4748
4744
4735
4747
4746
4738
1303
4740
4744
4740
4733
4732
832
4734
4735
4735
4726
4733
4724
4725
4721
4728
4729
4728
4728
4734
4720
4727
4717
4726
4725
4715
4725
4721
4715
4718
4717
4716
4715
4715
4718
4719
4711
4718
4715
4710
4712
4708
4712
4706
4707
600
4701
4696
4705
4696
4708
4704
4704
4701
4692
4697
4702
4703
4699
1127
4690
4701
4695
4702
4700
1084
4690
4689
4689
4691
4692
4687
4691
4696
4696
4691
4674
4693
4684
4689
4695
4689
4688
4690
4688
4698
4692
4691
4677
4680
4685
4684
4677
4679
4680
4681
4678
4686
4673
4679
4677
4681
4677
4670
4672
4664
4668
4670
4671
4671
4667
4676
4669
4667
4666
4671
4662
4658
4665
4669
4659
4661
4654
4658
4663
311
4662
4654
4654
4648
4650
4652
4652
4650
4656
4653
4650
4651
4648
4653
4645
4639
4648
4648
4649
4652
4655
4646
4641
4647
4640
4643
4638
4634
4644
4640
4641
387
4640
4640
4637
4638
4633
4638
4635
4633
4632
4628
4628
4629
4630
4631
4634
4626
4629
4618
69
4626
4633
4627
4624
4629
4621
4620
4626
4623
4616
4619
4615
1033
4618
4611
4621
4617
4621
4614
4621
4620
4615
4608
4612
4615
4611
4607
4610
4614
4605
4609
4606
4610
4607
4598
4605
4604
4602
4607
4606
4597
4607
4597
4597
4596
4591
4596
4599
4599
4598
4592
1022
116
4596
1101
4595
4594
4598
4593
4591
4588
4584
4589
4586
4587
4583
4584
4580
4588
4586
4573
4586
4586
4576
1165
4578
4579
4582
4577
4578
4575
4577
4582
4577
4573
4576
4578
4580
4572
4576
4576
4570
4580
4568
4570
4576
4572
4569
4566
4572
4567
4572
4567
4564
4565
4568
4568
859
4567
4561
4571
4563
4559
4567
4564
4556
4558
4569
4566
4560
4568
125
4558
4557
4558
4553
802
4557
4555
4552
4552
4555
4559
4546
4551
4552
4550
4548
4551
4551
4551
4546
4547
4542
4545
4542
4533
4544
4537
4542
4542
4534
4531
4537
1052
4535
4531
4530
4534
4533
4530
4527
4532
4525
4532
4532
4533
4529
4531
4523
4531
4524
4524
4520
4527
4526
4520
4510
4522
4523
4523
4521
4523
4513
4514
4516
4511
4512
4510
4515
4517
4521
4515
4513
4512
4511
4508
4505
4503
4507
4505
4509
4502
4510
4508
4503
827
4500
4503
454
4500
4490
4489
4495
4495
4487
4485
4492
4500
4489
4488
4496
4488
4488
4485
4481
4487
4487
4486
4486
4485
4481
4487
4485
4478
4488
4481
4481
4481
4470
4477
4476
271
4476
4469
4478
4478
4477
4474
4471
4476
4472
4466
4464
4448
4467
4469
4462
4466
4469
4461
4462
4467
4452
4460
4450
4455
4453
808
622
4449
4455
4451
4456
4453
4448
4453
4453
4450
4449
4449
4452
4442
4451
4443
4444
4438
4436
4440
4447
4439
506
4433
4442
4436
4443
4439
4435
4437
4430
4433
4433
4428
4432
4428
4437
4431
4431
4432
4429
4432
4436
4428
4426
4433
4430
4420
4428
4425
4424
4426
4421
4421
4427
4423
4430
4424
4414
4420
4413
4422
4420
4415
4419
4410
4418
4410
4412
4413
4414
4419
4409
4420
4408
4403
4410
4403
4397
4407
4407
4405
4403
4401
4400
4404
4404
4411
4404
4398
4400
4399
4399
4402
4400
4393
4397
4394
4396
4399
4396
4399
4388
4382
4397
4387
4400
4389
4389
4391
4390
4388
4393
4385
4380
4385
4388
4396
4383
4377
4382
4385
4247
4389
4382
4382
4385
4384
4379
89
4369
4369
4374
4373
4372
4370
4371
4369
4369
4371
4370
4377
4370
4373
4357
4371
4367
4368
4368
4369
4364
4364
4359
4365
4365
4366
4365
4354
4360
4351
4354
4350
4354
4356
348
4353
4350
4352
4357
4347
4352
4345
4348
4345
4352
4341
4345
4335
4345
4347
4344
4340
4348
4342
4345
4338
4342
4337
4347
4338
4344
4343
4333
4339
4338
4334
4336
4332
4336
4331
4337
4339
4330
470
4333
4331
4334
4336
4326
4326
4327
4328
4326
4321
4326
4330
4325
4327
4317
4325
4324
4322
4318
4322
4315
4312
4314
4314
4311
4313
4309
4312
4308
4301
4304
4306
4315
4310
4310
4309
4298
4299
4301
4302
4306
4305
4305
4299
4300
4299
4301
4292
4301
4303
4289
4296
4296
4291
4291
4295
4296
4292
4292
4297
4291
4291
4289
4290
4292
4294
4295
4288
4288
4285
4288
4289
4290
4289
4285
4284
4275
4284
4286
4286
4286
4290
4284
4275
4285
4285
4287
4284
4276
4278
4282
4274
4267
4276
4286
4277
4275
4274
4278
4277
4275
4259
4268
4269
4276
4270
4269
4272
4272
4271
4264
4268
4266
4265
4269
4270
4260
4263
4264
4260
4261
4259
4260
4258
4259
4257
4255
4264
4252
4251
4254
4252
4249
4247
4250
4249
4248
4250
4246
4258
4247
4245
4248
181
4253
4247
4251
4244
4244
4249
4245
4244
4241
4245
4248
4234
8
4245
4237
4240
4245
4241
4238
4238
4234
4233
4226
4235
4230
4234
4236
4236
4227
4227
4235
4229
4222
4223
4231
4217
4228
4228
4228
4223
4227
4222
4231
4221
4222
4216
4220
4215
4210
4216
4219
4208
4221
4217
4206
4214
4210
4213
4208
4205
4211
448
4209
4204
4210
4203
4202
4204
4202
4208
4211
4205
4204
4200
4209
4202
4210
4197
4200
4203
4200
4203
4204
4203
4205
4201
4204
4196
4193
4207
4193
4200
4194
4200
4191
4192
4192
4194
4197
4188
4181
4194
4191
4193
4185
4181
4184
4186
4186
4183
4187
4178
4183
4183
4183
4186
4182
4180
4186
4185
4180
4174
4170
4178
4178
4178
4175
4179
4177
4175
4173
4167
4176
4168
4169
4170
4170
4167
4166
4173
4169
4172
4168
4171
4170
4167
4166
4172
4169
4168
4165
4158
4169
4164
4166
4161
4160
4163
4157
4159
4162
4160
4164
4162
4162
4162
4159
4161
4150
4157
4154
4152
4150
4153
4141
4154
4151
4151
4151
4150
4148
4146
4149
4148
4149
4145
4145
4144
4138
4146
4148
4146
4143
4144
4142
4143
4141
118
4138
4134
4142
4138
4132
4138
4137
4133
4135
4129
4125
4134
4131
4135
4128
4132
4130
4124
4128
4127
4127
4129
4128
4127
4122
4126
4119
4123
4129
4126
4111
4122
4127
4125
4119
4122
4121
4116
4121
4125
4114
4121
4123
4117
4120
4122
4115
4121
4124
4123
4113
4114
4107
4110
4111
4116
4111
4112
4114
4112
4116
4112
4113
4110
4111
4113
4109
4107
4111
4112
4110
4112
4111
4108
4102
4103
4101
4104
4105
4107
4102
4102
4101
4104
4099
4099
4075
4100
4103
4098
4094
4095
4087
4097
4093
4097
68
4091
4081
4093
4096
4095
4091
4086
4091
4093
4078
4086
4085
4085
4087
4081
4084
4084
4084
4087
4084
4079
4086
4081
4076
4078
4078
4075
4078
4078
4083
4084
4074
4079
4078
4074
4072
4074
4074
4065
4067
4072
4074
4071
4067
4071
4067
4066
4068
4068
4069
4066
4072
4067
4061
4072
4068
4074
4057
4069
4063
4065
4064
4060
4066
4069
4067
4060
4049
4060
4056
4063
4045
4060
4054
4062
4060
4061
4062
4058
4047
4057
4059
4056
4051
4048
4053
4056
4054
4044
4055
4048
4055
4052
24
4052
4054
4053
4039
4045
4039
4044
4051
4046
4040
4039
4044
4042
4039
4039
4046
4044
4046
4042
4039
4035
4037
4044
4041
4025
4034
4035
4037
4030
4040
4034
4038
4041
4037
4035
4038
4036
4036
4033
4029
4035
4031
4041
4032
4035
4031
4028
4032
4026
4022
4031
4025
4028
4028
4027
4022
4024
4020
4025
4026
4025
4021
4026
4023
4023
4020
4022
4015
4025
4019
4011
4022
4022
4005
79
4019
4011
4019
4010
4019
4012
4014
118
4018
4013
4012
4010
4014
4014
4014
4005
4013
4015
4011
4011
4005
4013
4005
318
4010
4011
4011
4007
4008
4000
4004
4006
4009
4004
4004
4010
4002
4000
3996
3999
4004
3996
3993
4000
3995
4001
3992
3992
4001
3993
4003
4004
4001
3996
3986
4002
4003
3991
3995
4000
3996
3996
3997
3997
3990
3985
3993
3998
3985
3985
3994
3990
3990
3992
3990
3986
3980
3994
3990
3985
3986
3988
3989
3983
3990
3983
3990
3989
3992
3989
3968
3978
3984
3986
3983
3985
3989
3982
3983
3981
3986
303
3986
3985
3982
3983
3975
3980
3974
3969
3977
3979
3971
3976
3969
3974
3972
3972
3968
3966
3967
3970
3972
3974
3974
3968
3968
3969
3964
3963
3966
3951
3960
3966
3967
3967
3962
3966
3964
3964
3959
3965
3961
3966
3956
3963
3953
3962
3958
3952
3960
3949
3958
3960
3949
3959
3947
3954
3950
3949
3952
3948
3955
3953
3952
3948
3951
3949
3948
3950
3953
3953
3944
3944
3941
3942
3946
3942
3942
3946
3942
3942
305
3943
3934
3939
3935
3939
3936
3931
3929
3935
3938
3933
3929
3931
3930
3931
0
3931
3933
3930
3926
3932
3924
3932
3929
3929
3925
3920
3925
3922
3932
364
3928
3924
3918
3925
3919
386
3922
3921
3920
3912
3915
3917
142
3918
3918
3917
3917
3917
3917
3915
3909
3916
3911
3910
3908
3907
3904
3911
3911
3905
3908
3909
3907
3904
3905
3902
3902
3905
3900
3898
3907
3901
3902
3894
3899
3901
3896
3899
3895
3900
3891
3899
3894
3892
3898
3888
3898
3901
3899
3901
3887
3893
3893
3891
3882
3888
3893
3891
3889
3891
3879
3885
3886
3883
3884
3881
3885
3885
3877
3881
3885
3884
3882
3879
3880
3880
3879
3877
3879
3874
3877
3878
3872
3875
3872
3873
3870
3877
3880
3870
3871
3871
3871
3866
3869
3868
3868
3869
3866
3867
3868
3871
3860
3867
3864
3860
3870
3867
3860
3863
3860
3863
3863
3863
3858
3852
3854
3862
3863
3861
3855
3861
3856
3851
3859
3851
3853
3851
3851
3852
3850
3853
3855
3853
3850
3853
3849
3853
3848
3856
3849
3844
3847
3840
3845
3844
3845
3845
3845
3846
3843
3839
3840
3838
3840
3845
3837
3841
3841
3842
3839
3835
3827
3837
3834
3835
3834
411
3835
3839
3833
3832
3818
3825
3834
3830
3829
3835
3829
3826
3828
3823
3825
3827
3829
3826
3825
3829
3823
3821
3819
3827
3821
3818
3824
3824
3822
3820
3814
3813
3825
3819
3806
3819
3819
3812
3810
3817
3817
3814
3815
3807
3808
3813
3811
3805
3806
3797
3810
3807
3804
3803
3807
3803
3799
3804
3798
3792
3807
3803
3801
3802
3794
3801
3785
3801
3796
3801
3796
3792
3796
3797
82
3796
3787
3785
3794
3795
3793
3788
3792
26
3787
3788
3782
3784
3783
3789
3789
3789
3788
3790
3790
3790
3789
3787
3788
3784
3774
3783
3783
3778
3787
3780
3782
3778
3780
3780
3775
3781
3777
3777
3774
3780
3777
3777
3772
3777
3766
3771
3772
3770
3775
3772
3778
3774
3770
3773
3774
3767
3768
3768
3770
3767
3764
3764
3766
3760
3751
3767
3763
3766
3764
3760
3759
3761
3760
3758
3758
3757
3758
3757
3758
3760
3752
3755
3759
3760
3752
3752
3753
3753
3749
3754
3751
3754
3751
3751
3755
3751
3756
3751
3752
3751
3747
3756
3742
3750
3748
3751
3752
3742
3753
3753
3750
3744
3744
3747
3741
3743
3740
3746
3743
3744
3744
3745
3746
3742
3738
3742
3740
3737
3739
3740
3739
3741
3745
3740
3739
3738
3739
3740
3734
3728
3732
3733
3733
3735
3727
3728
3732
3730
3725
3734
3721
3729
3721
3730
3727
3726
3712
3729
3725
3723
3725
3725
3727
3723
3721
3721
3728
3727
3721
3728
3726
3723
3714
3719
3720
3715
3721
2
3721
3713
3719
3718
3717
3720
3719
3724
3716
3713
3720
26
3711
3715
3720
3719
1
3713
3712
3714
3716
3721
3713
3717
3714
3714
3708
3712
3709
3711
3711
3709
3712
3712
3710
3702
3710
3707
3707
3707
3707
3703
3708
3702
3709
3707
3699
3699
3706
3702
3693
3696
3705
3695
3703
3698
3704
3705
3699
3703
3697
3697
3694
3698
3700
3695
3692
3691
3694
3692
3694
3689
3685
3694
3691
3689
3691
3692
3682
3690
3680
3690
3689
3687
3679
3693
3692
3681
3690
3690
3688
3681
3687
3686
3682
3682
3683
3681
3684
3688
3686
3681
3686
3674
3677
3685
3685
3679
3677
3678
3687
3678
3684
3675
3671
3674
3673
3677
3677
3677
3675
3676
3673
3678
3672
67
3669
3672
3673
3664
3673
3675
3666
3668
3672
3668
3667
3671
3670
3670
3670
3655
3662
3660
200
3663
3662
3658
3656
3664
3663
3658
3658
3663
3658
3657
3662
3656
3658
3663
3645
3656
3656
3655
3651
3653
3658
3663
3656
3647
3655
3651
3656
3657
3648
3657
3652
3648
3648
3644
3639
3648
3641
3640
3647
3652
3646
3644
3637
3644
3649
3647
3635
3644
3639
3634
3643
3637
3636
3631
3628
3642
3635
3635
3635
3631
3637
3633
3635
3638
3638
3633
3629
3638
3628
3636
3636
3628
3631
3633
3629
3630
3633
3632
3627
3625
3636
3627
3629
3626
3625
3624
3622
3624
3621
3624
3628
3622
3624
3619
3623
3621
3621
3624
3616
3621
3622
3620
3625
3624
3628
3623
3617
3621
3611
3615
3619
3618
3620
3617
3612
3619
3612
3617
3613
3612
3612
3613
3611
3613
3611
3610
3610
3602
3609
3612
3618
3607
3614
3609
3609
3613
3601
3604
3608
3604
3604
3600
3596
3605
3595
3599
3599
3597
3596
3600
3600
3596
3593
3601
3592
3600
3599
3593
3599
3598
3598
3600
3591
3594
3601
3596
3596
3595
3594
3592
3590
3586
3589
3594
3593
3592
3592
3584
3589
3591
3591
3592
3587
3592
3587
3586
3587
3588
3588
3581
3583
3584
3584
3585
3587
3584
3582
3585
3578
3579
3585
3578
3584
3579
3586
3582
3583
3578
3578
3582
3579
3583
3578
3579
3576
3578
3580
3578
3580
3576
3571
3568
3579
3576
3567
3571
3571
3559
3577
3572
3572
3571
3565
3559
3563
3562
3568
3565
3561
3556
3565
3567
3563
3567
3563
3562
3564
3566
3562
9
3555
3
3566
3561
3566
3566
3566
3560
3552
3555
27
3563
3561
3556
3551
3554
3563
3550
3557
3555
3552
3550
3556
3552
3551
3551
3555
3553
3549
3553
3550
3550
3550
3552
3551
3544
3542
3547
3546
3548
3549
3549
3550
3553
3552
3546
3549
3536
3540
3535
3544
3544
3545
3543
3540
3542
3541
3533
3540
3544
3536
3539
3543
3540
3542
3537
3531
3536
3539
3530
3538
3539
3536
3536
3542
3540
3532
3532
3532
3533
3533
3538
3532
3532
3535
3532
3533
3528
3526
3535
3539
3524
3531
3536
3523
3529
3525
3534
3528
3530
3528
3526
3515
3526
3520
3520
3525
3526
3527
3526
3527
3516
3514
3520
3519
3513
3528
3520
3520
3517
3515
3517
3515
3514
3507
3518
3516
3509
3518
3507
3509
3513
3511
3516
49
3517
3511
3510
3509
3508
3513
3507
3511
3512
3505
3507
3507
3508
3504
3509
3509
3498
3510
3506
3498
3503
3505
3506
3501
3500
3502
3504
3506
3505
3504
3501
3497
3499
3500
3507
3498
3501
3501
3502
3500
3501
3499
3496
3498
3499
3501
3503
3496
3499
3498
3498
3494
3495
3494
3492
3501
3492
3494
3497
3492
3493
3493
3493
3493
3489
3490
3495
3493
3488
3490
3487
3489
3486
3482
3490
3486
3492
3483
3479
3491
3482
3483
3482
3488
3483
3483
3486
3479
3480
3477
3484
3483
3481
3481
3487
3483
3482
3478
3481
3471
3478
3480
3482
3455
3474
3484
3476
3481
3476
3478
3483
3477
3475
3478
3478
3474
3470
3466
3475
3472
3473
3475
3475
3476
3472
3472
3468
3472
3469
3462
3464
3464
3460
3468
3465
3463
3458
3457
3469
3458
3460
3462
3465
3456
3465
3454
3456
3463
3456
3457
3455
3458
3457
3456
3452
3458
3460
3453
3460
3454
3451
3451
3455
3452
3448
3451
3452
3451
3457
3448
3449
3452
3444
3451
3449
3452
3450
20
3447
3445
3444
3441
3444
3447
3443
3440
3437
3445
3443
3445
3445
3445
3437
3442
3435
3435
3440
3436
3438
3442
3442
3441
3443
3439
3437
3441
3441
3435
3438
3439
3440
3440
3426
3439
3436
3432
3432
3435
3436
3435
3427
3435
3439
3427
25
3434
3433
3432
3436
3427
3426
3430
3430
3423
3429
3425
3422
3428
3431
1
3424
3424
3421
3423
3421
3427
3427
3424
3424
3424
3421
3420
3421
3421
3417
3423
3424
3425
3423
3417
3425
3420
3428
3423
3418
3425
3426
3420
3415
3413
3418
3416
3422
3418
3421
3418
3414
3414
3424
3416
3415
3419
3408
3413
3416
3418
3398
3412
3406
3412
3409
3412
3415
3410
3411
3405
3414
3413
3409
3414
3408
3401
3407
3410
3408
3405
3412
3406
3404
3408
3404
3407
3404
3409
3400
3404
3401
3400
3402
3406
3397
3402
3401
3401
