2355453925
2627277
2627277
0
491040
1672483
197999
153
13
44
3982958
205
207
99
25
22508180
187049
34312354
460
2350
3347
1868
23723
753
1611
309
271
358
427
112031
11327
43
146031
251152
7125
7228
4542
3668
4517
4347
3483
2075606
3332
3286
5665
6089
3244
2609
7164
137
5473
6592
6553
763
1568
3875
705
1961
970
1295197
5350
4480
17535
5409
3855
3863
4801
6256
1275
1921
4929
244341
4347
5689
6463
16
4041
2455887
1148933
2693
2566
4453
807
16025
1810
55284266
842773
3005
13279379
776
1754
634
18987098
16997
14362457
2288
17063982
1409
2206
277954
670
91573
321192
391
2052
2961
1637
5732602
2014
1675
13396
2343
10227048
1565
4968
3494
1706
1682
19758
2286752
2333
51183
722
4622
6514
1955
22741
1987
3979
15229
6309
28597
5061491
1205
3694
5463967
3163
1593
592
4804581
4651373
2632
832
4594045
13350
3447797
1215
2543
1098
2315213
2829708
284
1225509
372
4077284
429
65912
4037655
2355
1346
3990838
1496
3811912
1070
1500
785
3614422
559
3577881
626
1184
1150806
715
3298409
5349
374
847
5194
8543
948
2487462
2179
2449839
10
30550
2
942843
1334
97657
2775802
2572741
753470
1087417
136
2449740
3481
359214
409
2916
582956
1517
2421202
1581496
4029
2392483
2367860
2352482
125
2318378
1765833
39
2061595
1415376
1412
1969055
2186284
1096163
2141237
2884
865
51
398
2085817
299
549
1991428
723
871
1922794
1415305
1895296
1394969
1891492
3521
1844119
851
218
118
5409
3787
1388
1583588
520288
523
1457
922
329
1050467
1669338
1659448
1626596
777
1240247
1577297
960
1555
1574231
1347
1545792
1539955
1394117
152
1723
640
2015
1326084
1165
876945
876
1024
1209318
1116428
3
1184
1993
2200
370968
5935
1359637
502
1186
11995
1125440
381
384
1246612
3215
2210
2149
1073875
1199561
688
1371
836450
1192145
211
39221
130
1096848
1167920
1168079
1035262
1160897
777
966
485
1089278
1127518
880038
689650
1197
471
403
215
1097992
1653
187
558
1065247
1111
1039261
1045974
991437
626475
2869
1035252
516338
1012685
118
1012233
1461
1004115
999540
22019
1477
55596
649
480930
903146
956
822
8041
2009
883
588552
878937
854
613
798800
1972
22991
571768
7
262
854325
829782
760299
839405
809472
382
831354
734654
63
1396
788626
2047
98
656
802336
535
33820
252
262
639818
776327
253777
747668
628
129
254
653112
752821
729842
739415
1001
410
999
215405
854
499
1754
709814
385
662490
1132
119
419138
644517
2407
684568
2
2310
642506
676368
676051
711
638480
655617
670976
523
656651
987
136
641
1317
136
641821
571
417713
615661
322099
940
626134
6293
609
838
606133
259
591294
597650
1593
598810
597553
525716
740
1454
125013
816
14133
590877
572233
1346
584591
3
1263
971
785
577814
2119
572452
147
869
1687
564916
563145
521382
557156
461531
340850
1090
714
46710
499176
371
1004
640
340993
1617
498
534253
1227
311
454674
344760
840
2466
237893
2365
454
501489
511069
2082
492885
502989
505106
450
775
221150
472506
492431
203
484563
481386
361
182
67652
442935
1576
624
650
466131
826
288
1473
459392
458166
114
619
97350
454338
74
1058
416377
437884
450227
32
142629
423173
437100
446238
446002
445597
1201
284
439580
241
161
62
436380
574
434428
2353
269
419653
197
425761
424795
193829
3340
1337
419971
351106
418082
416739
416565
6151
112
412965
901
343
399113
4220
18
398878
664
400105
20490
636
379757
394271
317372
392307
301642
5868
357749
350841
385884
136100
376863
382350
591
233844
1
887
266425
377535
518
372514
1177
505
1
432
920
82
325339
356585
235269
355903
128
355684
355662
1350
1322
254954
232
696
352066
255292
238066
1076
50059
305892
1481
200285
345491
378
342484
76
167296
112760
461
1346
1034
211
237366
333194
1099
329998
319206
1058
512
1298
317200
319656
319010
314
35
235
745
755
149845
306432
133133
595
4031
281073
555
304968
302405
301851
297782
195631
1846
349
23
1029
298959
298867
2642
691
0
268748
901
704
294514
1112
293779
324
293327
55
125856
8844
59
289142
288711
2843
244932
110
307
1678
206486
280568
4536
279006
195
132
298
275561
275119
304
213893
1920
454
241
273010
271426
146
215
293
263772
266134
327
265003
168576
144122
168
264292
261996
755
261564
258
799
204484
21
229146
257567
214048
123
258297
9
43
121
232928
247028
155
246772
1448
54398
11
453
151865
7
244021
233725
70
199858
350
218637
233747
204
241692
241506
188
241201
230088
238804
240487
13923
110
232383
240065
239248
38
118919
236560
329
237161
235845
205988
290
219840
895
1259
233634
433
292
231633
231347
200196
229740
2166
633
24273
226543
226910
443
718
186201
1145
103589
224
182853
221584
204232
601
219120
218823
619
30408
6078
153785
1159
187225
107
1457
214698
214340
196373
763
212517
212575
231
211476
4259
191074
185
192
207739
121906
714
201716
225
820
0
187366
195423
497
121
378
130
521
3
201394
191339
129139
132441
118
200715
183206
892
139342
198345
2
435
1036
197688
5805
2302
608
179644
72
195140
434
181450
194479
328
193618
8
368
144977
190964
437
371
190330
209
333
347
112253
123463
152
187312
1597
61
185074
294
184273
169801
183769
152872
182808
182532
182119
129468
55835
783
180434
667
1173
2748
177084
177013
163746
162132
150259
68
102833
160025
249
174272
173652
167838
172838
213
823
489
171401
943
1216
82
169417
169184
67
136429
54455
159722
167075
326
165803
386
617
166084
123644
165856
1993
137835
20
718
867
3827
389
998
4
107
161479
158164
92478
160925
0
251
327
159022
156274
151953
630
86916
157716
766
428
157458
157436
1330
132317
156453
146284
152278
153132
400
2215
143738
37664
20237
3
151938
607
150620
69
4
10
238
149912
249
66
105600
139245
143916
608
17
148713
98334
1556
102066
1442
146803
96733
190
146603
47
134776
1465
145025
372
144458
895
142776
1974
142620
16
142482
142506
44133
128271
278
2855
104
141286
88055
714
56
140511
131807
138328
77
137089
84867
138747
15
259
26470
124181
138168
107052
307
137705
189
61809
137368
3
136779
0
690
154
135462
9661
134810
73
88046
621
767
10
73587
131576
230
48769
132641
132861
119053
132609
131269
1099
132169
2
129
40435
130858
109
130870
661
98
122378
96606
69781
128904
127395
203
24704
718
123
260
127947
232
127647
127427
1747
127248
112972
43203
2
119743
78323
80693
381
125516
70066
1054
39201
105762
945
348
184
123731
109148
115764
22
123109
91800
326
114284
122368
121627
84
478
121248
1240
36369
28
30011
69102
74567
119592
20875
118311
117401
91687
116327
114240
105275
138
117493
483
118336
117616
4205
0
67303
81412
114310
117096
107926
1315
116461
116432
351
116022
1
59
115212
467
23
19029
114653
99915
109989
705
113388
113390
754
23515
112906
112807
14340
112035
112341
96284
110399
52757
1606
97263
1
76535
28
100405
77417
105357
109805
72
109451
109093
104944
108185
37450
5664
0
313
96497
365
678
106603
368
140
105307
3128
235
390
104688
104628
71180
742
74639
104
243
103630
103458
93359
101059
76489
102578
101797
2
215
63143
101289
657
911
100266
100226
68944
1
90845
99502
61061
90522
96
89552
98423
90677
94327
89020
97544
28153
68596
27
154
96941
96895
18727
96548
94241
2107
96369
816
13813
509
95862
0
95572
95195
82828
95282
686
65302
57018
365
94832
221
39639
94565
74
49968
94276
94101
82468
421
35733
89158
21912
84075
92558
542
92330
89394
27398
92212
83725
91997
89474
66795
43776
91213
1473
112
90732
360
82104
233
90517
68438
1671
951
89920
59329
2999
9989
89564
793
89270
3155
119
56896
88651
236
61833
88128
264
0
31716
533
86728
372
612
72876
861
36027
2322
2
85684
84739
40308
85572
52637
84039
45083
1259
85145
85148
238
31
85017
84651
72348
84322
75672
584
70671
3185
429
84013
185
83336
83162
191
56196
83603
83419
83332
446
72565
53118
83133
81219
82963
82935
50212
80837
1780
77839
736
609
791
80854
153
81937
81903
72
51013
1912
60537
19919
1038
81415
333
80978
84
80697
80668
80197
71305
532
45674
79965
43801
79584
23877
2164
79323
362
79260
150
79006
1823
78917
78786
78458
78291
78299
78277
1795
503
78185
77714
77902
157
76137
77526
75489
77336
4216
12
594
76957
51781
76459
76656
58717
17969
562
76223
254
75784
5
24146
51327
2381
594
29729
31574
74584
64222
61841
74161
73975
73833
73660
73527
73501
5439
73459
825
73106
73055
175
72897
55809
72785
1580
878
916
4907
408
67019
282
71629
71379
71348
196
71250
71203
71179
557
33
548
52723
176
136
69911
110
44093
59253
328
205
81
69559
69290
279
932
10761
165
468
68726
881
57095
66515
68440
68470
62976
185
546
124
60961
2428
634
28840
1591
67193
2642
715
61
67016
49535
60057
66773
64137
54818
66353
66321
657
218
65956
65888
65819
73
60595
65189
1166
403
32125
487
706
64522
38754
990
56332
64059
63140
63122
59352
56948
442
32502
62399
63237
63152
38053
63133
105
1714
62833
441
458
60
42280
62607
61821
58291
62249
137
62122
62142
1095
61815
57057
280
416
61402
53
57675
52
935
53122
55627
59057
729
55916
391
407
60243
56028
60152
60049
608
59882
59882
49764
428
89
1108
59602
59305
59271
3
59210
39653
4
7314
58782
58739
792
38806
58679
1016
636
1824
58221
58228
52855
58143
58137
314
12704
693
56672
57751
1
625
763
14649
192
57089
56766
56736
51573
56613
685
76
44054
56414
760
56400
55666
208
835
56296
34671
0
51242
644
41307
55719
5616
55654
98
53005
21279
51451
55290
55215
55215
55163
334
54916
612
333
52182
54745
32076
287
51
54414
54365
254
54381
54274
54223
27720
54132
10670
54034
247
39396
3591
53611
19
53506
77
53454
1046
47945
53366
873
53223
601
50864
53175
53111
53086
467
52701
52769
52768
226
44505
52441
52434
49444
30976
492
121
52263
52221
191
108
43
504
52041
91
129
44407
131
122
51777
51728
51566
51531
51574
56
469
51163
40685
51230
25
51144
51138
51101
68
50804
37221
18787
2596
50668
50275
50281
1003
50112
112
2122
18893
49906
49907
143
31497
49847
49770
48958
29860
16328
50
964
49536
992
2933
41558
42137
49286
335
34
30526
49177
49116
47064
32
342
48960
91
133
48707
45149
1989
48580
48562
47026
48474
0
14237
48241
552
1214
11468
140
258
375
4
48129
48089
160
7
47992
36
47709
47691
33483
666
17795
47440
47326
0
299
46774
11
131
46924
309
120
46784
40619
46740
26098
43
46460
46478
42306
344
45440
45788
28404
148
134
46009
131
148
288
471
313
45645
332
88
1311
10816
45567
45557
45474
38136
45170
45399
54
45325
45260
351
27335
45128
44260
45120
45049
43
45045
36
44926
332
90
206
40404
44601
44588
42230
42972
44498
195
44388
43932
3
38111
416
24068
43888
42188
43524
459
38979
555
43577
43536
43523
43272
43478
18831
23925
43366
43311
29455
159
40832
8170
33720
0
43146
633
43099
42767
124
47
143
38580
42811
1498
512
42723
42685
39
42572
149
2
359
42453
42436
491
41495
965
42253
41882
260
365
147
41957
41970
13
402
33550
25805
41914
41494
41155
15857
41806
20675
38583
41668
40916
24364
416
277
312
41499
22821
254
342
41369
60
40065
41286
33022
40529
40878
26556
40929
38013
314
40893
3628
40754
40669
0
40282
40194
29
38568
35978
100
40018
40004
16666
21
39957
356
195
33813
39306
34029
0
1075
92
400
163
36680
38140
826
39313
39500
25362
277
16054
39126
29376
39001
7
9759
473
36988
437
6
142
35060
201
9447
0
1645
386
12014
24521
3
38506
38451
38415
38363
33239
38243
1503
19
38196
500
2628
14066
38078
860
384
38004
37994
185
31358
27
342
63
22493
30109
37695
37085
37604
226
37487
11
37366
37391
37392
37368
461
36433
37318
37205
37173
349
37166
37107
37011
332
34
98
36875
35047
24813
36120
36634
36629
230
233
36503
21
83
136
225
36298
293
33433
20746
36119
36033
30473
34003
35539
35879
497
220
407
35777
2401
619
35724
35694
35674
35606
62
35273
414
22384
15854
69
35110
262
35462
35296
24441
35305
35225
34242
143
34979
34994
0
34982
7664
1009
34325
312
34816
25894
24
34707
34645
5111
442
876
107
34508
9271
352
133
1247
34434
34369
84
16
34234
34226
34206
34167
34136
34101
33979
97
28064
258
20347
283
346
33753
1
33732
1011
33454
33678
33628
341
29124
33444
72
33394
201
0
33231
2155
21982
33208
32600
33170
31689
32878
33149
32354
243
13661
79
19854
31086
98
32863
32532
23
32631
32761
32771
32730
31388
1940
660
32580
12088
20298
30765
349
3
28887
32483
18296
29935
31656
25682
16491
51
62
32181
220
32124
31906
222
32058
32032
66
31920
31926
212
31817
31803
31788
31780
31584
31713
31695
2456
31649
164
167
31593
28149
150
89
31491
31468
31503
31458
31445
17635
277
28227
2966
31254
734
31219
31206
127
456
76
31170
199
548
103
211
151
31033
19416
30988
2168
28688
26
14706
30517
167
2729
15021
192
95
10085
21679
30699
2
157
30655
316
25299
30658
64
16831
30493
30533
198
124
29309
30394
30386
30388
30394
117
1677
30316
30287
30251
13674
780
384
30093
30077
27038
30069
30022
55
13608
29979
124
489
29920
29822
29761
29755
23
29764
28871
744
338
4752
182
29697
26360
16795
29668
207
29551
223
109
28817
838
2
15
28815
20043
25680
29307
29296
162
256
104
28469
29209
29180
29173
29148
20705
36
60
29049
29073
520
29042
28798
702
28927
402
191
0
28878
1302
28768
28648
28628
8321
28611
513
28568
28600
26395
9
562
12391
16145
17304
28259
28241
28181
32
28143
28149
28154
28110
164
411
24292
165
31
685
0
67
27929
27913
496
27910
0
504
291
27822
27824
27808
411
186
27732
27477
27711
7939
21515
375
199
27637
27566
27509
251
27493
10997
26594
249
63
26845
27371
27318
27297
27325
27316
27251
14228
27227
27208
544
27180
27142
437
26260
24343
172
461
26975
355
20019
26547
13418
26776
137
11881
24711
24073
18388
13889
13
26625
26597
7587
26520
283
26501
26393
23339
25449
26333
16938
102
133
85
13428
7
8598
25015
0
22981
2493
26002
67
25963
54
25923
164
25913
41
25841
61
6298
25294
25842
25820
15575
937
24318
25642
128
25525
10
24399
25504
25477
25464
21590
22784
25318
46
107
25297
654
1443
6
638
24908
28
25062
25062
189
229
24991
83
20446
152
24954
369
45
15559
509
24889
24847
24844
8741
24062
24807
24802
24833
21777
22214
168
125
842
24720
21700
2
24403
19563
1
24664
23652
0
3617
24609
24612
133
24576
24513
15901
233
249
24449
23607
88
24407
19917
24374
157
23447
17194
191
24212
13378
24
24186
49
22917
148
23850
24082
24075
24102
24053
24034
561
175
215
357
72
21835
781
23870
20549
23414
110
23590
143
23724
148
23720
23672
20020
23579
41
23584
23569
21049
23570
23559
12583
11
76
20802
23456
23430
235
23433
6392
23384
55
18632
23368
100
16454
23296
35
23238
23192
23246
23206
21376
23189
21368
21893
15976
23141
23108
15515
170
23093
19983
219
23008
0
29
22959
19532
22887
22890
21361
172
109
22842
60
4632
85
22734
22699
15395
18350
22646
22614
22637
115
701
22563
20675
279
840
350
22455
22106
16959
10912
22303
22296
16011
22427
472
22396
19039
22380
22387
10527
38
21790
20256
22280
22267
180
151
22220
22210
281
22184
22149
410
3
22063
154
253
21856
22027
22001
15965
21926
21760
21920
9416
14890
108
165
36
1220
21793
263
84
21062
21505
21723
21707
63
21717
1
21604
19410
21563
21631
21096
433
112
21526
21507
21492
10156
130
10152
21440
201
21432
21391
1098
21411
21385
20502
123
21322
18968
525
2612
21289
21242
21240
21250
21225
21182
65
7774
19433
218
631
21075
21083
20710
151
782
21017
731
20977
5826
20988
564
20981
15727
115
20888
20897
0
20807
20732
2
20715
20725
19070
250
20663
13
14711
18055
20619
1360
20523
20509
6650
19397
12996
18978
1
20453
19789
249
20409
19595
20400
18655
175
16304
7
19861
52
1818
20312
3
20290
20298
0
20273
4094
168
20289
270
20268
20255
19962
20206
0
20207
8583
172
20105
124
1
895
20102
20103
19780
20093
20067
20045
3
38
20024
33
19994
20
19681
19977
19977
19962
287
181
17911
19892
19913
19891
19912
19867
17343
13771
19857
19860
13
13311
19837
19814
19819
18372
19810
6
1637
685
19741
19761
17493
14024
63
19739
248
19710
19175
19682
19697
19494
19683
19675
629
344
3374
19637
53
289
12431
1001
19580
19570
15215
19548
19553
19577
19508
19527
1152
14246
19467
17596
19464
19461
19450
19168
19397
42
199
19394
99
19387
5989
456
18737
19375
14042
15402
508
19285
391
15639
19276
35
184
9790
23
7399
3
19190
19193
19145
292
2711
69
19134
15980
123
19094
19081
19061
197
18708
46
18138
700
19017
29
0
18965
495
232
18903
424
104
1806
16960
18869
18871
2
14876
3336
13203
18823
13481
18824
3
11824
4241
34
341
16556
18763
18771
18565
204
1039
18703
18487
18700
53
18643
18635
313
18568
18628
18548
14671
2
16467
17668
18350
18545
14846
18366
18541
18531
218
18508
17040
3516
15841
18145
18479
78
363
7923
589
18428
142
18399
18225
18392
18380
18401
18370
18388
18362
18330
18323
5
2
79
18276
3138
16192
16343
18297
15
1431
14541
6
18208
18252
18027
18234
14918
514
18217
17853
18150
18150
221
446
428
12008
18159
160
13
78
126
64
18082
18062
494
18038
18015
692
18001
18018
133
17588
261
65
17975
17966
17966
17946
13784
17904
67
17887
17420
17851
16596
17681
31
17871
17832
17821
17173
17443
17744
15787
17734
17732
17728
17726
135
7
26
274
17712
16645
1287
17677
17669
25
17645
69
17652
17665
17621
16431
104
17434
15697
207
17585
127
17549
15489
0
15894
670
15859
177
17457
17458
17428
17427
15473
17234
17396
17389
1703
1368
14577
1
120
694
422
17294
17012
17279
1
0
17274
164
17238
17240
14618
3
17201
143
19
224
163
191
17174
17139
17119
17103
4838
8397
0
598
7035
16370
5666
15781
17006
16996
16511
16220
9466
88
16961
1920
100
33
605
16948
16968
16951
16895
50
16891
16909
1
16611
59
14872
16824
76
32
15411
5321
14210
2
27
92
16747
16486
42
153
16731
16733
12640
28
16700
43
0
77
15794
16627
16635
16635
16614
163
182
373
16574
71
16572
13877
0
16580
0
16528
507
16472
16445
16460
78
16184
16436
12539
4498
14552
16132
16415
16434
16378
105
16377
15553
16143
16370
16341
4
1
35
16333
0
11543
1514
12446
15414
16302
2011
16294
16278
16284
1275
16271
16267
16253
414
16229
16218
12981
3146
705
76
559
16207
253
238
74
34
2366
43
16110
16079
4
19
173
127
0
14726
12265
16034
0
15771
16036
16064
747
16015
15986
14881
15274
0
15981
179
416
15982
15975
103
15943
196
10352
15710
415
15935
26
4
12118
11817
15911
15335
15907
15914
15903
5340
140
704
17
15888
140
15873
15853
15868
35
15795
15822
15840
15767
15253
15775
14322
15708
15712
29
969
7303
15665
11381
14861
15655
15643
272
15644
12324
15613
15
234
15289
15210
14477
15602
26
15558
15178
1
0
0
15517
15540
15535
15518
15348
15482
14550
14620
14204
15501
15479
15475
15479
15104
68
15446
13835
15448
12026
15187
13375
20
15075
187
14930
15395
86
14111
15346
15346
71
15363
130
15345
42
126
11800
335
1140
15285
151
1
3573
36
153
234
0
15248
143
14312
15182
15240
15211
14947
35
15209
13030
15193
15152
15163
5
15141
15118
21
15117
15108
15099
15110
42
15091
11644
15076
14709
0
12164
15017
13220
66
15001
0
147
14977
1034
14968
14973
14452
189
12511
206
14936
14925
14940
14951
14911
14908
14625
14901
14902
14899
30
8
14045
14855
14835
159
14797
79
14771
14794
14793
14791
33
2
14792
14757
14274
13644
89
14731
8429
14718
9093
14693
117
679
14648
18
13979
14262
14474
14654
14639
3
14289
13238
14615
14588
14395
12047
14611
14191
14562
2393
12900
14555
14553
14544
14389
14548
14527
14327
183
14519
14460
79
0
14426
14432
14426
474
14417
23
14402
14372
14378
14365
13901
14337
12622
225
13295
234
8761
12
13726
13869
222
150
14073
14267
8633
14257
13742
14248
14046
9436
14226
11435
14192
14210
72
14203
524
12841
26
13952
14175
14167
14168
14131
14161
4
12480
14163
13708
14126
14125
13809
13689
14091
14090
121
305
14099
13642
14079
13338
194
26
52
13778
9094
14049
108
14023
7264
13737
9
34
13969
13992
13981
13988
13544
96
13961
13947
13939
13918
13940
63
77
13903
13906
237
13889
13870
13896
22
13869
219
13839
13849
13864
13827
13819
13816
13795
2435
13800
10929
68
13794
13779
13525
4
13772
0
13755
2
13399
13704
13292
131
13278
13691
9142
13651
4070
4732
3
13636
13628
0
11387
12671
130
13616
13609
912
13595
2
160
13578
13561
1920
623
13547
3
287
13129
12228
165
189
103
4579
37
86
297
12066
13497
13463
45
426
13460
13438
13425
91
259
13413
13410
13405
12714
13391
13367
13363
12946
13327
49
15
11170
377
0
12294
46
557
47
90
13233
13206
13184
13169
12259
33
13159
8790
13135
12327
30
60
8636
13102
13113
13108
13094
921
94
3
12891
13044
8544
131
60
12668
9
12551
13008
13005
12982
11312
53
12963
12925
12920
12960
2
12900
65
12916
12924
12901
11943
0
12901
12902
0
12882
12859
9
12876
12200
12839
12820
12848
12834
12798
215
12128
12812
12796
12780
2639
0
12455
96
10783
12764
882
12752
223
12757
12451
12741
12721
47
12740
413
12682
0
12690
192
12700
12429
2298
12652
12665
12662
688
12653
167
12653
12650
12329
12
138
12317
164
356
12585
12569
12582
12582
11044
1
12210
102
12525
12542
12538
6893
0
4
9893
32
162
12500
141
12516
10566
12485
16
11498
10258
12459
116
9698
75
2
12433
12442
12443
1
11814
12413
528
12390
12144
12391
955
4
885
12348
12329
140
7311
9790
12299
12300
110
5
12278
12284
12269
6
79
12250
12239
12243
12241
12195
46
12211
192
12196
7
261
12173
17
12153
267
11820
34
392
36
12071
12082
7140
12065
72
12065
12052
9753
12038
12041
12038
11658
12030
11811
12024
73
906
12014
12032
426
439
0
12003
11994
12000
847
11969
11971
11965
11958
11960
11941
11760
11951
83
11914
69
11913
76
11901
11899
11911
11914
11901
11232
11855
11869
265
55
11870
11844
11863
11845
408
1
252
453
11812
11817
11808
11824
10784
11822
4
190
11788
243
56
33
245
372
145
10411
11766
134
11744
11710
391
22
512
15
11702
11562
11711
9433
112
10976
11683
11694
177
134
11650
0
11628
11645
11632
3
129
11634
0
194
87
8973
11611
11606
11582
11590
9888
11561
131
11566
10523
95
53
11565
20
2896
11554
11556
27
61
11536
4850
10530
10064
11369
160
11515
11473
11490
11481
11466
3272
11442
10582
11439
131
11426
11420
226
11417
11086
11402
11384
11370
7635
11312
339
11351
90
258
11187
11176
11339
10796
362
499
104
11296
11276
11256
11265
11269
11263
636
0
10646
11240
11238
7119
11225
10654
11203
11193
11198
11200
11198
199
178
11195
11173
115
447
11184
50
38
10030
11138
11130
9564
266
119
11086
11099
236
11083
9934
11076
11047
1550
11017
56
11040
41
11007
169
115
11011
10990
10982
10987
10988
118
11004
128
10956
106
10933
14
10936
10911
10910
10894
10898
10905
10895
10911
336
10873
10872
10860
10843
530
10847
9471
10851
10824
49
10826
9897
269
10315
10796
10798
10785
10787
2185
10782
10752
10731
10723
10741
10725
10733
9733
93
10701
10679
8
10666
9901
10662
10681
10395
10657
10649
10639
10465
10627
10609
24
93
10615
9912
10581
10598
10596
10560
10578
340
10560
100
10524
9606
10518
42
65
10495
10537
5044
275
10491
66
10499
791
10481
204
10478
10451
10454
10423
314
10424
1001
273
128
10149
10363
379
9936
10371
10350
167
10367
10347
82
10352
10354
10166
10352
10334
10316
615
0
10329
254
10300
9462
10295
10264
192
10267
10264
10227
10242
10245
10247
5306
10216
85
10227
10203
9257
10199
9884
100
10164
10146
10117
10120
66
141
10109
10090
10099
10092
10097
126
440
10095
10067
9515
10070
10061
10044
10051
10023
10038
9822
10024
355
9987
9997
9327
63
9980
8456
9956
9745
9970
9954
9761
9947
9924
9921
30
9927
9911
107
9900
44
9903
9899
9874
38
15
9608
9874
9627
9858
9863
9846
8955
9840
274
9825
9801
9804
256
9795
9786
9761
8895
9496
356
9608
9776
93
9768
9745
272
9722
9694
9701
9228
1
83
6677
9332
7
9692
9669
0
3
496
9673
2564
9655
9637
9640
9360
87
9619
9633
1345
9615
516
9608
9592
1210
282
9593
9582
9572
4
104
9552
9553
9548
9549
216
221
596
9493
9477
9457
9453
73
9455
9451
71
7996
7016
0
0
9221
9395
9397
9400
9394
9396
9386
0
119
9387
9375
402
9354
9344
1062
9340
9326
9335
9317
8298
9314
9324
9299
9069
9302
7
1409
9287
8684
9271
9263
9255
9236
9242
9224
151
9199
9197
9211
9189
9165
9172
9172
7823
9161
9158
9152
9133
7080
1
108
149
8471
9101
14
9074
9072
9058
177
118
9032
309
9027
6989
8984
7484
40
8990
74
8975
9
8964
1
8946
8942
8929
8
8924
66
8911
3579
8902
5
8904
138
0
23
15
514
1
8666
132
1287
7762
137
81
222
135
8813
8799
8793
8785
8772
561
149
8771
8778
8757
8758
8758
24
8533
8751
190
165
8477
3397
8716
6739
8727
7044
8712
7237
8712
7149
8715
7009
7774
71
8696
8709
8674
8685
8669
6414
8661
8660
8646
8457
8654
8646
8638
78
1333
8628
8629
3921
8110
99
8609
8622
8282
180
8379
8600
8594
8593
8593
8590
8583
698
8571
8569
304
8558
309
8557
8536
8541
8534
7464
7275
8524
8506
4554
0
271
8473
2
88
87
8421
1801
8429
8420
8388
7837
8376
400
8370
1676
8359
292
8353
1438
6217
0
7922
8336
8316
8319
116
8320
7802
8310
343
8300
331
159
72
8292
8255
170
145
303
191
8224
8238
2461
8225
111
64
8207
5939
477
8191
861
168
8173
7700
8173
8158
36
146
8146
8145
5470
8119
8104
8095
52
8085
8093
6308
8102
8075
8072
8077
8059
8072
8066
1
8045
6626
261
1132
6570
8027
7383
8008
8007
4578
7764
7984
8002
7981
7984
7665
7978
2832
56
7979
7954
7672
595
49
0
252
7253
2104
7884
187
7845
7845
7831
7818
7827
7813
7814
20
7796
7787
43
7793
7772
7771
22
7577
7755
7767
7731
430
1
7697
7703
6511
0
7669
7663
59
548
7623
7632
7640
7611
7596
48
3415
2228
7581
7570
7571
7147
972
7555
7556
7551
0
7538
7530
7518
326
7516
194
79
6783
7507
7499
7487
7507
7485
89
7158
7477
88
193
7459
438
7463
6249
2693
314
8
7427
7425
7424
4
79
4530
42
7396
7398
7382
105
7391
6436
7381
7374
99
7376
7365
32
7180
6272
7359
7352
7035
7353
7339
1
2823
4592
7324
7310
7304
7308
7307
7286
7292
7286
281
7275
7274
484
695
7266
7250
7255
7218
7224
7226
7198
7186
7198
7195
7180
7168
7161
4782
7156
7160
0
7159
7134
7103
7097
7098
0
231
139
7093
7067
7084
7072
7059
7053
6597
7046
5253
7034
119
18
183
7025
7014
630
232
7013
7009
80
7009
6989
6998
6996
6982
115
372
5536
121
1
6413
6920
6904
331
10
6900
1014
6908
6904
6913
6415
139
6899
6880
6895
4890
3627
6511
6588
6856
6853
6855
6038
6852
34
9
36
6395
6814
6194
6628
1460
6823
6800
59
5156
6798
457
6785
6794
6782
1034
5645
6778
5816
6748
6748
4
6517
6744
388
6231
6739
0
6733
957
78
6724
6704
6
105
6718
6705
6696
6701
3173
5358
6689
6694
48
6673
6668
6663
134
2254
218
5675
103
6624
1
0
56
5550
6603
6598
57
255
6576
6577
6567
45
6571
6560
6549
4896
6550
6545
6542
6529
6529
6523
362
6518
169
216
6505
6168
476
6492
6471
6478
124
6461
6186
6242
6431
5938
6446
93
6448
6416
6169
6424
6421
6067
6412
6412
6396
605
6402
5158
55
6383
6374
6380
229
6365
6370
6356
6357
114
4
6344
230
6328
6310
6315
6157
6293
6297
6300
6297
158
6294
174
6280
5705
2349
523
462
6245
6237
6222
5195
23
640
6222
6216
5544
9
6196
6201
6169
6163
6146
6146
261
6126
6132
6104
6125
6113
327
6120
6098
6105
534
6097
14
6081
4398
26
0
6079
5592
6039
6049
5257
43
363
59
6032
6034
6023
1807
6018
6011
820
6009
5285
6009
6008
6004
120
5994
5989
5989
5989
5983
5972
5727
2498
5488
5960
5986
5952
202
5955
5932
37
5939
187
5920
5928
5913
0
5906
4481
1104
77
0
852
5883
5878
5877
564
5882
5873
428
5866
5843
5858
5842
5836
5836
5849
5841
217
807
3563
5823
5825
5821
160
5806
3608
5804
5801
5784
727
5784
5774
5447
5776
5775
5781
157
740
179
245
127
5754
5752
446
277
24
66
5729
5722
5717
5714
5709
5710
6
5699
5689
5683
530
5675
5670
102
5645
4558
5634
5651
5639
5610
5632
5630
0
5628
492
5607
927
5615
163
24
5596
5584
5603
32
4613
4979
1058
361
5574
89
5578
5562
63
170
5553
5543
5534
0
5523
711
5513
5527
5524
191
152
5507
5495
5498
5488
5482
5498
5278
2
5478
298
5479
5481
5463
4723
5459
5459
5455
5457
5447
5440
41
39
5443
5445
5165
4826
5423
5434
5435
5101
5429
5403
5429
272
5414
5410
5407
5388
4936
827
5395
5398
247
170
5384
5379
43
5367
5015
553
5359
5357
1469
5359
5353
207
5346
162
5353
5346
70
26
5343
5
4726
5308
111
16
5296
5293
71
128
4623
5274
5268
5260
5265
513
5265
5252
5266
57
5247
5245
1760
5232
5237
4683
3433
5219
5217
5210
77
1446
5210
416
5195
283
5185
339
5180
5163
5163
2493
5006
5157
5160
5156
5159
5155
5145
5140
8
72
5135
23
13
4921
5127
5117
4047
16
5119
119
4935
5108
5099
159
5106
5096
4642
5090
5086
5063
4691
0
14
5046
5051
5045
176
4775
5029
5023
5032
5017
3
5009
5010
5013
5015
5005
4995
5004
4682
4994
4987
4981
4981
4826
4959
4780
4963
4965
4958
1156
4953
806
3722
4941
34
4952
4937
428
0
92
4918
4906
4908
3568
228
4900
4901
4894
162
4886
4880
496
4874
132
4879
4873
4866
4862
4838
3683
4847
43
4827
4826
4829
4823
4822
4818
4819
4814
342
4806
4782
4797
4782
4771
1298
238
4752
119
4747
4737
4745
316
2796
526
221
4056
4703
272
4467
4178
168
3347
1
4692
4692
4687
4672
678
4662
1995
4285
4662
4660
4656
4648
4451
4643
4633
54
46
4230
3843
4632
4144
4616
4615
4609
4600
3938
4588
4587
4589
224
4578
776
3235
4577
4582
3875
130
4564
4567
231
4564
4562
537
4567
4558
0
595
167
4546
4539
4526
4530
276
43
4516
4515
4504
4510
4509
4510
4499
4503
4506
4495
4496
195
4477
4479
4479
3280
4481
4481
0
3673
4474
57
210
1
4460
4453
4444
4439
4445
4442
4442
4447
4438
4432
4424
4435
856
4037
56
4401
118
4411
4397
4389
4387
1250
4386
4387
4385
4366
3621
4376
4376
4366
4359
297
0
332
137
4343
4350
4339
4337
4335
4335
4335
2876
4141
4317
4321
4327
4321
333
460
4307
4306
4299
4130
4299
4301
318
4292
4289
4286
4283
4284
4290
4290
4290
4288
4269
4282
4281
4276
4263
4268
101
4268
4267
4269
153
4261
4255
4243
51
4250
4245
437
572
4224
4223
4230
13
4220
4210
129
3551
3961
111
119
0
4199
4203
4192
4192
4190
4198
4188
46
22
337
4166
4159
4165
4155
3598
4156
4151
55
4147
1033
4138
4132
385
19
4129
4112
114
4105
4108
0
3235
4095
4095
4089
4094
4079
4077
38
4055
4060
4071
4059
4063
4051
4063
4067
4052
4056
4052
4044
4054
4053
717
4049
4042
4042
3699
4028
371
4021
850
4022
4022
4018
4017
4018
4011
51
4003
0
24
3996
3642
3997
3995
4003
3996
3989
3984
308
3978
308
207
265
3971
3958
307
3964
3966
3950
3961
82
3805
3956
11
2916
3935
1314
3932
240
3415
3919
107
3923
418
87
3
3917
3910
3664
1813
3725
3900
3897
3885
3890
0
783
3861
3634
3879
3878
3862
3436
3868
3869
3866
589
3871
3857
3857
393
3841
471
3852
3853
3854
247
3835
3837
3807
67
3813
3828
3816
3813
3808
985
3811
3809
3299
3800
3793
3329
572
3784
169
3783
3781
3777
3784
3781
24
3782
3767
3771
2428
3750
967
3160
3754
3750
174
3743
3722
3738
3051
3107
8
3728
3722
3719
72
3716
3475
3704
3717
2531
3704
3700
3699
3694
3692
557
2966
352
3674
3670
3674
5
119
3670
3645
3663
3662
3659
3669
3651
3642
3233
3645
3639
3641
3638
360
3632
3627
3633
3628
3612
3604
3605
442
3228
3441
1
3588
555
183
3586
15
3576
3577
2150
3348
3570
2045
3572
3558
3568
146
3565
5
61
3550
3543
2807
3559
3555
2237
3552
3538
3548
1100
3541
3544
3538
3534
3533
3533
330
3527
3526
3515
3521
3507
143
114
3508
3498
3501
3501
115
3486
3487
3480
3483
3474
0
3471
3467
3471
1932
3271
3456
3462
3460
212
3437
0
3452
2739
153
3443
3444
3446
108
1366
623
3438
3437
3
3428
2459
2039
3426
3428
3420
3422
257
14
3415
257
65
1493
3412
3406
1192
143
3393
3393
3398
3383
3388
9
3384
2622
78
3158
3365
3367
143
72
3366
3359
3363
2566
112
3359
3359
174
1810
159
67
3340
3340
3338
2700
3331
0
3335
3331
3324
146
3329
3316
3323
106
87
3310
3308
100
229
185
75
3298
3301
3289
2415
2117
3295
2123
20
3286
3282
3272
1106
3275
3271
223
263
3264
3272
3262
475
3263
3255
2354
183
363
3243
3239
3238
3235
3238
3021
3224
3226
3219
451
3209
241
3206
3208
3206
3206
3196
383
2729
3187
3192
3188
3182
3188
3174
257
142
3181
3181
3170
3177
3162
3169
193
3164
1681
3171
3168
3167
3155
92
3155
3155
406
3155
3152
3163
3149
3153
154
3150
3153
2982
3147
3141
3133
3139
3131
3126
3124
178
3124
3128
3119
3122
3118
3118
3113
3105
3113
3108
16
3097
24
2796
2784
641
3091
3090
3086
0
3087
3085
3079
3080
3082
3075
3080
3076
3077
3077
3060
3059
3065
3058
3064
3064
258
3048
3046
424
3046
471
302
3049
2186
91
3038
3042
3039
3041
3035
3031
3026
3033
200
3028
3027
3026
306
3022
3015
8
491
683
3015
3006
526
3015
3014
3007
3003
3004
3004
3003
623
2089
1
3001
2991
25
2987
2988
2
2731
0
2985
2981
2982
2441
79
109
2976
231
2978
2350
23
2961
75
2085
2953
2950
2950
2953
2947
2941
2572
2944
2937
2942
0
2928
2928
2932
2930
2915
2921
380
2917
2919
2919
2916
2912
2908
2908
2914
143
26
2910
46
2902
2898
2897
2901
2898
2462
2894
2895
2895
2890
110
1488
2886
2875
7
2884
2881
2176
798
2876
2876
2495
684
2866
2854
385
2854
1484
2858
2861
2862
2854
2866
2168
2849
2849
2847
2857
2607
2851
343
12
2422
2271
2840
2831
2837
2835
910
114
2836
2826
2831
2824
2096
1961
2819
2817
1994
0
223
2813
2813
2820
117
87
26
2816
2807
2805
2809
2800
2799
2803
2802
2798
650
2795
2792
2791
2790
326
767
2787
2770
2783
2785
2546
2774
2782
2194
2618
0
2766
4
2774
2767
188
2749
2764
2760
2756
2740
251
2747
2754
2753
2746
529
2448
2752
184
2739
272
2743
2739
2738
401
70
2731
2736
2732
1898
2739
89
2727
2731
2729
2723
2725
2725
1965
2723
2721
719
2553
2715
2
2714
2711
2706
2694
2687
5
47
269
1657
2689
2693
2689
2687
2692
2693
1271
2684
2681
2675
406
2666
805
2663
2663
2659
229
274
2651
2649
2651
2407
172
2647
2642
2645
155
2642
2643
2640
2638
339
2635
245
2626
50
2625
2624
2618
2625
105
2617
673
2615
9
242
392
2603
172
98
2598
2599
2599
1132
78
2593
689
2590
1845
160
2589
2584
2585
2234
82
2589
2574
2573
2574
2578
2045
840
10
2069
2571
2574
2574
406
2320
2563
2564
2563
2552
2562
154
2558
2560
2555
2553
5
74
0
2546
2549
53
2539
2540
2544
2545
2544
2538
2542
2541
2542
2545
2534
2529
1087
2531
2528
68
2529
170
2526
841
2526
2526
2520
204
209
8
2520
19
698
2512
2514
118
14
141
2508
2508
0
2508
2506
2503
0
309
2496
2498
1020
2493
2495
2492
2493
2286
2489
359
1115
2487
2269
2482
2480
2251
2479
2479
139
2474
115
763
2471
77
2476
2469
1407
2463
226
30
2450
2458
2469
2467
2466
2467
2460
2456
2460
2463
2443
47
2458
1424
2452
1876
2445
2440
105
2439
2441
497
2436
2436
133
2433
2431
2432
2423
2427
2432
428
52
62
2429
2420
2419
49
2409
134
2417
1461
2416
2415
2416
221
398
2412
2402
188
2411
2405
49
2411
632
1843
2406
2399
2394
2397
2393
2384
2388
2382
38
1702
2383
68
2373
199
2365
2370
71
398
2360
786
2367
2365
312
2365
2362
2358
2360
296
2357
2350
454
167
264
2342
2331
1691
2335
2337
2329
2334
524
2337
0
2339
2
2336
22
182
2326
2329
1
1440
1505
56
2320
2323
2318
2317
2309
2319
2312
116
244
2302
2303
2302
2302
2299
97
2296
2299
0
165
2296
80
171
2287
2282
2287
1805
2285
57
2279
2122
276
2272
2271
2270
2273
2268
2271
2274
2272
0
90
2274
13
2266
995
115
972
2255
2253
2257
2255
13
446
2254
40
278
2249
1003
2244
2242
1005
2237
2241
2239
2240
2235
337
198
2236
2234
2229
2225
2221
143
2220
111
2216
2218
2214
2215
163
2212
2206
0
2208
2211
2213
2209
164
4
41
2203
408
285
2197
2197
821
2193
0
2194
2189
2193
2192
2177
337
2183
2182
2181
2181
2178
108
881
2171
2171
2175
2167
24
2165
2167
2172
2166
2163
2164
2160
2165
2165
194
75
2162
2159
0
2151
68
131
2154
2145
20
2152
167
2148
2149
2145
1658
364
2142
2138
2140
1498
2134
213
3
2135
2132
2135
2128
2132
2128
2120
2124
2121
2121
2118
189
2122
2122
2120
2121
2115
2115
1022
1195
1634
2115
2110
2112
1526
2100
601
0
942
2096
2100
2098
2101
1829
2088
2090
1725
38
2086
2085
89
2080
2076
381
2080
2077
2079
2070
2080
2075
848
2072
2068
220
2071
266
1784
2063
2062
4
2060
2061
2056
429
514
2057
2053
2057
577
2050
1497
706
232
2043
2039
522
46
4
1437
1211
343
11
1
2035
2037
2035
2038
2026
2030
2025
2032
2021
313
2027
1736
2026
2027
1826
2024
2024
177
112
2019
2014
2013
2008
143
2007
295
2006
2006
866
2004
2004
242
1995
406
706
1998
414
1991
72
1292
1993
1984
1989
1994
1993
141
1992
1993
12
1982
1988
1983
1983
1982
1985
1981
1977
1979
1979
1978
255
135
1976
1976
1212
118
110
1974
1973
194
1968
1971
1966
1401
1966
1961
1958
181
1952
1961
66
1951
1938
1948
1948
89
187
1943
1404
1939
1935
306
1935
138
169
1941
1938
88
1926
1934
1932
1936
1457
166
1930
242
1934
1927
1927
397
7
1916
1921
1924
1911
1918
1916
1916
64
1918
1906
796
1905
1908
1908
1906
1906
1908
1907
1904
1898
1738
1
1905
1736
1903
99
998
310
1901
1616
1560
1894
1893
1684
459
1891
1888
1887
18
1885
1882
1884
1887
413
1888
1882
65
1877
1635
1878
3
1876
1869
1862
1874
1862
1872
209
448
1861
1644
1866
96
1860
1862
1859
1861
1557
1021
1855
1858
1857
168
1852
1848
1849
8
0
1850
1850
1847
1846
1844
1846
1848
1843
1842
1042
1838
1843
1843
1840
1841
0
1835
102
99
1826
1834
1830
1827
1828
1828
1827
1819
1822
1819
1821
1824
1821
371
1816
1818
1813
86
1813
1807
75
5
1801
951
221
39
238
8
1806
1803
1806
47
57
689
175
1803
1802
1799
7
1793
1802
134
1797
1285
1798
1794
362
16
1773
1792
1793
375
1789
1
1787
1791
1787
1781
689
1784
1784
1774
291
1775
1779
9
48
1770
1774
747
459
57
1769
1770
1763
1764
23
1763
1763
1763
376
1762
1758
1056
1761
1756
12
1756
1749
1754
1753
1749
1745
1150
174
1743
1748
66
1749
1744
1742
0
1346
297
1738
234
1735
1342
1741
1736
833
1048
1734
1732
7
1736
1728
1733
1725
1723
1724
9
1718
1726
476
1718
1724
1720
1718
1718
1710
1716
679
1264
1713
1709
1712
1711
1709
1703
1701
1704
1457
30
1699
1695
1696
1700
1697
80
1697
1699
60
1694
1693
6
266
1691
507
192
1687
1689
1684
100
1687
105
1147
604
1679
1682
1684
1678
1680
1680
1678
1678
16
1670
1675
161
1669
349
308
227
1674
1670
88
1670
172
351
1122
1663
9
1666
1666
248
1669
1667
1664
1666
761
1658
1661
1662
1656
1661
1653
1658
152
1653
100
142
1652
1651
352
77
225
64
1645
1651
1648
1104
1642
175
580
81
71
1631
54
1632
1638
341
361
1629
1
1632
1630
1465
507
97
145
125
297
1621
1625
1622
1323
20
119
440
1618
73
1619
1622
1618
17
1620
1604
1615
1613
117
71
1606
10
1606
1605
1609
1608
1605
910
1600
1602
1605
1595
204
1598
1597
1592
1594
1592
320
1588
35
1590
1584
235
1586
598
1586
1580
1584
1573
1579
1576
97
1573
1575
1568
1576
1572
1571
1576
1571
1571
1571
1566
1565
39
213
1566
1565
1505
1563
50
11
1564
1561
46
1554
1067
1556
1551
1556
1555
61
1551
379
1549
666
63
1546
1542
0
5
1542
1540
80
308
1536
1540
1536
1536
0
1527
1534
94
1533
375
1534
1535
1527
1533
458
1519
56
296
1504
1
0
1524
1325
178
1344
1518
583
1521
1521
1521
1521
1514
960
893
1521
1516
1518
1522
36
47
1518
1513
1514
1514
302
17
1510
1511
1512
1510
1505
1515
1511
443
1212
244
1508
1509
215
826
1509
177
1505
1500
1503
1502
351
1505
1498
1501
1491
51
1503
1489
1493
1493
1490
1487
1486
36
1486
371
1486
159
1484
1483
1486
1271
158
1478
1484
1486
1485
700
1475
190
1477
1
432
1479
1480
1476
1477
1472
1473
1471
0
1470
1470
39
1469
1469
427
1463
1464
1462
732
1464
1463
1461
1462
1461
1456
1462
1459
1093
62
1455
6
1296
44
1437
1451
1450
233
1442
1446
1450
1451
1447
1448
769
1445
1445
173
1441
1439
1441
1443
1442
1442
1439
15
1433
1440
1434
1435
871
1434
46
1423
1432
1432
1
1433
1431
1423
1430
307
1430
1431
1429
1430
63
1428
1428
19
1422
1425
650
1421
1239
281
0
1420
1422
1421
1419
1414
1416
283
1412
1420
1410
359
1411
1410
585
49
1410
779
1412
1411
1401
1411
1411
266
1410
48
1404
116
0
1404
37
212
1401
1403
1394
1398
1397
243
163
1395
1396
990
1395
1392
1385
1391
1384
1390
1390
1390
1389
969
89
1387
1387
1381
1386
1385
1379
8
1382
110
1380
1376
1380
1379
0
1367
88
1374
64
1372
362
1376
1372
1375
1368
1370
1373
1079
1369
1362
248
2
1360
1179
16
1362
1353
1361
1358
159
22
15
1357
1354
9
31
64
1352
144
35
1350
1353
523
1350
1351
1349
1349
1345
1349
1350
1345
1344
657
1344
1343
1343
1342
129
1341
785
1339
1339
1341
1340
176
1337
1331
1336
1338
1335
1335
1334
1333
1333
1332
0
342
1324
1329
1327
1327
1328
1323
1328
1326
1321
0
1322
1320
1322
1324
1312
1316
744
1309
1316
1312
1316
1317
1313
1316
1311
121
961
1308
1313
57
1307
1310
1310
1307
1299
1304
1307
1305
45
1303
264
1306
1150
84
613
1294
1300
140
616
1298
1295
1294
1298
1297
1295
1291
46
93
1294
1289
1289
531
1290
1293
1285
1286
1284
1291
52
1288
1057
1281
1282
1284
1285
1284
1283
1284
4
1276
1280
1098
1275
1274
1276
112
1270
264
1264
1269
0
145
1262
427
1262
1260
177
38
235
437
1261
1258
1258
80
842
1254
1256
1255
1251
1249
201
1256
1253
65
837
674
0
1249
1250
597
1251
140
442
68
1251
1243
1251
1245
93
577
1247
1246
1003
457
403
1246
1246
1244
785
1240
1241
275
1240
1244
1245
179
1236
1241
1045
42
1237
1236
73
241
569
1234
130
792
1230
318
1233
1232
1233
1231
0
1229
1231
1230
17
292
1226
1226
369
1223
1224
5
1000
1220
13
1222
1223
218
1217
238
1220
1223
239
1218
36
1219
1219
1216
1218
1218
1220
2
1210
1212
61
1214
1209
1213
175
1209
1212
1210
39
1209
1206
1206
1209
1202
1208
1209
1203
1208
1206
1204
1206
1201
217
55
1201
1
400
1196
123
1198
1198
124
1199
556
1201
16
1198
98
19
923
1187
1199
1190
290
127
1191
1193
1188
1194
1192
1192
1191
273
1190
1189
135
1189
1191
1188
236
993
759
1190
1185
1190
1184
890
1184
1187
1185
4
626
163
1185
1178
1
1181
1179
1178
11
11
202
1178
1180
1177
1174
1176
1175
1171
1175
1174
1170
201
1170
455
1164
1169
1171
1170
280
1167
1170
1163
1168
158
1167
1163
1162
1159
1160
1149
1159
495
685
145
236
1155
1156
118
607
1156
1154
1151
0
1152
1151
1148
1152
1150
20
301
1149
1144
116
1147
1148
0
1146
153
1146
1145
88
1140
703
1143
1137
1138
1140
1137
1136
1136
1138
1136
79
114
8
1130
1127
1129
1126
66
531
1126
29
1124
34
1126
1111
288
671
1127
1118
1124
1122
1112
1121
1118
1109
1114
1115
1118
1120
1121
1111
1119
1119
1114
62
1114
1112
354
61
1115
1112
1109
1111
333
928
112
26
1109
1109
1111
58
1104
1106
1106
1106
1103
1103
1102
1099
1099
1104
1099
171
149
1094
1092
70
1100
22
1099
1096
1095
1090
194
1093
1093
757
563
891
1091
1092
1085
10
1083
10
1085
1083
50
1088
1086
201
1073
157
1084
1083
22
146
1079
185
1075
1075
1073
126
1076
1075
1071
1072
1074
1078
1071
1071
1071
751
26
1068
1073
1074
1071
1071
1072
1065
1068
1070
1068
1070
1067
1070
1070
1063
113
1062
1064
267
1064
422
1059
1064
1063
1060
1062
1059
1065
1062
1062
1059
1064
1063
1060
1061
118
635
1058
1061
271
1059
1059
1054
60
325
744
1056
1057
1058
1057
671
1052
1055
47
289
1049
199
121
113
721
1048
217
29
1043
2
1047
1045
1046
69
645
1046
1040
1038
1040
111
1036
15
1034
1038
1031
1038
134
1029
1030
1033
1030
1034
1032
1035
86
1036
1032
811
1034
1030
1032
1028
1032
1027
1028
250
72
1031
213
1030
1027
1028
1024
1019
1025
1023
1024
1025
1027
1024
1023
1022
377
138
1023
1019
1019
41
288
1019
1017
1020
1015
1016
1014
1019
32
1017
1014
1017
147
595
1017
1015
588
1015
5
364
1012
220
1011
793
220
108
542
308
1007
796
1008
2
1007
1006
1001
1001
1003
1002
1000
1003
1001
372
1003
355
4
993
995
998
1001
1000
49
999
996
993
993
998
994
996
998
997
158
992
990
992
993
980
244
991
986
990
985
990
109
497
1
989
317
989
290
984
982
984
983
986
982
984
980
983
983
982
980
978
980
187
207
976
979
368
977
975
977
978
975
976
979
979
110
146
15
805
976
972
973
974
17
122
69
505
972
972
971
14
968
970
969
968
968
971
970
202
967
967
962
967
969
964
965
965
965
27
964
967
207
489
961
955
964
964
963
962
484
959
960
956
256
59
962
954
960
961
956
956
959
958
959
959
243
959
956
956
955
955
5
737
41
181
954
738
4
627
951
136
951
954
950
948
955
949
946
25
949
198
947
951
950
951
948
29
950
39
948
289
945
24
949
950
23
23
944
5
948
947
939
272
939
716
40
944
943
16
943
942
939
91
343
940
658
937
939
153
941
939
940
940
0
938
936
937
937
936
937
935
935
932
936
935
933
931
50
927
925
925
63
929
926
8
929
928
209
923
927
925
289
124
683
919
922
922
646
921
129
919
918
919
916
917
916
260
917
914
911
911
684
914
910
385
912
905
183
311
910
909
911
109
218
45
907
7
906
907
556
898
901
903
899
899
580
898
902
209
100
903
900
39
591
897
900
900
902
602
542
0
896
899
118
897
898
896
893
93
893
893
894
82
890
743
892
892
892
894
892
893
893
586
119
652
888
890
890
51
889
887
233
1
872
889
687
890
889
234
0
518
884
883
887
886
880
883
883
883
880
881
880
878
882
122
881
882
880
880
86
878
472
214
878
876
878
870
874
876
460
875
225
874
22
875
872
874
871
10
196
685
212
1
869
867
870
868
350
869
419
869
868
866
867
866
165
62
166
867
0
862
865
864
863
859
861
61
861
860
860
860
53
862
862
0
858
90
862
856
128
861
859
174
63
858
42
856
855
855
856
853
855
854
547
850
852
851
580
845
846
852
849
849
849
851
849
850
846
847
849
849
842
844
847
847
40
849
847
847
848
846
16
844
845
847
26
846
846
846
23
15
831
352
840
842
839
841
841
841
836
0
837
834
836
11
831
838
831
132
837
835
835
825
829
833
835
836
835
23
89
833
832
832
830
830
826
829
830
274
830
87
103
825
829
828
111
825
826
820
149
826
826
826
820
823
823
821
824
822
820
447
16
819
819
822
821
820
106
819
819
812
491
22
816
267
160
817
164
36
813
805
816
48
814
816
815
566
811
110
812
374
812
456
812
811
814
811
402
806
811
810
809
810
812
104
76
811
808
810
807
47
42
809
805
806
806
799
803
807
2
484
5
522
804
100
25
805
105
4
804
798
801
138
799
0
802
799
803
795
796
802
801
801
800
798
798
798
304
797
799
33
797
93
629
796
78
795
796
788
115
792
793
791
4
790
789
792
793
788
279
612
5
13
791
792
789
26
0
0
790
789
786
790
66
786
788
787
789
788
88
787
38
113
776
0
7
50
784
784
785
783
86
90
783
226
604
783
778
784
784
780
0
783
783
778
777
181
773
778
778
778
780
778
28
778
779
776
778
775
599
79
777
777
155
777
0
774
81
172
0
772
774
771
341
771
769
203
520
769
767
772
769
768
25
285
768
230
768
767
390
497
356
762
768
767
768
768
767
0
459
1
764
755
763
183
764
764
0
759
763
755
762
495
0
760
431
760
761
223
756
756
279
758
207
757
754
759
320
757
0
757
757
754
754
752
757
751
755
756
755
753
65
754
754
752
140
753
751
20
50
752
750
752
750
750
748
751
6
748
750
749
748
186
70
747
50
154
119
742
745
743
745
741
744
121
744
745
746
743
81
744
736
739
742
34
736
352
740
163
742
741
17
741
741
742
740
737
740
33
6
737
737
733
736
736
737
525
243
735
729
736
734
735
166
733
734
731
731
733
731
733
732
732
733
723
730
729
726
726
224
727
45
726
725
723
188
723
724
723
722
724
723
722
1
718
724
723
8
720
722
723
720
722
721
721
721
719
717
1
718
134
718
17
720
717
720
717
8
719
718
718
715
717
717
31
711
717
715
716
716
713
714
464
714
711
708
715
715
709
714
27
103
710
96
82
711
6
513
709
39
710
705
112
132
708
710
710
708
708
707
708
222
133
511
297
705
707
705
262
705
701
701
706
703
704
705
705
704
181
700
701
702
185
699
701
702
481
10
700
125
695
25
267
693
701
701
700
103
71
27
696
696
698
697
696
52
697
464
695
697
692
694
197
694
0
8
693
180
691
693
687
336
694
126
694
538
690
693
101
85
214
0
162
692
692
689
691
690
688
690
691
32
687
691
687
345
688
674
689
689
688
686
686
36
687
517
228
63
685
688
684
682
687
683
685
687
686
15
262
684
682
685
41
684
684
306
137
1
681
683
682
69
11
677
6
681
231
681
680
680
678
267
682
0
31
676
678
675
680
675
679
134
678
678
676
679
679
679
676
676
677
677
675
257
88
676
676
83
671
674
675
663
409
171
672
673
672
176
670
669
667
424
36
433
667
666
667
169
670
669
668
317
667
667
665
90
666
8
665
668
667
667
184
663
663
666
169
663
665
666
433
662
661
658
662
661
663
663
660
662
662
60
490
657
660
661
258
658
659
658
661
471
87
655
656
352
436
653
656
658
656
133
655
651
653
657
654
342
19
655
655
157
653
51
651
651
650
655
649
654
142
21
652
647
651
653
432
652
650
650
646
241
151
649
314
30
647
647
648
643
310
175
648
647
645
642
645
643
644
644
118
643
42
645
420
22
171
641
64
43
641
639
643
378
641
319
639
639
636
36
636
640
639
634
635
639
474
38
637
638
639
639
638
638
635
415
637
630
437
635
217
635
84
635
243
292
56
0
630
627
116
631
631
124
232
7
630
627
626
628
627
625
622
625
627
622
626
22
625
626
393
622
169
623
622
271
624
196
618
624
624
624
623
623
617
619
345
622
622
620
619
43
618
616
618
197
451
617
618
619
614
610
616
614
613
45
616
97
617
64
0
615
616
90
169
616
50
612
614
615
615
613
610
611
611
207
612
609
612
610
611
609
254
607
138
611
609
162
610
609
608
609
604
603
607
606
214
606
606
606
0
606
602
54
606
606
605
112
605
602
604
599
602
239
115
602
601
603
603
602
602
14
156
325
599
327
601
602
602
598
596
424
600
596
93
19
0
600
39
598
597
598
598
596
599
590
598
142
597
234
594
594
596
594
594
597
595
578
595
594
228
261
227
594
594
594
592
8
593
588
590
589
590
588
592
590
590
590
590
83
585
32
79
589
589
315
9
105
587
588
587
52
141
586
586
162
110
584
582
585
217
583
585
138
115
582
579
1
578
40
584
584
584
325
203
582
584
583
426
582
580
580
582
223
0
580
579
575
229
579
578
575
580
579
172
103
577
273
578
572
4
578
575
574
577
577
572
576
576
268
576
392
575
576
573
37
87
0
573
575
573
412
571
573
571
574
0
573
38
572
573
573
571
569
572
569
571
320
570
16
570
29
567
566
570
570
570
570
569
568
152
380
567
312
97
565
24
567
565
567
565
31
70
564
563
561
245
565
561
382
564
562
560
558
562
191
312
204
558
559
561
562
559
557
558
559
559
560
556
303
555
557
556
161
557
132
54
557
0
549
164
556
555
553
554
553
28
554
200
386
555
556
109
205
555
555
553
304
552
553
553
554
552
553
544
545
551
8
552
553
553
553
41
552
551
154
551
552
548
550
549
547
548
136
548
551
47
549
166
548
548
544
272
384
53
208
344
549
270
546
549
547
546
547
545
372
17
548
547
547
382
545
547
546
157
547
546
149
98
545
545
534
546
544
544
546
154
543
329
542
544
545
542
541
543
543
542
539
364
538
538
539
541
540
31
141
539
146
537
127
538
539
312
536
103
74
539
536
536
537
538
537
20
536
44
59
538
538
537
535
535
375
536
162
535
178
51
1
536
535
534
535
533
535
51
534
531
534
530
533
115
533
531
65
2
532
531
304
530
532
532
531
303
529
138
529
531
527
528
173
528
525
525
202
103
525
527
528
525
9
5
191
526
526
526
39
524
33
526
278
525
523
59
521
523
10
525
103
524
521
522
522
73
253
127
523
523
523
524
524
520
172
4
523
286
521
518
2
522
522
522
128
520
518
520
109
520
518
517
520
519
516
519
518
517
181
15
133
514
518
518
516
518
199
56
516
512
127
514
513
512
513
512
514
514
511
227
510
506
507
513
513
512
87
510
512
512
508
510
509
510
510
510
508
510
509
508
508
509
508
506
29
507
505
507
508
507
98
508
247
506
506
502
505
507
143
506
243
505
504
506
504
506
504
504
282
167
501
7
501
4
504
144
503
111
502
19
48
294
503
314
288
502
500
499
502
502
41
499
17
285
499
500
499
27
17
498
333
495
497
498
497
495
329
494
497
496
248
496
495
179
495
492
494
494
494
493
495
494
494
47
226
494
490
479
494
492
186
493
489
492
493
491
488
306
490
486
309
26
480
288
489
334
490
48
175
490
265
488
489
489
488
490
488
36
489
488
488
486
488
486
485
6
488
487
487
100
15
484
487
485
122
484
484
73
484
485
484
486
113
165
17
197
483
485
483
484
482
483
482
484
169
168
110
477
481
480
481
95
482
483
483
481
481
482
481
10
480
480
54
481
320
480
219
479
479
480
479
479
479
479
477
58
136
479
210
479
478
479
294
476
477
106
477
475
477
475
476
476
470
467
49
476
476
475
155
476
474
474
294
471
475
472
475
474
473
474
473
474
220
23
171
474
473
474
473
474
243
27
471
473
473
471
470
122
104
470
472
159
472
25
470
472
470
472
299
5
471
93
466
164
469
469
470
81
463
116
470
466
470
469
469
467
466
470
469
467
3
459
468
468
469
467
465
466
63
466
463
170
130
150
463
466
465
467
463
466
23
465
212
464
466
465
26
465
463
464
464
463
463
464
464
461
461
55
0
460
463
459
462
89
459
461
453
0
460
12
460
460
459
459
459
70
59
46
460
5
459
21
459
459
91
456
458
459
292
458
246
458
458
457
457
457
455
457
123
451
456
456
456
455
151
41
455
456
456
455
455
452
455
298
455
455
454
453
452
9
9
452
225
454
453
454
452
118
451
134
453
453
453
453
289
122
452
450
75
451
448
452
450
0
450
448
451
451
449
450
443
448
103
0
279
450
108
448
72
449
447
448
449
10
26
448
446
447
448
448
448
447
446
446
447
444
446
445
446
446
445
447
447
294
183
135
445
50
446
169
6
445
446
243
9
443
444
443
441
445
0
43
442
440
41
202
444
442
442
443
443
444
444
443
444
7
443
442
443
441
443
443
440
440
440
439
442
440
195
439
441
435
440
439
440
440
439
437
440
439
439
165
438
439
439
69
436
267
436
32
438
437
438
1
436
436
20
0
8
436
434
50
435
435
436
435
435
434
436
434
436
434
434
427
250
431
433
435
434
434
19
430
434
431
432
432
428
428
188
433
2
432
431
432
432
432
432
428
429
430
431
63
429
261
430
431
110
424
428
255
56
0
428
426
428
428
429
426
137
102
429
42
428
207
427
429
428
427
428
427
428
428
428
422
86
104
423
427
427
32
209
427
176
426
272
426
39
421
424
425
12
424
423
265
424
423
3
421
423
422
261
422
125
421
423
420
420
421
86
420
422
422
418
421
421
421
171
158
421
0
421
213
164
420
417
12
421
135
421
418
420
420
418
417
417
64
20
418
419
418
419
418
418
418
417
417
20
414
418
416
417
416
415
416
88
415
416
416
415
415
412
2
416
416
415
416
0
415
254
414
416
416
416
415
412
70
415
415
231
415
415
415
413
40
411
413
414
411
413
414
412
414
413
413
81
413
413
413
411
410
413
413
412
412
42
412
411
84
411
410
5
410
412
411
412
411
410
410
411
411
138
410
411
409
410
410
409
198
410
407
409
405
407
407
407
405
407
409
406
409
407
41
405
406
406
190
14
406
10
406
407
407
406
406
402
81
38
406
406
116
406
403
402
217
404
404
235
197
404
404
232
11
404
9
404
141
403
404
205
68
403
402
403
403
397
402
402
401
400
402
138
5
146
402
397
400
400
401
401
199
401
0
25
401
401
400
157
400
68
184
400
400
397
400
399
400
142
184
38
397
151
38
395
397
398
398
397
228
98
34
395
128
397
397
395
397
395
397
397
394
226
396
396
395
395
396
395
395
396
395
396
233
58
3
394
393
395
36
394
394
393
122
394
390
393
394
392
394
393
212
386
391
393
62
392
390
126
392
391
388
391
242
45
391
391
392
392
391
392
391
389
386
390
387
389
390
391
391
5
390
389
390
388
58
2
387
389
388
388
220
387
386
385
387
386
387
387
387
387
385
384
84
114
383
386
384
385
386
385
384
385
385
382
378
197
385
383
381
384
36
163
383
381
383
383
384
383
384
381
383
383
383
383
186
382
383
382
383
382
380
380
382
382
378
382
382
377
382
382
187
94
19
218
381
381
121
381
380
151
379
378
16
380
83
377
13
380
190
380
379
379
377
379
378
374
125
379
21
374
1
378
375
377
378
377
107
375
377
377
376
377
377
19
374
375
214
375
375
376
165
0
200
375
375
173
375
375
192
373
373
375
374
375
374
372
372
199
373
371
372
71
371
372
373
373
374
372
371
371
372
373
372
373
373
373
373
373
372
372
21
45
164
367
77
112
371
372
130
372
372
366
217
0
371
370
369
368
370
370
369
369
370
366
369
370
369
140
369
367
369
369
369
369
367
366
365
171
68
367
102
368
368
367
368
367
368
57
367
366
23
365
366
6
134
367
366
365
365
365
365
366
19
366
364
367
366
149
366
17
140
366
363
366
366
366
360
365
362
154
365
363
364
365
364
364
8
363
363
363
74
364
141
364
364
363
363
364
363
362
364
363
363
180
349
55
362
84
363
362
363
363
361
362
20
163
360
361
362
156
96
361
1
359
359
361
360
360
361
41
357
359
122
360
354
360
359
358
113
69
75
359
140
359
358
107
162
206
357
358
355
8
358
355
357
358
358
358
358
358
356
358
357
356
357
356
357
356
355
357
355
354
356
353
160
348
351
353
356
356
356
355
355
351
355
355
355
354
355
355
117
353
353
353
353
29
352
353
353
353
350
50
351
353
352
352
352
169
348
351
352
352
351
351
352
350
352
349
351
351
106
350
351
7
350
350
349
168
345
350
347
349
350
349
349
134
345
349
345
347
348
348
344
348
348
60
146
10
348
348
194
348
347
174
347
347
337
39
346
346
346
33
345
163
347
347
346
345
127
345
0
345
345
159
115
345
346
345
123
345
343
343
164
151
345
344
345
343
345
344
80
344
344
342
344
343
151
340
342
343
78
342
342
65
342
342
342
342
342
342
104
340
342
341
342
186
338
340
340
340
341
95
137
339
340
341
341
341
338
110
339
340
340
338
340
337
339
337
138
52
339
339
338
339
338
338
338
337
338
338
337
154
338
337
338
338
337
16
336
337
90
337
335
337
336
332
29
25
337
337
334
167
155
336
336
335
336
335
115
330
333
122
335
333
334
334
335
334
335
335
335
332
335
334
331
178
329
334
334
334
332
333
41
72
333
333
332
333
331
158
331
333
333
333
330
8
332
331
330
325
331
331
123
38
48
329
331
329
330
325
330
329
327
329
168
325
329
330
328
123
132
21
127
327
327
329
329
329
328
328
329
328
329
141
322
74
324
325
328
326
327
323
328
327
327
325
326
327
120
326
327
326
134
323
324
319
326
8
325
326
325
326
326
323
322
325
325
325
324
325
321
325
319
324
113
324
324
323
324
320
0
323
323
324
324
323
324
324
324
324
125
323
323
111
61
17
44
320
321
53
323
321
322
321
171
320
322
321
322
322
321
322
322
321
320
321
320
321
321
321
9
321
320
321
123
91
80
117
319
316
320
319
320
320
118
320
319
319
318
319
151
318
319
319
16
316
318
318
318
145
318
318
317
317
317
316
317
168
316
317
312
316
115
317
316
315
315
51
316
315
315
315
57
314
110
316
56
315
314
315
315
315
312
315
314
314
143
313
314
60
313
314
139
314
313
313
314
113
311
314
0
310
312
312
310
124
312
112
313
313
312
311
310
313
310
311
312
304
309
310
312
65
311
312
311
312
311
311
310
311
43
124
154
78
311
146
310
4
308
310
310
310
310
311
306
309
309
309
309
141
309
52
309
310
310
310
309
308
308
79
112
64
6
135
309
309
308
309
307
308
308
308
308
308
308
308
307
308
307
308
307
307
308
308
307
308
305
153
307
307
306
307
81
147
306
307
301
307
306
307
305
304
304
124
306
306
306
306
306
306
33
305
95
298
305
304
303
303
6
132
52
301
303
297
303
304
45
140
303
303
303
302
302
97
303
114
303
303
303
302
303
303
302
300
113
302
302
302
300
302
301
301
293
296
300
107
300
8
301
0
73
130
50
301
299
301
298
301
296
299
298
300
0
298
135
139
76
298
82
299
300
300
300
300
300
299
132
299
49
298
299
298
297
298
297
297
298
298
298
298
117
3
129
297
6
298
298
298
298
5
297
298
298
294
298
298
25
295
297
297
297
291
0
0
294
297
296
297
297
297
293
295
19
295
296
296
112
295
294
295
292
47
94
295
295
293
118
293
56
295
295
295
294
295
295
294
7
78
57
128
289
22
294
294
291
291
131
293
293
104
292
292
293
128
291
289
293
293
129
292
292
291
107
291
112
142
289
292
292
288
292
291
292
291
289
290
290
291
284
290
288
289
116
5
289
290
290
283
288
61
290
290
290
290
290
286
69
114
289
289
289
289
70
116
288
288
288
102
287
287
287
288
288
287
288
288
287
287
288
288
288
288
284
287
62
71
286
8
286
81
285
287
287
284
286
287
287
287
287
286
286
286
286
286
285
284
286
285
285
284
286
283
283
285
284
283
285
285
25
283
285
285
285
285
285
284
284
284
109
284
284
284
283
283
283
80
283
39
283
283
282
283
283
283
282
281
283
283
282
282
78
103
282
282
281
279
280
277
280
113
281
281
281
279
127
281
281
280
281
279
48
116
279
280
280
280
122
279
279
280
280
280
279
278
19
279
112
279
278
279
278
278
23
279
278
278
279
278
278
40
278
277
276
124
278
276
276
277
278
277
277
277
277
275
276
276
116
277
14
273
275
277
277
277
120
276
272
276
276
276
124
6
276
276
276
268
276
67
276
276
275
276
275
273
81
275
273
64
274
275
275
275
54
273
275
273
121
274
274
273
274
274
272
270
79
272
273
273
273
273
273
272
272
273
273
273
273
273
273
70
272
273
273
271
273
119
267
272
272
272
272
271
271
272
272
270
272
271
272
270
272
271
270
80
13
271
268
271
269
104
269
271
8
270
270
81
266
270
267
269
270
270
270
86
265
270
268
1
264
3
269
267
264
270
268
269
268
270
270
263
269
268
266
267
268
267
269
269
265
269
269
269
268
267
268
268
267
266
268
268
267
268
267
266
267
266
266
267
263
267
266
7
111
267
266
266
267
42
266
267
266
267
97
266
266
266
266
103
266
15
266
264
264
265
265
265
265
265
77
265
261
265
265
264
265
264
265
265
264
261
264
264
264
264
264
264
264
264
263
263
110
262
262
261
0
262
263
263
263
257
260
257
259
7
262
262
263
262
261
262
258
261
262
262
262
262
262
24
261
107
261
260
262
262
260
8
257
261
108
101
259
260
260
109
261
261
261
255
258
103
261
261
261
259
261
260
260
260
258
6
258
260
259
260
260
259
260
260
69
259
258
16
31
83
256
259
258
259
258
259
258
259
250
258
259
82
255
257
259
259
258
258
49
256
258
257
257
258
258
104
258
256
76
255
257
257
257
257
256
250
254
256
257
256
256
256
257
256
257
255
257
51
256
253
51
256
255
256
256
256
255
256
256
254
254
256
255
254
255
252
254
47
255
74
255
255
254
255
254
51
252
254
254
253
254
253
254
253
253
252
254
9
254
254
254
253
253
254
49
253
253
253
253
253
252
250
253
253
253
253
253
73
0
252
252
252
94
252
252
71
252
252
251
252
82
250
252
251
251
252
252
247
251
251
252
251
49
9
251
251
251
251
251
251
251
78
251
251
239
251
251
250
250
248
250
249
14
249
249
246
248
249
250
250
2
250
250
247
248
249
249
249
245
5
247
245
248
249
249
249
245
249
249
249
248
247
249
248
248
247
248
36
8
247
247
248
247
246
248
248
248
248
243
247
85
247
243
96
12
14
247
246
49
246
246
82
246
80
246
246
247
243
246
247
246
246
246
245
246
246
245
69
0
246
246
246
246
246
246
245
61
246
245
246
246
59
245
241
245
245
245
5
244
244
245
239
245
244
242
244
245
243
245
240
9
244
243
244
244
244
61
244
244
76
244
244
244
244
244
244
243
244
242
244
238
244
244
244
243
243
242
243
243
241
243
240
241
242
243
242
243
242
0
241
241
242
57
242
8
241
242
242
241
9
241
242
239
242
242
242
242
236
241
241
240
241
241
49
240
240
240
238
239
240
240
239
28
240
240
240
45
239
240
238
240
239
4
238
234
239
239
61
1
239
238
237
237
239
237
237
238
238
238
238
237
1
238
80
237
238
237
238
76
237
237
238
238
237
236
236
238
238
238
237
64
236
237
236
6
237
236
237
236
237
237
237
237
236
237
237
237
237
235
236
235
1
234
236
236
235
234
236
232
236
234
236
236
236
236
21
236
236
236
235
235
236
233
235
43
233
233
235
235
234
234
234
235
235
78
235
234
234
231
0
234
234
234
234
233
234
21
233
234
234
232
6
233
232
232
233
14
23
232
232
233
233
233
232
233
233
233
232
233
233
233
233
232
233
7
232
232
232
44
232
232
231
232
232
232
230
232
232
232
231
232
7
231
232
232
230
231
231
230
231
24
229
22
231
231
231
230
230
231
230
231
228
231
230
230
230
227
229
57
228
230
229
230
229
230
226
230
228
230
229
229
229
229
228
40
228
228
50
48
226
229
226
229
229
228
229
229
229
229
228
229
228
228
228
227
228
76
228
226
228
5
228
228
225
228
25
228
228
228
228
228
227
223
70
227
36
223
27
41
225
225
227
226
227
226
226
0
226
226
225
226
226
226
225
226
225
226
225
226
226
14
225
225
225
224
222
225
36
224
224
225
223
225
224
225
225
225
57
223
225
225
223
222
224
224
224
223
224
224
0
224
223
223
223
220
224
224
219
223
222
223
223
38
222
223
220
0
223
223
223
223
223
220
223
220
223
223
222
223
222
222
223
223
222
223
223
223
221
221
221
221
222
222
222
44
221
27
222
47
222
222
222
222
222
65
222
220
222
220
217
222
222
221
221
221
5
219
221
221
221
221
32
37
221
220
220
220
220
220
215
220
220
220
218
41
220
219
220
219
217
218
5
220
220
219
219
219
17
219
220
219
214
219
219
219
37
217
19
218
218
218
218
219
218
218
215
218
217
218
218
218
217
214
218
218
215
218
216
218
109
1
212
217
217
217
217
217
217
216
217
217
217
217
217
217
216
215
217
217
217
217
216
216
216
216
46
30
213
216
216
215
214
215
216
214
216
215
215
214
214
215
214
209
215
215
215
215
215
215
215
215
215
215
214
215
209
214
214
214
49
214
214
38
214
214
213
214
214
214
214
213
213
211
212
17
211
213
213
211
213
213
212
212
213
213
21
213
213
211
213
212
6
212
211
212
212
212
212
49
210
212
212
212
211
212
206
210
211
211
53
211
7
211
210
211
6
33
211
211
211
211
211
209
210
210
209
210
209
210
210
210
210
210
22
210
210
209
210
210
206
210
209
209
209
209
209
209
209
208
47
207
209
209
209
209
207
209
209
208
208
207
208
208
208
208
208
208
208
206
207
208
208
59
208
207
208
206
206
205
207
208
208
41
208
208
206
208
207
199
206
207
207
207
207
207
207
204
207
207
207
207
207
206
10
206
205
15
206
205
204
206
206
206
206
206
206
206
204
205
206
206
206
206
206
206
205
206
204
205
206
205
203
205
205
205
205
204
205
205
204
205
203
203
205
204
205
205
204
205
204
41
204
204
203
204
203
204
203
203
204
204
15
202
26
50
203
204
204
203
204
204
204
204
201
198
203
202
203
195
198
201
203
203
203
203
202
203
203
201
17
203
197
203
203
203
203
189
203
203
202
201
202
202
202
32
200
202
202
202
202
202
201
202
201
202
201
202
201
200
199
201
201
201
201
201
200
201
201
200
201
201
201
12
199
201
201
200
200
200
199
199
200
200
198
199
200
200
200
23
199
200
200
200
200
199
200
200
199
199
198
199
199
199
199
199
194
199
199
18
199
198
199
199
198
199
199
199
198
199
198
198
196
197
198
197
198
197
198
198
195
198
198
198
197
196
198
198
197
198
198
197
198
196
197
196
13
197
197
197
197
197
38
197
197
195
197
197
197
197
195
197
197
197
195
197
197
197
197
197
196
196
196
8
196
195
196
196
196
196
196
195
193
196
196
196
194
196
196
195
196
195
196
196
6
196
196
196
196
9
194
195
194
193
18
195
195
195
195
195
195
192
195
195
195
193
195
195
194
195
194
193
191
194
194
194
194
194
194
193
194
194
194
0
193
193
193
194
194
194
194
194
194
194
194
194
194
194
194
192
193
190
193
1
193
28
192
193
192
193
193
193
191
193
193
193
192
191
193
192
193
193
192
193
191
192
192
190
191
192
192
192
185
188
192
190
192
192
192
191
192
187
192
192
190
38
191
191
191
191
191
191
190
189
191
191
191
2
190
190
189
191
191
191
191
190
191
190
191
190
190
190
191
182
190
144
188
190
189
188
190
189
190
189
16
190
188
190
190
188
188
189
189
188
189
189
188
25
189
189
188
188
189
189
189
189
189
186
189
187
189
188
189
189
189
189
182
185
188
188
21
188
188
188
187
188
188
188
1
188
188
186
188
188
188
187
187
186
187
187
182
186
186
187
187
186
187
187
182
187
187
187
186
183
185
186
186
186
185
186
186
186
185
186
186
186
186
186
182
186
183
185
185
33
185
184
184
185
183
185
184
185
185
185
179
185
185
184
184
185
4
185
182
185
185
185
183
185
183
184
184
184
184
184
184
184
183
184
184
183
183
184
182
184
184
184
184
184
184
183
26
184
184
182
181
28
181
183
33
182
182
183
182
183
183
180
183
183
183
183
183
183
182
183
183
181
181
183
181
180
182
182
180
182
180
5
181
5
182
32
182
181
182
181
182
181
181
182
182
180
182
179
182
181
180
182
174
181
181
179
181
181
180
181
181
181
181
181
181
180
181
181
180
181
181
181
181
181
181
180
180
181
181
180
180
180
180
180
173
179
180
180
180
179
180
180
179
180
180
180
180
6
180
180
180
180
179
179
179
179
179
178
179
179
179
179
179
179
179
178
179
179
178
177
179
17
179
177
179
176
179
179
179
179
178
178
178
178
178
178
178
178
177
178
176
177
178
178
178
177
178
178
178
177
177
177
177
177
177
177
16
14
177
177
177
177
176
174
177
176
176
177
177
177
177
177
175
177
176
176
175
176
174
176
172
176
174
176
175
176
176
12
171
175
176
176
176
174
176
176
176
175
175
174
175
175
174
7
175
175
173
174
175
173
175
175
174
22
175
175
175
175
175
175
175
175
175
173
175
173
175
175
173
168
172
174
174
174
173
11
174
172
174
174
174
174
174
174
174
174
174
171
168
173
173
173
173
171
173
171
172
173
173
170
173
173
173
172
173
173
173
173
173
173
173
172
173
161
172
172
172
172
171
172
172
172
170
172
171
170
170
172
172
172
172
172
172
170
171
171
171
171
171
171
171
170
171
171
171
170
171
171
171
15
14
3
11
171
171
171
170
170
171
171
171
170
169
170
168
170
169
169
170
169
169
169
170
169
170
170
164
141
170
170
170
168
170
170
167
170
169
169
169
169
168
168
168
169
169
169
169
169
169
169
161
169
169
169
169
7
169
169
0
169
169
168
17
168
167
169
168
169
169
169
169
164
168
168
168
169
169
109
168
168
168
168
168
168
168
168
168
168
168
168
168
168
167
161
168
167
168
168
168
168
168
168
168
168
166
167
167
167
167
166
2
167
11
165
8
167
166
167
165
167
167
166
164
164
167
167
167
167
167
167
167
167
167
165
167
167
166
166
166
166
6
3
160
166
166
165
166
166
166
12
165
166
166
163
166
166
166
166
166
166
165
165
164
165
165
165
165
163
165
2
164
165
164
165
165
165
163
165
165
159
164
164
6
165
9
165
165
164
165
165
163
165
165
165
165
163
164
164
164
164
164
164
164
164
0
164
161
164
164
163
164
163
164
164
162
163
164
163
158
164
163
164
163
164
164
6
164
164
164
164
163
163
162
163
159
160
163
163
163
163
163
163
163
163
163
163
163
163
162
163
163
161
163
162
163
162
163
163
163
162
162
163
163
163
161
163
163
159
161
159
162
162
162
161
0
160
162
160
159
161
162
162
162
162
162
162
162
162
162
161
161
159
162
162
162
162
11
162
162
161
161
153
161
161
161
161
161
161
161
161
160
161
160
160
161
161
161
160
161
161
161
161
161
160
160
161
161
160
160
159
160
157
160
160
160
160
160
159
156
160
160
160
158
160
160
160
160
160
160
160
159
160
159
159
154
159
5
159
158
159
159
156
159
159
157
158
159
157
159
158
158
158
158
157
158
158
158
158
158
157
157
154
158
158
158
158
158
157
158
158
158
158
157
158
158
158
158
158
158
158
158
157
158
158
156
158
156
157
157
157
156
157
156
157
157
157
157
157
157
157
157
157
156
157
157
157
157
157
157
156
155
157
157
4
157
156
156
156
156
156
156
156
155
156
153
156
154
156
156
156
156
155
156
156
156
156
156
156
156
156
156
155
156
155
154
156
156
4
155
155
155
155
155
155
155
4
155
155
155
154
155
155
155
155
146
154
155
151
155
155
154
153
154
151
154
153
154
154
153
154
154
154
154
154
154
154
154
154
153
154
152
152
153
154
153
153
153
153
153
152
153
153
153
153
153
153
153
153
145
153
153
153
150
153
148
153
153
153
153
153
152
152
153
153
153
153
152
152
152
150
152
152
151
151
151
152
152
152
151
152
152
150
152
152
152
152
152
151
152
152
151
152
151
152
152
152
152
152
152
152
152
149
152
151
152
152
151
151
151
151
151
151
150
151
151
151
151
151
151
151
151
1
150
151
151
149
151
151
151
151
150
150
151
150
151
151
151
151
150
150
151
150
150
150
150
149
150
150
149
144
150
149
146
150
150
149
148
150
150
150
150
149
149
150
150
149
150
149
150
150
150
150
149
149
146
148
149
149
149
149
149
145
147
149
149
149
149
149
145
149
