124519352
124376
124376
0
1892
87534
24474
717
102
65
96
2
1066
2939
1721612
27
53
44
27
252
10
10
8
5
6
8
192955
23
32
119
135
37
93
42
35
52
80
162
62
60
92
120
47
42
50
35
71
102
13
41
59
117
61
6
707
266
212
273
762
222
252
243
536
72
288
276
300
262
315
269
58
302
670
449
292
120
170
20
552
210
81
657229
577
9192
142
669
209
65
16
235
5183
2718
296
5532
228
1199
875
854
2104
347
2321
1364
2241
9868
443
318
494
176
1015
607
29
1188
1118
962
1934
7551
4684
4885
48416
1553
3494
15540
1
6009
3776
10497
956
95
12405
64
1363
841
280
2900
1052
203
263
1
19405
31
38
62
45
384
52
1106127
50
2132
1027
680
1048
742
2543997
2220
1486
3008
871
1414
850
2472
897412
1018
2505
1095
290841
724
2306
610799
1039
572447
404
551876
153060
5331
1705
2468
208801
85872
276223
786
1159
918
1053
440
826
602
69730
337656
342487
58192
1269
28627
2196
766
20072
316
192148
886
264136
232
195
53045
895
232536
167240
126999
137367
150040
204174
200483
1211
607
207248
565
13463
199430
137375
183941
713
311
470
139115
550
207
269
5111
366
22376
23374
529
117393
153791
52182
150395
147240
289
36489
99400
1620
33222
1097
356
522
76249
456
91905
678
64174
12841
98183
695
115290
115521
15694
269
31
964
65594
29054
720
422
106789
1094
103934
1857
475
76225
1526
1204
1351
1506
558
90529
245
91936
878
46591
340
6992
621
448
49499
534
665
44
46997
313
49400
58098
81020
9704
61995
63503
55655
15115
75752
125
7726
284
72823
252
55837
11408
2815
173
835
69273
63298
392
966
1
5089
60478
974
5215
67
2413
159
62934
39034
184
61022
59055
30554
59772
2439
773
465
44200
56913
950
192
987
345
35994
54201
16691
11899
147
5466
5412
46787
547
39475
20489
584
217
4605
43
95
42311
913
40570
46258
44579
12341
45956
44900
83
10
23583
44991
2026
114
756
41428
23
44117
33
4021
1162
11813
41890
68
635
1577
50
41214
42471
209
217
2258
350
28
3137
80
1128
26277
14
40652
127
38147
40002
1983
3572
39848
29028
1401
63
3966
15652
38205
7444
74
23487
25655
37003
54
35495
6410
823
35418
28321
3517
1
562
14546
266
32359
34350
31014
33872
15234
542
189
31999
1683
32358
22345
349
147
170
8
122
16752
24650
31391
26664
31142
27005
29239
391
28933
2608
30917
348
24262
171
29748
20660
2111
294
273
52
28708
19695
1529
28531
1462
24094
26228
77
1
24153
931
15284
22575
54
105
27124
41
24055
26844
26667
26607
8647
72
88
287
22548
26334
4990
24980
1250
8068
9053
26050
25275
25233
2798
18998
25
14297
910
177
16521
686
150
11
84
21872
12833
391
18072
20546
95
121
16647
24184
408
697
375
81
20061
22858
242
13784
625
22397
14261
188
162
213
0
21023
22509
20552
22423
22389
20931
538
115
929
19854
21895
123
21228
472
15926
21405
21383
20199
19902
7874
5263
16287
11860
20945
18151
19554
19849
34
20512
15133
719
0
290
41
51
179
19304
10678
1833
20018
12578
108
117
19482
11779
64
16206
11881
19418
19231
170
683
367
17620
4042
15216
288
19021
4834
106
17638
13138
8243
830
4819
581
124
15469
29
17500
12
43
3
16330
14649
3160
1607
47
83
17806
16424
145
17741
17276
16602
17642
22
17561
16314
1962
17351
16986
17158
3028
279
0
490
16995
80
15208
2
473
15244
10
460
684
16699
3043
250
20
80
14796
16490
13041
9458
16085
65
16524
1176
16074
15819
106
438
3208
374
5
9276
13822
48
16065
13009
166
14318
194
15803
352
15653
5726
15256
112
15567
7495
239
1
488
15083
252
216
14
109
14810
14853
14078
13813
14011
14541
14378
14273
5583
37
13007
188
14071
13742
13424
10150
13973
13934
261
13606
53
162
1183
13864
14
13510
4826
13842
13772
9665
13656
32
13247
31
1043
13406
8434
57
9761
7880
273
282
86
118
13109
189
13001
13067
26
73
7055
12527
12949
11002
12406
33
34
1
46
12573
12606
3681
12516
11313
105
47
117
46
86
2040
9749
11871
4
9628
4860
896
12206
11417
452
28
12036
43
1039
109
1549
11919
11889
11210
11572
156
179
693
11702
257
9671
26
11468
11510
36
9242
1747
512
129
9536
61
132
85
150
7191
7483
673
8971
1611
29
485
1348
154
1487
135
10818
9575
1
80
114
240
10738
512
427
10703
10555
30
10254
2437
9883
25
34
10541
10623
10556
203
284
687
10343
2
767
10451
10449
10350
80
10247
497
10352
9876
412
58
10
10174
373
1
30
9798
5
9906
317
77
10071
2
766
9886
9855
10000
9954
21
878
9937
9770
4732
357
123
9629
8892
9708
16
30
3
8457
222
9221
145
9608
9426
256
5099
356
9366
6064
38
9305
9496
4
264
8168
9404
9305
261
9383
211
7283
27
9351
431
7488
126
9305
31
7779
8391
9190
4
5485
9212
198
870
806
9202
9090
15
8908
6
9099
8445
2453
4743
738
6
8889
6662
8432
8882
7787
7543
7125
8821
5738
8059
7147
87
1563
8729
8697
8362
8646
8601
8603
1600
207
428
7365
8453
2
7853
580
131
423
323
6288
206
2995
7461
408
7751
120
7493
8176
8005
8194
8165
315
5808
2461
126
7809
6746
428
81
6089
5
7878
5663
93
7944
7558
0
7191
7877
1142
607
7730
178
4055
7793
7197
7727
7417
1170
27
158
43
7635
0
4152
7297
66
7596
0
2627
7359
1
18
7022
2
7502
1017
7440
0
24
291
7410
7417
2090
6937
258
7352
3
7321
17
3596
0
7279
39
137
3217
128
219
7292
7288
7247
5881
100
172
45
6620
83
7125
1081
1
7148
3727
773
7172
6249
6791
88
5653
68
66
7071
7050
7054
7009
425
7034
25
2377
6972
11
5151
6912
3103
6902
116
319
37
13
1674
6895
6925
6676
11
4525
109
6806
6832
10
290
6745
6773
38
1
1
243
4760
6366
6643
6662
6317
3911
6609
6642
120
48
6269
6566
6363
6605
4
2650
31
25
6559
6502
675
66
52
29
167
163
6214
6425
29
84
6429
6294
6062
1271
37
43
6259
5616
6238
6231
5926
4293
77
4548
83
6199
799
6130
6143
5878
15
6097
2365
78
4579
62
6
6036
2
5770
225
6034
5699
548
4535
83
1580
5
5846
6019
4478
28
3990
2631
4980
5825
5898
5930
5514
82
8
5870
3119
280
5887
5849
5795
5508
2852
4779
2
289
5810
5789
5782
119
5788
66
4293
4635
5006
5525
5285
5731
5663
5540
2369
33
5684
5577
80
337
68
5244
1
5661
4664
16
14
4170
5629
3820
0
5344
5544
264
51
5568
1189
5464
4424
5553
199
3333
5251
5566
51
5481
5356
51
79
5439
3709
4295
5422
5422
5348
319
14
481
99
37
642
5358
16
5380
5358
5386
5342
1675
4865
5143
5299
5263
5259
1162
4973
236
281
5163
946
123
188
2960
5130
433
2
5159
0
2958
4117
66
5054
83
623
5033
697
5040
3776
4637
4996
678
92
665
5004
4706
2020
4806
4979
19
3731
70
3935
4997
4970
4839
2206
57
78
2491
4893
19
4873
4070
4870
376
4833
4885
948
66
16
104
4522
4791
39
4814
4117
754
4525
62
4798
28
4778
14
4207
0
1
4732
29
4728
4716
602
4488
4752
117
539
4714
1683
4195
4713
4050
142
4317
3568
4656
4668
98
47
4664
4672
4647
4622
4620
4597
4595
4588
28
4587
4618
250
103
4570
33
278
2389
4079
2
0
72
872
4532
3609
42
2435
4520
4478
4522
4503
4063
31
4480
44
3071
3707
3
123
4294
513
4404
1450
4398
4387
71
4389
4277
2264
4389
36
25
4351
4113
4372
4121
1932
377
0
1111
39
4214
72
91
4072
4272
2235
43
4289
4229
4228
200
3050
4201
39
201
497
135
3869
1888
4208
4203
46
1
0
4047
3138
4185
3100
35
52
108
172
4062
4113
4088
4067
4092
3933
19
4088
4026
4102
48
3719
55
4066
4071
1342
267
7
313
4032
3261
4054
4039
170
3990
694
4018
2777
2959
809
70
293
62
3990
16
3962
3966
3962
3713
46
2679
3978
3805
3911
33
1280
3915
3538
3931
3833
3894
3865
3378
3716
167
3910
1868
3830
53
3853
522
3855
2515
54
3537
3831
3854
3838
3795
3773
1984
3814
3803
2858
2011
3469
146
92
3765
29
1
24
1775
40
719
3728
1738
3017
2428
5
3648
444
73
3155
3614
531
1419
1907
18
3645
3678
3640
3670
3629
2001
968
3641
2815
39
0
0
196
2348
3607
181
3548
3369
52
3331
3312
3584
3583
3599
204
1738
3555
3571
3592
364
3557
967
3530
3548
140
3417
3512
3529
2726
135
3520
3514
3527
3495
3474
1611
3472
65
468
3418
136
3451
367
3296
9
3191
3040
1902
2805
3444
3481
3422
3448
23
803
3453
97
169
3412
2036
162
3332
49
3407
2347
3400
616
2
3415
3403
2942
2979
3295
3041
29
657
2287
3350
366
3264
2515
34
3321
131
3352
3308
7
126
3330
36
1301
1839
3326
3327
1868
1645
177
3231
3027
3094
3280
2730
67
3305
3268
3267
3292
3301
1935
3277
3278
3131
3276
183
3228
2800
2849
290
3194
171
3233
3227
3238
3223
3182
3203
1954
2513
164
0
3187
3193
35
3182
3195
48
3137
3123
3148
2842
3176
24
2687
24
32
3153
1715
2975
3012
1499
14
2468
3135
3031
3063
3116
3136
3078
54
22
31
3062
107
61
3099
2766
1701
3088
3078
3111
944
3086
5
3077
2877
2280
79
513
1856
3033
3030
2403
180
3044
3015
23
2852
357
3026
1986
620
3
131
56
2830
169
3
114
826
2948
3
2980
2961
2958
86
2923
152
175
2555
2954
2922
2953
8
2922
2935
2899
2918
2913
28
2926
411
7
2779
2882
2860
2913
200
2934
2848
1998
2878
185
1164
2787
120
1
0
2853
2853
2851
68
2787
2862
1345
2071
2793
2846
183
2623
2816
2731
0
1407
2807
2115
2201
77
16
2771
2034
7
10
2745
2437
31
2718
35
2733
2742
54
2240
38
4
414
8
2741
126
2705
2233
2301
2708
2564
2727
2701
45
2413
418
2573
2625
393
2696
19
1490
2670
32
387
2329
42
0
2657
2687
20
2649
2670
2617
2339
2642
15
2637
2649
2624
0
316
2561
127
176
2595
650
2561
2593
2508
2420
2620
1623
2529
2570
44
2347
2584
32
58
55
2489
2576
175
2596
2561
90
2217
256
2550
22
2551
2555
2536
2514
2320
2469
2530
2539
99
2359
2445
2277
2465
0
121
54
2523
320
2460
2433
2497
144
2276
2182
827
2468
770
914
1408
2465
2430
2086
2463
20
564
2459
111
108
1468
1860
1581
1191
2437
1290
2163
2265
1745
249
2439
94
2272
2437
2263
2430
2292
2303
2357
2422
1109
2407
2363
2382
3
17
2406
1
2390
46
366
2374
51
2293
230
2369
2387
133
403
49
1980
456
2238
48
2242
219
1967
23
1319
1790
2320
341
37
2359
21
915
55
2148
8
13
2270
2318
30
2305
1637
0
2273
537
2296
1932
2286
1617
172
695
2228
2275
361
2277
1953
45
70
1461
380
249
486
2259
1823
5
191
2219
4
45
299
2246
747
2239
2250
2223
236
2110
1555
2225
198
129
0
2235
2202
2205
782
38
2218
2093
225
1561
2181
382
4
6
2175
17
287
26
2185
49
287
2194
2187
73
455
2141
984
2243
25
2176
19
30
2158
2165
1289
2131
1978
2159
2154
18
2186
2122
66
2151
2118
2168
2142
2127
2114
2129
2115
186
2144
1977
448
618
24
75
111
2069
1031
168
2064
5
602
171
142
1609
0
2057
2097
10
1944
2097
2084
2105
2071
44
985
200
2073
18
2025
211
2047
239
21
0
86
1978
45
1855
2049
2043
2019
114
1980
243
145
264
2050
41
2045
2014
2007
82
1938
18
43
26
1657
69
0
1800
2012
84
2030
813
2001
14
110
1975
1994
1981
1011
365
1892
1976
1238
62
2003
58
16
313
1919
56
1967
1702
756
1788
383
1920
1901
1849
1956
1904
1791
1900
1939
1924
1919
2
1860
800
1949
4
56
1
11
1571
1918
1919
1271
1907
25
1880
1871
1910
1844
110
1299
1921
1893
1889
1733
1904
1892
2
14
1906
1875
50
491
1901
1900
1855
1889
24
1878
1782
0
101
1757
866
1891
1856
1849
1512
16
1887
1855
1867
1886
0
0
1872
1840
1854
1452
1832
1841
1837
1690
1826
1804
1255
49
1817
1721
11
1648
192
1874
50
1
1824
1793
1455
1800
1821
84
307
1016
1826
282
1794
97
1799
1091
144
114
1
239
1799
858
1815
1162
1788
1756
1144
1788
1124
103
1636
1782
1787
1620
1711
1
1763
1719
1136
1762
1761
358
1749
1768
1761
0
1761
1676
1754
1736
100
1729
1749
1682
1737
1737
141
1697
1747
46
1726
1540
2
1716
1408
1538
1694
1527
1197
5
348
73
610
1091
1722
80
1743
1706
1674
180
1724
1691
1654
1682
41
25
1720
13
1724
56
1716
1728
984
1684
1708
1711
183
1701
42
1691
1706
1614
1603
1700
102
1691
1558
1637
1672
1667
90
1502
1653
1665
1644
1643
1685
1661
1696
741
1675
28
403
145
61
323
1682
1662
1683
1688
1669
1360
1641
47
1613
42
1682
0
1670
781
1027
1657
1666
1605
2
1627
1631
1302
496
1431
1388
1612
19
24
1640
1625
1635
1631
1644
3
1637
1548
158
1630
1626
106
1635
17
1614
1170
1619
1630
1615
256
1622
248
1549
1458
89
1649
62
1230
300
61
1546
1597
1148
35
17
1587
5
0
1600
1599
232
1582
1609
1092
1625
1190
1586
388
536
1416
1577
1579
1582
1587
96
1575
1566
1541
1482
1565
1591
1592
1571
1311
1566
67
1456
59
1553
9
1544
1483
1561
1560
315
1556
1556
1457
1415
1524
1304
1412
810
799
814
1246
8
1538
1509
6
1513
1493
1062
1517
70
1508
1505
1463
1514
1244
1523
1504
1524
1447
1512
970
1535
10
1524
326
1527
1481
70
1490
180
1356
156
45
1286
1497
83
1489
1491
1280
25
1487
1454
1503
1453
1460
1118
1481
1476
516
67
4
1476
1000
1358
6
1472
1457
1080
0
1438
828
873
1454
1464
1453
216
1462
1330
1454
1
1459
26
1450
14
1473
1462
1466
32
156
1425
1377
1448
1453
197
43
1422
1424
1434
884
1245
1368
303
20
1395
297
8
1415
1360
1414
480
1436
1405
1423
1407
1380
111
1256
1408
27
93
377
1413
1395
1421
74
1320
20
52
707
1228
138
1391
1398
1391
26
1388
1289
1227
1383
1248
1388
1412
1387
227
1382
1390
1383
1190
1377
1358
1380
1355
1371
69
42
1364
1356
1251
1388
1366
1364
1372
1363
1346
1358
1373
72
1388
1315
154
836
1327
31
1360
86
1352
10
404
1339
1306
1141
0
1342
28
1191
1349
1312
1061
349
1165
1046
1344
1322
118
1339
1346
1287
1337
1103
450
1333
86
49
459
66
3
1337
1227
101
1318
1332
20
1299
1303
1328
1032
18
91
875
1318
1295
1291
1322
23
1255
1306
1307
1289
1335
1313
1269
4
1316
146
186
558
1251
491
27
4
14
1289
1297
3
867
1171
128
1238
1260
121
675
1289
141
1279
1280
1304
24
1284
1092
2
921
10
1033
1269
986
1258
1101
1276
1274
1079
90
9
195
1269
1146
1
1261
1002
1193
1186
1254
143
1201
3
1080
1254
1260
1261
1276
1187
45
48
1259
415
57
1250
50
1258
1220
1207
1216
1251
1106
1020
1028
1220
1236
50
524
1211
1254
1238
1243
1236
16
292
1230
1214
1174
255
1226
879
1180
686
1255
1239
1213
990
1230
1274
990
1102
66
1230
1231
0
1222
1221
1233
1169
1217
1110
1211
1219
654
1212
1011
1179
1220
1221
1210
111
0
477
1219
1175
59
1206
1169
37
1145
1197
1201
79
229
69
1196
770
142
926
1159
31
1192
1214
1159
0
3
1194
1189
1213
661
20
1201
27
1173
1145
57
61
137
1191
1179
1181
1192
55
70
1167
955
1171
1176
1175
4
38
1179
1161
1153
49
302
1177
1083
1001
222
888
1172
1134
0
1155
41
1086
1135
1147
794
1152
1152
1166
580
140
60
879
1155
770
1137
95
1116
5
1140
1071
150
1147
26
1069
31
1137
1137
212
1107
331
897
1020
25
1116
922
1133
11
1142
1042
52
1077
1127
1139
916
1133
1092
35
1058
91
0
322
24
66
1117
64
46
1132
1092
1101
1092
856
40
1087
1121
1087
1089
1081
922
1093
81
1094
851
1048
69
1029
38
0
968
4
177
398
1075
1065
1079
803
10
1082
1017
853
813
1074
11
1093
1081
672
1081
1063
741
1064
122
1082
1072
58
1061
1072
1085
1079
298
1022
26
904
992
1050
0
981
1054
1050
1053
1058
60
1034
1035
1046
663
169
1045
840
281
1052
1060
1043
1070
1046
1026
17
1023
1018
19
1046
1040
1021
1032
52
96
99
1042
835
1018
1041
68
58
981
17
982
6
1018
993
157
11
1025
52
876
1025
1023
5
253
1018
876
49
1007
1013
879
955
11
915
546
885
989
405
1003
624
736
186
138
1015
0
21
1031
993
870
946
943
1017
97
1004
998
241
1008
986
994
1005
13
641
950
995
994
820
0
0
1
992
937
2
604
0
974
21
997
946
959
61
983
976
991
772
328
35
981
970
988
922
948
980
322
975
983
961
977
981
976
771
17
24
983
966
405
37
11
977
957
935
877
543
902
949
979
951
920
963
629
19
958
959
954
63
960
304
971
952
938
30
11
82
985
22
955
949
985
946
935
966
942
953
99
959
962
958
944
54
190
612
959
966
936
946
967
162
501
939
941
941
19
937
947
40
214
931
946
836
848
273
17
949
909
305
820
576
921
683
5
27
940
942
930
106
924
241
887
58
917
936
915
837
741
865
925
916
861
920
659
14
924
912
906
38
922
927
39
732
923
914
940
84
0
895
914
904
704
904
905
644
919
896
32
893
694
901
632
53
51
891
892
899
907
896
762
469
887
896
896
90
901
198
901
903
890
64
27
854
890
42
23
319
897
883
890
884
11
888
46
144
26
892
198
828
46
893
0
881
13
748
884
1
873
144
326
800
835
15
57
868
34
858
22
77
889
865
878
868
1
57
864
868
862
851
817
15
0
866
845
872
41
0
860
26
830
260
663
17
837
40
867
859
42
867
738
854
656
854
849
59
850
1
858
593
522
851
858
844
852
300
529
843
854
34
844
840
828
838
30
840
45
850
634
835
806
841
845
792
857
839
8
825
844
833
272
522
36
845
716
850
810
823
3
807
825
837
835
821
824
850
832
831
824
828
245
822
49
149
213
850
772
0
23
824
800
2
208
73
811
832
70
33
770
638
722
813
0
811
733
755
811
259
811
412
813
813
110
36
779
800
734
670
732
173
692
799
397
826
795
657
811
807
803
749
798
747
808
806
733
801
65
781
407
126
55
812
813
808
793
804
807
790
553
31
63
589
794
777
772
765
38
773
777
795
750
675
79
803
741
45
47
783
757
18
94
17
781
791
790
744
795
797
1
784
6
140
787
535
0
592
780
793
181
44
756
773
757
16
792
776
757
768
783
125
800
778
0
773
25
563
125
0
749
715
0
291
775
2
286
555
745
113
13
566
779
34
761
161
789
102
730
81
675
760
36
100
233
762
756
328
772
154
765
751
753
748
23
744
755
752
667
564
2
754
761
51
760
0
0
762
526
755
45
536
759
88
184
733
9
695
752
4
738
712
135
736
749
0
740
637
5
694
575
744
735
641
635
749
746
732
744
693
11
632
123
717
26
713
149
723
733
705
726
732
728
728
29
774
744
726
721
726
739
234
720
34
750
723
224
717
736
712
718
729
467
726
734
751
65
129
722
731
712
724
1
0
721
710
418
718
726
747
710
683
707
720
16
25
76
671
694
704
703
232
3
691
609
711
91
722
714
459
0
607
14
62
108
237
701
8
709
44
711
715
707
2
701
48
681
569
16
719
709
707
707
53
706
30
698
697
8
706
714
704
692
106
632
541
715
661
692
692
705
99
659
694
710
38
30
692
371
712
649
16
666
699
686
683
5
7
694
21
62
686
25
1
210
687
225
617
711
710
12
696
686
696
682
673
673
513
0
699
47
92
687
0
629
14
694
686
669
674
686
77
0
113
681
640
662
22
684
678
0
326
11
29
626
676
670
686
680
676
673
659
670
18
670
671
657
658
26
663
9
24
541
74
677
673
599
667
55
673
22
665
633
660
660
46
655
661
38
5
3
671
675
23
2
685
0
36
537
560
666
651
660
659
651
9
121
59
599
657
662
649
640
624
647
658
501
646
648
648
5
651
463
594
46
658
655
31
320
224
667
633
662
653
665
341
664
8
20
650
653
155
19
590
594
671
650
524
646
7
643
68
54
7
654
56
637
592
643
153
639
631
644
641
648
386
624
633
50
60
4
389
630
32
643
604
624
1
600
50
649
639
625
637
171
212
630
624
628
1
640
412
60
637
644
620
627
592
629
614
630
540
635
609
625
630
632
56
623
556
616
615
134
597
20
631
589
622
617
65
2
48
623
14
620
20
506
628
46
607
19
624
14
627
625
60
387
600
623
109
558
29
31
333
59
610
608
614
7
167
616
616
618
618
613
368
615
619
604
614
483
20
16
605
634
618
604
602
611
609
610
608
1
605
600
592
610
607
527
13
582
613
601
603
71
493
526
98
606
2
611
605
612
328
499
599
593
597
0
252
38
592
605
583
599
611
605
610
91
50
604
598
602
80
590
446
593
162
558
601
586
593
520
602
586
591
601
586
57
584
603
541
563
598
596
344
591
554
595
20
604
592
0
603
599
2
576
482
598
566
595
603
580
534
175
587
587
598
576
586
446
581
530
247
580
582
34
100
576
10
214
586
583
5
3
20
580
540
79
18
576
563
0
579
568
553
570
463
77
524
568
332
567
531
534
150
573
578
444
572
46
543
581
53
571
39
567
559
568
563
568
571
469
514
28
458
570
176
577
533
502
591
559
578
452
571
475
560
0
63
267
522
561
578
499
82
524
558
558
85
550
558
548
562
68
18
562
557
562
555
549
552
499
0
127
510
557
549
565
558
552
405
252
544
548
13
550
52
549
551
10
567
99
564
126
545
548
539
51
13
554
111
75
548
2
543
552
549
536
532
544
14
507
545
73
541
552
534
496
547
64
548
196
525
13
236
546
419
548
540
159
535
33
166
544
542
537
453
550
51
467
444
17
11
26
32
9
74
84
33
548
4
532
538
13
90
533
537
428
169
79
535
156
5
526
286
538
45
41
497
184
535
526
530
457
134
524
531
516
515
514
532
545
519
500
523
535
532
542
534
534
86
536
402
512
441
526
525
513
522
538
518
528
517
523
13
523
231
2
500
521
509
147
512
506
509
514
0
522
501
512
0
525
526
508
86
13
463
524
494
524
508
39
508
535
52
517
528
5
502
512
14
120
519
499
508
519
224
476
509
510
515
506
496
0
102
483
505
516
145
70
497
497
2
507
244
506
504
505
387
511
506
500
7
506
211
317
495
505
501
413
495
25
353
507
496
507
510
516
490
508
363
14
13
433
500
508
486
114
494
45
3
489
208
193
480
447
496
494
496
492
498
0
499
102
478
502
484
121
50
390
485
484
90
193
480
486
483
11
475
489
5
308
485
96
21
486
477
465
13
498
483
203
29
21
347
486
500
16
492
473
483
474
17
7
455
483
24
504
479
177
451
484
485
51
0
474
14
478
66
481
397
472
479
475
487
56
0
25
298
377
226
144
471
410
464
475
439
469
424
40
472
475
476
456
171
467
284
478
35
30
49
138
477
477
477
475
102
465
480
464
468
472
471
473
472
477
0
400
94
12
464
462
471
468
470
462
473
465
124
467
393
493
455
472
455
452
26
468
19
389
462
459
448
431
455
231
468
462
472
461
454
459
453
462
460
466
471
355
42
456
462
443
453
457
244
451
315
9
9
457
417
311
459
205
455
460
404
457
0
14
449
449
450
32
121
456
33
458
413
446
446
449
460
449
403
26
382
446
438
450
440
455
449
119
9
452
449
449
358
49
221
230
446
444
294
444
440
272
467
404
405
82
450
408
452
438
324
438
442
19
446
69
441
432
416
453
14
169
454
57
427
445
440
206
401
416
439
426
445
35
260
14
107
209
453
437
435
24
33
444
443
449
278
431
24
397
435
387
441
431
26
387
439
435
3
326
439
438
24
436
427
63
433
433
430
230
150
68
136
411
431
428
433
83
435
22
431
434
426
431
425
72
27
427
336
429
88
51
435
79
424
378
434
25
12
424
432
428
414
80
420
393
399
360
305
412
433
431
59
429
205
423
76
415
426
61
428
401
421
11
93
427
391
407
19
424
380
416
23
410
409
11
399
421
375
418
412
416
422
26
403
224
205
207
161
425
420
84
421
413
419
428
417
49
413
414
2
417
420
413
414
423
0
408
409
417
378
383
410
407
410
403
43
59
414
413
410
411
408
12
78
420
315
405
415
37
124
295
159
370
343
418
255
415
399
413
99
409
21
395
374
407
396
419
296
238
23
394
410
411
402
407
397
407
402
20
120
51
405
327
408
21
49
316
411
251
401
359
327
405
401
117
118
396
410
403
405
404
395
399
56
406
401
108
0
389
20
130
408
401
405
400
410
401
397
327
392
393
401
397
135
290
396
401
386
353
380
392
5
387
319
2
396
337
391
332
405
334
2
55
403
404
390
171
402
222
390
398
399
403
349
395
7
50
1
394
404
16
397
112
397
393
388
395
385
394
352
14
399
385
391
401
396
328
389
385
12
384
390
390
390
386
387
389
386
372
385
388
206
19
380
89
391
387
386
374
220
382
376
391
384
60
372
373
382
110
150
81
379
372
193
192
15
378
18
378
51
0
372
385
390
370
373
39
294
311
375
374
364
372
59
388
134
282
390
367
370
376
93
64
378
62
374
4
365
371
201
374
374
349
361
5
371
375
373
373
139
102
377
372
376
73
379
360
307
382
257
240
1
26
368
366
363
339
374
43
366
376
117
370
366
379
370
370
374
0
367
379
369
366
366
3
372
370
370
371
366
357
81
372
352
369
365
370
66
375
154
21
51
366
33
130
363
369
18
357
195
166
319
45
362
360
10
97
22
342
362
353
361
368
218
354
27
366
359
363
374
367
346
359
376
369
351
375
350
43
356
358
352
359
356
362
76
360
350
357
358
348
349
371
374
54
11
11
334
356
360
347
337
355
55
18
37
356
354
358
86
355
353
0
372
155
354
360
352
353
361
343
351
356
35
355
10
346
314
349
354
334
191
357
314
360
354
349
337
355
274
38
0
349
345
319
350
313
350
351
353
346
351
67
348
27
310
349
345
344
347
355
345
346
100
342
10
350
32
356
338
341
310
15
263
344
351
347
242
353
19
304
326
0
335
346
217
352
343
338
305
50
340
286
339
341
339
342
329
348
343
215
75
277
44
342
333
145
342
350
35
1
327
44
322
263
343
340
337
8
246
76
288
324
338
77
322
292
335
28
334
79
42
147
310
331
338
331
333
333
297
333
335
349
330
339
263
328
103
340
308
0
12
0
339
337
333
338
232
0
332
320
332
329
328
321
338
331
51
334
330
330
336
329
338
325
331
329
330
337
16
200
331
334
6
323
317
0
305
1
326
331
0
319
343
327
282
325
320
290
282
309
337
324
44
294
77
324
321
324
324
223
97
328
313
321
323
3
192
324
328
320
311
25
93
87
332
329
240
326
308
114
316
68
333
23
323
326
325
335
89
312
276
49
323
244
316
317
235
326
319
105
290
318
312
54
315
102
323
319
273
301
320
116
96
326
326
320
12
315
215
10
64
206
319
42
321
321
12
12
65
325
315
317
319
315
325
316
309
322
324
91
318
7
17
70
0
313
15
321
313
315
321
314
318
34
309
9
306
27
313
315
221
194
314
313
305
308
309
209
186
278
270
323
316
304
329
314
281
317
304
309
312
6
312
305
276
317
33
67
316
310
310
298
310
310
138
298
311
110
311
74
311
42
311
272
315
306
310
308
305
31
8
235
15
83
273
311
312
172
5
311
306
0
303
302
299
304
298
304
304
306
306
302
170
286
311
179
303
303
296
305
311
125
308
288
302
38
317
298
144
302
35
307
138
52
311
300
299
144
296
305
298
248
0
306
300
305
301
299
294
299
254
307
300
302
296
301
292
241
62
299
96
304
300
302
286
296
300
287
246
301
295
45
10
84
307
295
293
291
306
285
28
298
296
21
295
292
301
296
299
25
295
294
104
296
271
299
298
303
290
299
295
295
285
285
292
21
24
291
15
14
291
200
131
297
293
53
288
294
69
4
293
287
295
297
267
296
279
293
280
39
278
289
295
283
296
291
140
275
272
280
283
294
285
281
285
282
299
289
98
285
281
273
290
299
284
286
30
290
296
291
42
273
25
287
292
289
284
288
79
283
290
288
270
19
280
282
284
289
1
288
0
0
66
101
285
281
214
39
183
275
119
275
285
280
282
277
278
34
279
47
36
292
32
80
285
284
288
31
292
273
294
269
269
285
60
279
275
280
280
189
270
280
277
279
49
276
280
270
276
275
15
30
233
79
217
0
273
276
268
278
278
283
265
200
177
277
276
276
277
262
14
18
214
275
277
273
273
275
65
282
233
264
18
59
280
274
13
7
29
32
270
276
233
268
278
283
31
277
274
72
202
265
273
273
270
273
278
47
270
263
276
45
277
44
10
22
269
274
280
24
268
271
273
40
272
7
266
4
4
123
28
20
258
264
266
269
264
257
268
261
69
0
269
36
272
18
264
262
266
264
273
271
261
264
256
138
73
267
260
263
266
256
261
61
127
10
261
172
255
267
266
266
173
272
192
256
18
0
263
265
43
266
258
270
19
263
263
258
265
10
241
267
230
0
91
262
248
256
250
227
147
103
261
242
256
260
0
24
255
100
263
262
254
58
257
263
256
261
258
91
254
242
26
257
214
253
252
257
248
63
251
252
227
3
220
259
29
88
261
39
260
257
1
146
55
18
258
11
260
20
255
249
258
265
254
261
16
259
258
212
258
16
261
254
263
50
250
249
256
0
258
87
257
248
250
24
254
220
256
49
250
253
254
252
254
257
218
256
252
0
258
255
250
255
118
76
36
49
252
9
29
247
10
131
250
252
255
255
115
214
251
251
247
171
247
250
247
46
9
255
259
245
57
253
46
35
61
240
244
251
252
243
253
244
22
206
250
29
144
249
245
245
246
60
236
62
60
248
238
254
246
253
234
242
244
242
240
251
252
241
244
252
85
233
240
241
2
248
247
244
26
240
249
247
244
53
242
249
6
245
243
3
241
248
27
238
245
240
160
252
48
253
239
247
18
12
248
235
25
233
238
248
240
11
239
247
233
52
187
241
242
248
237
243
234
247
222
239
2
248
239
247
241
242
119
240
78
16
103
240
238
239
245
240
237
237
235
193
239
252
232
239
245
246
36
0
232
205
196
50
248
244
248
9
195
31
236
232
231
30
131
229
234
18
21
239
234
232
193
236
238
230
201
23
233
231
238
231
76
232
19
236
232
189
235
228
76
227
12
238
135
234
232
238
38
226
228
184
231
237
240
236
79
232
231
231
228
222
232
18
235
124
233
226
104
224
222
226
0
3
234
227
224
233
233
222
0
220
226
235
228
22
89
238
227
229
233
223
230
231
232
233
187
12
198
91
232
223
110
221
229
223
234
223
221
233
230
226
228
49
232
169
219
204
223
229
221
153
219
227
227
231
211
221
226
220
0
224
227
118
229
228
223
228
220
228
223
225
74
15
220
227
227
44
226
224
220
224
217
226
223
227
227
41
219
225
220
228
228
48
223
223
222
222
229
194
39
219
148
82
12
217
225
222
230
19
225
219
44
229
45
219
27
227
212
221
101
220
218
223
16
14
223
208
224
219
218
225
226
225
218
225
215
220
28
226
219
26
212
233
216
214
221
219
224
216
220
222
223
90
4
220
222
177
41
219
214
224
228
217
220
212
222
215
215
215
216
217
221
20
212
215
225
218
217
187
212
211
57
217
221
217
215
215
46
222
217
217
219
221
222
223
218
207
123
21
208
218
215
219
222
211
214
27
3
212
216
214
215
209
207
11
219
227
210
218
221
215
217
130
10
212
212
51
212
139
19
216
214
211
208
213
209
211
212
207
215
198
213
36
207
213
211
212
207
209
213
212
143
209
212
70
213
210
215
213
218
211
210
203
36
209
213
206
215
211
180
78
20
209
209
214
209
88
173
204
124
203
14
46
209
202
215
204
140
72
93
54
14
97
9
205
111
18
207
205
208
203
214
208
207
211
27
201
207
6
204
27
207
212
201
200
210
101
205
31
95
31
196
11
88
3
198
205
213
202
202
209
35
208
6
162
201
204
19
197
208
205
35
204
209
203
205
198
204
210
64
192
79
82
110
202
208
202
203
198
203
200
203
203
176
203
174
41
202
200
204
197
202
206
200
201
0
168
66
204
19
133
4
6
193
206
203
199
199
49
15
205
200
198
212
198
202
196
198
210
23
195
11
205
98
40
194
104
205
24
200
199
192
195
65
196
38
139
17
199
86
195
191
2
64
31
193
198
197
205
201
13
124
202
196
200
200
190
203
188
200
199
197
186
197
196
195
198
200
194
207
186
201
22
189
194
196
196
117
191
98
40
191
199
193
196
196
201
188
191
193
193
195
92
197
179
110
193
198
194
159
197
25
87
189
199
184
197
199
193
191
194
197
184
197
189
193
189
109
191
195
140
159
145
200
194
192
187
193
187
194
191
196
192
19
123
193
196
194
182
193
197
198
193
7
96
193
182
194
184
185
181
189
190
65
180
18
56
74
191
187
177
197
149
198
189
131
9
33
189
181
191
184
189
24
186
188
187
28
189
5
183
178
191
185
189
190
64
180
2
185
64
43
26
192
137
55
84
183
121
63
96
195
192
191
180
190
187
184
192
40
191
189
188
184
1
194
186
93
188
185
179
191
180
184
175
189
187
184
185
184
184
182
40
181
186
186
189
185
186
185
184
186
178
189
182
184
182
35
2
185
185
164
187
180
183
182
179
185
182
58
180
184
182
178
187
185
184
184
183
174
175
99
7
179
83
184
188
18
183
178
31
185
186
177
180
177
185
188
108
182
175
177
20
176
184
168
172
181
184
180
176
181
177
182
0
177
177
179
179
174
9
26
183
172
172
174
177
190
174
61
180
177
180
179
56
179
175
181
169
182
21
65
8
139
175
177
178
183
137
182
175
185
177
28
182
33
184
174
166
174
182
176
184
181
172
174
169
110
175
172
169
175
139
183
172
175
55
172
174
174
182
168
172
171
170
143
171
174
173
173
171
179
175
178
177
176
174
178
9
174
78
179
169
175
178
160
173
176
159
172
181
176
174
162
175
16
170
41
169
173
175
171
176
178
171
175
175
18
175
94
178
18
173
18
170
165
168
174
5
169
175
168
171
174
0
175
175
173
134
32
180
169
27
171
171
2
176
16
168
179
176
171
176
173
51
170
24
139
170
131
174
167
16
165
175
172
177
173
171
164
75
15
32
8
170
90
138
23
111
169
11
167
169
157
7
47
180
168
169
176
166
168
171
112
17
168
172
169
90
168
167
170
162
163
0
170
38
165
20
164
172
175
172
167
87
168
164
167
169
165
171
169
166
166
165
164
160
107
39
161
162
154
158
165
164
52
101
157
162
43
166
76
158
160
166
160
6
168
167
26
167
165
159
162
159
161
166
166
165
169
164
48
165
31
157
162
36
168
15
111
169
172
83
34
164
160
159
3
160
163
159
166
167
138
165
165
165
174
98
64
170
168
165
163
38
126
159
166
165
60
104
155
164
23
163
161
163
154
166
166
158
164
161
150
166
161
151
160
47
6
164
161
0
170
72
158
160
165
26
160
160
156
166
158
164
170
156
55
161
166
154
153
162
16
165
166
159
148
169
153
159
159
163
162
161
154
155
163
164
162
103
0
161
161
160
19
0
160
1
149
160
157
158
162
150
141
152
88
11
28
164
152
151
163
157
164
153
159
159
157
160
155
157
159
164
157
164
160
71
155
157
83
157
167
123
40
159
147
157
77
163
157
160
154
158
36
161
159
153
165
163
162
2
161
154
147
151
51
158
151
159
3
6
155
151
153
155
157
160
156
158
159
158
152
159
148
153
153
152
154
154
149
156
157
122
66
155
97
86
155
150
157
156
153
151
160
52
142
152
152
154
127
60
150
54
44
144
155
155
38
156
150
155
155
116
153
155
131
20
154
162
112
37
150
157
148
144
151
157
152
151
152
30
157
152
158
147
156
152
150
156
149
19
99
39
4
100
2
151
18
152
5
148
146
150
151
78
156
152
141
43
153
157
155
155
115
149
153
144
145
153
152
153
142
62
151
23
152
149
154
150
148
150
151
156
151
146
154
65
99
151
124
153
149
154
145
151
154
20
154
151
122
149
147
150
147
150
151
150
150
25
20
148
145
142
48
150
12
153
154
146
151
155
144
141
156
145
44
67
150
147
141
142
151
145
145
59
146
147
141
63
149
147
149
149
136
146
151
135
147
139
150
149
150
98
13
145
154
11
148
151
146
58
147
146
152
143
102
149
145
150
152
145
142
145
20
143
142
145
147
145
147
137
148
140
141
145
149
149
143
142
14
147
139
140
146
145
1
140
33
144
147
143
149
143
23
145
141
147
144
145
86
148
84
150
71
44
148
146
140
140
143
139
16
143
0
146
105
143
145
140
141
118
2
38
140
148
143
137
76
110
137
141
130
142
145
145
135
142
133
146
151
147
58
10
138
42
140
137
32
31
138
140
26
140
139
140
138
145
151
101
144
137
141
150
141
139
140
140
148
142
138
4
144
136
139
137
148
99
139
143
141
148
138
145
144
131
139
15
134
35
145
143
134
141
137
147
140
141
138
134
138
138
139
54
106
131
140
133
141
137
137
144
140
17
139
135
137
143
138
135
141
140
135
139
144
138
40
134
138
140
142
137
11
135
129
3
139
141
0
37
43
32
106
136
133
135
142
139
126
133
103
137
8
135
144
141
139
139
132
138
133
139
132
137
0
0
133
31
16
24
130
139
132
142
38
135
139
134
140
142
11
134
132
93
135
134
25
7
136
137
143
138
140
0
133
136
132
67
135
137
136
136
135
138
34
1
44
125
6
109
129
135
143
138
136
125
124
134
138
138
131
134
130
143
136
75
140
134
131
127
42
55
129
31
130
136
133
130
9
135
137
128
136
135
129
135
130
133
140
128
136
135
66
133
137
135
131
123
130
130
134
132
132
136
129
14
133
132
79
127
16
101
134
130
130
127
125
132
134
133
132
134
122
133
129
125
93
129
128
132
125
17
92
124
129
128
132
127
62
82
75
130
2
58
131
125
130
16
125
25
3
134
133
134
133
130
118
72
129
19
135
131
127
101
133
129
14
133
121
132
18
74
47
126
129
125
132
9
129
129
127
130
122
127
124
129
130
31
130
131
134
14
2
130
132
26
129
131
128
127
127
131
136
124
124
128
131
50
132
129
125
128
135
128
133
125
2
125
134
6
47
118
128
129
0
129
124
123
130
126
130
84
13
116
17
129
128
33
123
121
5
128
124
127
119
125
122
133
127
124
124
17
125
131
125
0
45
129
13
134
69
124
129
127
124
128
127
43
126
121
128
132
126
125
130
127
125
89
127
114
126
127
42
127
129
122
87
122
124
129
129
131
11
130
125
128
133
123
38
131
7
70
86
124
122
125
124
73
127
128
122
76
126
123
129
122
123
16
125
119
126
23
124
121
120
116
123
9
129
119
123
131
124
122
53
121
125
112
123
86
117
79
113
127
122
120
13
117
122
125
120
121
119
119
127
40
123
0
120
123
126
73
118
121
121
123
106
115
125
124
113
8
111
123
120
122
121
122
76
118
5
119
0
120
48
119
122
122
126
118
121
122
119
123
122
120
118
119
125
118
120
114
118
121
124
117
0
120
46
115
112
33
123
119
122
120
122
120
11
115
123
124
123
118
120
93
114
116
117
117
123
122
120
122
124
122
117
5
127
119
126
116
26
95
122
118
116
120
118
115
118
120
114
117
120
116
119
79
121
120
123
121
121
123
124
118
119
119
116
125
12
117
113
42
123
24
120
114
122
119
118
116
121
114
117
119
109
123
119
85
116
118
117
109
116
113
114
13
110
41
115
24
9
86
49
118
13
115
2
120
113
17
111
64
4
112
115
111
112
122
117
121
118
117
121
115
118
77
21
109
1
53
47
34
117
29
114
115
111
121
116
117
115
111
119
119
114
13
116
118
116
120
119
120
4
60
109
117
4
110
13
111
26
119
106
113
113
110
117
114
115
22
118
112
115
115
115
118
113
112
112
116
106
115
120
111
113
113
111
118
116
113
108
113
117
115
112
114
112
115
115
110
115
113
112
110
107
117
71
54
0
111
116
112
21
116
115
115
109
110
113
107
114
116
113
29
115
116
116
2
114
113
120
112
113
114
112
112
114
104
116
8
110
38
110
112
109
11
116
48
34
107
110
53
1
114
23
113
114
111
116
20
10
74
108
107
10
113
113
68
114
56
111
111
110
114
113
51
109
110
111
118
101
113
104
110
114
47
111
105
114
107
116
113
106
108
108
110
43
115
9
112
105
110
108
21
114
111
115
106
113
114
23
107
112
105
112
111
105
110
108
107
114
110
116
106
107
111
108
111
111
75
80
106
113
108
108
106
113
112
107
36
102
65
28
109
41
22
111
109
109
42
111
108
16
110
5
114
109
109
111
109
110
111
106
109
109
112
105
49
82
15
1
109
111
105
111
115
35
111
105
104
10
107
23
112
32
108
109
104
106
107
6
78
112
107
6
101
104
111
107
101
106
55
108
54
107
102
64
46
109
106
108
108
106
109
107
102
109
106
100
107
106
107
109
108
110
104
104
75
109
109
110
103
110
102
103
12
11
108
25
109
103
111
105
104
95
107
107
106
52
105
105
110
102
111
1
105
107
109
23
109
102
109
48
8
56
109
37
97
107
97
0
108
112
108
20
106
37
33
15
101
104
105
106
107
1
105
104
28
105
107
102
106
110
104
2
107
104
103
101
107
96
109
104
101
101
101
101
104
5
102
104
107
105
106
109
23
95
108
98
31
2
109
104
98
31
106
39
94
1
22
106
99
104
104
101
103
106
45
103
107
104
101
100
101
77
99
106
103
101
44
101
77
103
104
99
102
102
108
16
105
29
98
68
57
102
0
8
14
105
106
104
97
27
104
104
101
98
53
103
99
102
99
106
104
99
97
104
103
109
107
99
100
100
105
102
97
108
20
25
53
103
63
99
99
102
106
97
103
101
34
102
97
103
103
101
103
104
106
5
91
97
101
104
72
102
101
104
108
104
35
93
104
101
98
103
103
102
103
101
97
3
96
102
101
101
6
107
101
100
102
100
99
96
27
100
106
17
17
100
97
103
91
99
99
100
100
98
100
32
103
96
102
99
104
100
102
25
101
97
83
103
93
106
99
96
98
84
97
99
0
98
97
82
19
100
93
93
20
8
101
31
101
99
62
99
95
98
100
99
96
92
96
100
98
97
99
99
104
100
101
99
95
18
100
105
103
96
96
94
12
18
97
103
99
99
88
95
95
93
26
99
101
99
92
97
5
100
95
96
102
95
96
94
64
104
101
91
101
29
95
92
98
8
99
96
93
94
99
98
103
99
97
48
102
102
97
96
93
98
99
100
98
18
99
100
97
96
99
100
92
91
93
95
97
96
101
57
93
96
100
95
101
49
6
94
51
93
95
96
93
96
10
30
23
23
98
10
6
81
99
100
93
25
98
97
64
94
97
95
96
96
98
93
97
98
96
95
93
93
90
90
94
91
96
26
92
98
86
17
97
96
93
99
99
71
93
92
96
55
94
95
93
94
94
94
94
93
1
92
99
97
8
89
94
95
96
92
0
94
94
100
91
96
94
20
27
4
90
95
95
96
97
93
94
91
94
97
97
96
95
97
2
96
91
97
19
93
88
17
51
95
96
97
67
84
97
93
95
93
91
95
88
1
99
95
94
95
95
94
36
13
93
91
31
93
91
96
93
25
94
17
90
63
27
41
34
20
89
11
96
94
4
95
89
96
92
92
96
94
85
96
96
91
94
95
97
94
7
96
93
90
64
91
95
95
11
95
90
14
85
96
95
55
83
91
91
85
3
90
92
91
3
94
89
0
90
89
94
93
85
94
92
93
89
88
91
84
45
88
89
91
93
53
84
90
91
89
27
89
88
91
91
21
1
88
90
90
0
83
85
85
90
94
75
83
89
96
9
80
90
86
92
88
91
90
96
87
95
51
92
86
32
1
36
86
88
88
88
91
90
85
89
90
90
84
94
94
85
88
86
89
16
93
88
90
89
93
95
93
85
84
88
92
92
84
90
91
86
85
45
40
31
7
33
64
86
90
78
86
90
10
44
89
85
87
94
87
89
92
41
32
91
84
90
86
90
33
88
73
88
85
93
83
90
86
87
90
89
94
90
90
83
85
88
86
82
15
88
84
88
86
89
91
84
72
49
88
87
8
87
19
89
87
87
85
87
91
87
83
89
89
87
88
90
88
90
88
85
0
14
69
86
82
86
87
58
90
90
90
87
80
85
44
84
88
31
82
86
87
82
86
88
90
2
86
84
90
83
83
35
13
87
90
82
89
8
87
46
81
42
87
81
86
14
85
89
17
16
80
87
58
81
17
84
86
87
87
87
87
86
85
86
84
14
87
86
85
83
85
77
88
85
83
35
9
86
89
82
85
83
88
86
86
83
86
88
86
89
81
82
84
85
84
85
87
86
79
88
81
85
78
89
83
85
87
83
82
82
6
85
77
86
89
86
0
84
38
83
82
54
5
55
86
81
84
81
84
84
23
82
20
74
85
86
84
86
84
86
83
83
86
55
87
87
85
81
81
80
84
86
82
85
84
83
87
88
28
88
85
86
80
55
86
87
84
71
74
84
83
19
84
86
86
86
82
85
49
80
29
77
80
82
56
84
81
82
80
82
78
86
41
80
83
76
88
84
81
84
77
81
2
2
83
83
82
82
79
40
86
19
81
16
74
79
83
85
79
78
82
84
83
84
85
3
86
23
78
78
78
86
86
79
78
87
85
86
80
82
84
81
76
81
85
80
84
83
84
16
79
84
84
82
72
75
8
73
1
80
78
31
79
80
11
40
81
85
30
74
86
81
80
82
78
82
78
51
82
79
22
80
83
81
83
80
78
81
77
76
78
81
79
82
78
81
67
81
79
82
77
81
83
79
81
75
78
83
77
75
80
75
79
83
75
22
83
75
78
9
74
82
82
85
76
82
73
79
81
82
79
85
82
76
79
74
81
80
83
75
79
70
81
81
78
1
77
71
77
76
83
81
80
81
82
85
78
9
79
81
11
76
30
80
79
81
82
55
78
79
81
63
83
80
81
71
78
2
5
78
80
84
78
76
77
79
81
79
81
74
77
81
78
83
21
77
77
78
80
81
80
79
78
74
79
78
79
78
83
74
75
83
76
74
2
79
83
76
81
79
79
75
77
81
75
3
82
19
74
24
80
80
0
81
21
79
82
1
0
16
79
75
82
78
1
78
82
77
75
82
78
78
78
74
79
77
77
79
77
81
81
77
77
77
79
5
80
78
79
76
79
75
74
79
38
75
68
34
3
79
75
77
79
74
40
17
72
78
82
80
76
74
2
79
80
79
79
78
72
77
79
73
82
74
80
73
76
76
75
77
1
75
76
33
50
27
0
28
77
74
79
75
45
75
73
75
9
75
77
75
73
75
74
47
80
74
78
79
75
80
78
1
80
75
80
28
77
76
78
71
70
9
74
72
73
13
9
76
80
80
13
77
76
76
77
72
76
42
69
23
46
76
75
62
72
74
79
77
77
76
76
2
75
77
76
74
77
79
80
76
79
79
77
79
77
70
76
27
77
76
76
69
79
9
49
69
76
76
77
74
72
75
71
72
75
31
78
75
75
74
73
11
73
72
75
73
73
77
72
74
73
73
78
76
75
74
68
72
71
71
75
74
79
72
77
67
77
73
70
73
42
69
74
74
72
76
75
73
75
61
46
71
74
73
9
71
77
7
78
74
17
74
75
74
74
72
72
63
69
76
72
75
74
75
74
78
37
73
74
75
73
75
73
7
12
72
64
17
23
71
74
13
44
75
72
0
75
72
77
74
69
47
73
77
18
70
72
74
36
9
74
70
75
74
73
74
73
71
77
71
74
72
73
73
71
68
71
73
74
73
69
72
33
76
69
70
21
61
72
73
27
75
76
66
72
67
76
68
66
65
68
22
65
61
74
72
73
64
12
73
72
75
71
72
72
74
73
75
64
57
72
76
74
45
73
43
75
72
73
71
73
67
75
71
69
68
74
70
61
72
70
70
75
10
70
72
73
72
71
69
72
72
35
39
1
69
72
70
69
73
73
72
68
69
72
71
72
72
0
73
67
73
68
70
70
66
72
11
70
70
66
74
71
40
70
70
69
43
38
24
68
74
70
70
70
69
72
64
66
72
67
71
72
70
71
68
71
70
71
66
71
71
69
71
69
74
72
70
14
69
69
70
8
66
67
71
74
70
67
72
30
58
4
72
67
71
38
9
36
63
3
71
15
10
33
63
0
71
68
35
72
68
66
65
68
70
67
59
70
66
67
67
69
72
70
67
66
69
65
71
67
71
69
70
68
68
70
73
68
68
67
70
72
72
67
68
39
71
69
67
73
70
66
27
61
9
70
69
38
1
67
68
72
70
66
70
64
26
70
64
68
71
67
72
63
67
66
9
69
67
67
63
60
66
57
63
40
60
65
70
71
68
64
71
2
67
68
65
67
71
64
66
68
68
9
69
70
70
66
40
21
31
65
71
68
67
69
68
67
70
2
26
64
62
71
64
38
65
18
13
68
66
69
70
67
69
63
67
66
69
61
62
71
66
70
68
71
64
71
69
69
68
65
29
37
64
64
67
70
62
68
69
71
68
66
66
64
10
53
36
49
68
2
59
40
67
8
68
36
68
63
20
27
61
70
65
63
70
70
63
6
58
20
68
67
67
65
67
4
11
65
66
67
66
69
67
70
64
69
65
66
68
68
64
65
70
66
63
23
65
17
36
66
25
15
30
66
68
67
69
63
67
14
67
67
64
9
65
22
65
66
64
36
64
64
14
65
65
64
64
62
68
62
29
62
68
65
66
65
66
67
65
66
69
67
67
68
6
63
36
65
65
65
61
12
69
67
63
69
62
67
67
35
38
67
58
64
6
63
65
68
29
67
65
67
67
64
67
63
65
65
68
5
66
61
64
68
62
66
59
64
13
66
64
60
60
64
66
65
66
64
65
60
66
63
66
67
68
67
66
65
66
65
60
65
65
66
63
64
62
65
65
17
62
68
61
65
66
68
56
61
22
66
66
16
6
64
65
63
8
32
58
67
0
5
65
4
37
63
66
57
58
60
1
66
67
65
66
67
63
62
66
28
17
61
63
63
63
64
62
59
6
66
28
60
64
58
58
67
61
54
64
63
30
65
61
64
21
64
13
62
58
31
62
61
65
12
26
62
64
62
17
60
9
66
60
60
60
0
63
19
62
59
66
62
58
62
59
63
18
61
63
61
6
63
59
23
61
59
62
60
20
59
64
64
63
59
60
55
64
64
61
34
63
61
60
63
64
62
62
61
62
3
35
59
58
23
60
30
60
18
61
11
0
62
64
7
61
55
57
58
3
60
12
62
7
31
61
63
65
58
62
61
6
60
61
60
60
62
59
63
14
60
62
62
64
21
53
59
63
60
57
61
61
59
63
64
61
59
9
56
60
62
58
61
59
61
16
60
4
58
64
61
17
12
63
61
21
59
58
55
62
59
62
62
64
64
61
62
8
61
64
57
59
61
58
57
55
63
61
53
63
56
62
61
61
60
59
60
62
61
55
58
60
61
21
62
59
63
58
62
63
59
57
63
62
63
58
58
57
10
62
60
59
57
52
3
56
55
62
15
0
18
24
1
54
62
60
55
55
59
61
60
62
60
60
56
60
60
61
61
55
61
62
62
62
60
59
57
59
55
61
61
58
57
62
61
61
59
55
62
57
55
62
62
57
61
54
60
58
57
62
53
60
58
62
58
13
58
60
60
55
10
21
59
63
56
62
59
55
58
54
19
52
62
58
57
57
59
62
21
62
57
56
58
59
56
61
54
55
22
56
60
59
60
59
56
11
58
62
56
58
59
56
5
58
58
56
12
60
61
58
60
62
60
56
56
55
60
56
59
58
54
59
60
60
62
5
29
12
60
24
59
61
60
57
53
56
61
60
56
57
55
59
59
57
61
58
59
52
6
61
57
52
26
59
57
58
58
60
52
55
58
58
58
58
58
61
56
58
57
58
59
59
58
54
14
21
59
58
58
59
53
55
58
11
60
56
58
57
57
55
56
60
58
58
60
21
56
55
56
59
54
52
11
58
25
16
59
57
60
57
56
59
25
1
59
53
54
4
56
53
58
57
17
8
56
58
56
18
55
2
56
56
3
52
59
22
13
56
57
55
13
57
58
12
58
56
58
58
9
60
59
54
0
13
59
56
56
57
58
56
54
56
52
55
56
57
57
54
56
54
17
60
58
57
55
57
57
55
58
46
59
55
55
58
55
59
57
51
47
58
11
56
57
54
6
57
50
54
58
56
8
46
54
56
59
56
52
57
57
53
55
10
54
52
57
56
52
21
57
53
55
59
55
59
10
54
59
58
55
56
59
58
54
58
53
53
58
59
57
58
58
56
13
55
58
53
51
58
56
53
59
52
55
55
54
52
19
58
0
54
56
55
52
55
54
57
28
56
55
57
54
54
56
56
51
54
53
47
55
53
55
57
57
55
56
56
51
1
56
53
52
57
56
53
57
56
55
54
53
57
54
56
58
56
54
50
53
55
58
53
56
49
57
53
52
53
56
53
54
54
52
48
56
55
52
57
52
54
53
55
54
11
50
49
4
55
48
53
57
54
50
52
55
54
55
55
51
55
54
53
57
56
54
21
54
56
55
56
52
53
52
9
25
54
52
57
55
20
50
53
54
54
54
54
57
52
54
49
55
52
53
53
55
57
54
53
57
54
53
56
55
54
21
51
53
51
57
57
57
56
55
55
51
55
51
56
55
27
54
54
54
56
54
52
55
14
56
0
50
55
49
56
51
56
5
45
55
19
48
53
0
52
56
53
1
14
52
52
55
25
51
52
52
50
51
25
53
53
28
52
54
50
54
2
23
48
56
56
56
51
15
52
54
50
53
46
13
53
45
51
53
56
55
56
53
54
54
54
54
51
50
53
53
50
55
56
53
53
0
53
9
44
51
48
53
49
53
52
54
54
54
15
55
52
11
2
51
21
18
52
53
55
49
51
52
12
53
15
9
7
52
6
52
53
40
52
52
55
54
51
54
53
50
44
53
50
51
51
53
52
51
52
51
52
53
51
1
51
54
52
53
50
52
54
54
51
49
53
45
55
52
53
53
53
54
53
53
53
53
52
54
54
26
53
53
49
53
52
49
51
54
7
46
52
52
54
52
53
53
51
54
51
47
50
50
19
54
54
53
54
53
54
49
15
52
54
51
53
52
48
51
53
50
52
48
52
51
49
52
52
13
13
53
51
52
51
49
52
11
51
54
45
53
49
51
51
3
2
52
49
54
53
48
50
51
51
50
51
54
52
48
53
52
52
50
51
49
51
49
51
52
52
52
51
49
53
51
22
52
51
10
2
5
50
46
49
19
50
49
48
51
52
48
10
50
47
53
50
52
49
47
53
48
52
50
52
49
19
52
49
53
49
52
51
50
48
52
52
50
19
49
10
45
51
51
49
51
50
50
49
50
22
50
50
51
51
51
50
49
46
9
49
50
50
53
52
47
44
51
49
49
49
49
50
53
50
51
52
52
52
50
53
12
49
49
46
46
50
52
43
2
52
10
50
15
50
49
51
11
47
50
49
51
49
14
9
48
50
13
45
47
50
49
49
12
50
49
47
50
49
47
50
49
20
47
49
48
52
49
47
49
52
49
50
51
48
52
52
22
52
48
43
50
50
49
50
48
52
48
46
49
46
51
49
46
51
51
51
50
48
52
49
4
52
30
50
47
52
51
50
52
51
10
50
49
49
46
47
49
5
51
47
51
46
51
50
48
48
48
48
49
45
47
33
51
21
42
49
14
49
51
44
48
17
48
51
46
47
45
49
48
51
49
51
47
47
21
50
49
50
50
48
51
18
48
50
45
47
47
51
46
43
12
49
48
46
42
46
49
48
51
42
47
46
47
45
50
3
50
49
41
46
51
49
47
48
47
47
48
43
47
46
49
8
50
47
19
7
47
50
47
50
48
13
44
49
3
47
50
6
36
46
16
46
46
44
43
48
48
49
47
5
46
14
44
47
44
21
49
47
48
49
47
42
50
48
50
50
47
50
48
49
48
44
47
45
48
4
46
46
48
47
49
47
49
50
46
49
48
46
44
1
47
48
47
50
50
45
48
46
50
44
46
45
49
46
45
49
45
48
46
47
48
48
48
50
49
50
43
46
46
13
49
48
45
46
47
46
40
47
48
45
46
46
47
47
45
47
18
41
46
4
5
42
47
47
44
43
47
43
44
46
44
7
46
47
46
49
47
47
17
14
46
45
42
47
48
48
48
48
49
47
47
48
47
4
45
46
47
45
48
43
45
44
48
14
45
48
4
43
46
47
42
49
45
47
45
48
49
48
45
47
45
46
42
44
47
48
47
49
43
47
46
49
46
47
45
39
47
42
46
48
5
39
44
12
44
44
1
46
47
47
8
45
18
48
12
46
42
43
47
40
8
46
41
6
45
45
44
45
17
45
42
16
3
46
45
47
44
34
44
44
40
26
44
39
46
46
43
45
44
15
48
48
46
45
48
15
2
47
45
42
47
47
45
44
45
42
48
47
47
47
43
46
46
5
47
42
7
45
47
44
45
48
44
45
0
12
45
48
42
48
46
46
38
48
46
47
42
40
40
42
45
15
47
43
48
42
47
40
45
46
43
8
16
46
44
13
40
45
40
38
47
45
44
2
44
46
45
43
44
45
46
36
44
46
46
18
42
44
42
45
44
45
41
18
44
44
42
46
42
47
42
45
45
45
47
45
47
42
46
45
43
40
44
45
46
41
46
44
45
39
40
44
43
45
42
40
45
45
45
44
46
3
44
45
45
45
43
42
45
46
42
45
44
37
41
46
47
43
45
46
47
45
46
47
45
16
47
45
44
46
47
47
43
46
47
39
45
47
44
3
42
12
46
45
0
42
45
43
41
46
45
43
44
46
46
43
41
44
43
41
43
42
43
41
43
42
44
42
43
45
44
4
43
43
40
41
45
43
42
42
43
42
45
46
43
41
43
45
46
43
42
45
44
44
43
46
43
44
46
42
42
45
46
11
43
43
43
43
41
43
46
42
42
44
43
15
38
45
43
45
41
43
46
45
46
43
44
45
44
44
44
46
43
43
44
43
42
44
42
41
45
44
45
42
45
1
43
44
41
4
37
43
40
42
41
44
41
36
4
39
15
39
41
31
4
43
42
45
42
42
44
9
41
45
45
42
45
43
44
45
9
43
40
43
13
39
41
40
43
42
44
41
45
42
41
44
41
42
41
43
41
43
38
42
44
41
41
40
43
40
43
13
45
44
44
43
42
43
41
36
42
39
44
40
40
41
44
37
41
43
41
42
44
42
39
43
42
41
43
42
44
16
43
43
45
45
45
39
44
37
45
43
42
43
44
44
42
44
42
44
44
36
43
44
42
44
45
45
44
45
40
42
43
37
44
34
39
6
44
9
6
42
42
43
42
43
43
38
42
42
15
41
41
42
40
38
41
43
43
42
43
42
41
42
40
43
13
40
41
7
44
37
43
35
44
39
36
39
41
42
41
38
42
40
39
43
43
38
41
34
40
43
42
42
44
40
7
44
40
44
42
38
43
38
42
10
43
42
42
43
42
44
43
40
40
43
42
14
39
40
40
40
43
44
34
30
41
42
41
43
43
40
35
44
44
41
40
43
41
41
43
42
39
0
41
42
42
43
44
38
40
39
42
40
42
36
41
39
42
43
40
41
36
43
41
36
13
11
41
42
40
43
40
43
42
39
0
43
35
41
43
41
42
43
34
43
43
7
40
39
36
41
41
41
43
32
41
41
40
41
41
38
42
40
38
40
42
42
41
40
42
41
39
36
37
41
40
41
39
43
42
42
37
42
38
39
42
41
35
38
43
40
39
41
3
38
38
41
42
30
40
39
38
36
37
38
42
39
42
41
42
40
40
37
39
43
41
36
42
42
43
42
41
36
6
39
41
9
36
39
41
38
37
36
39
41
41
40
42
41
37
42
1
41
39
38
42
38
41
40
41
42
37
13
41
41
37
35
37
42
34
40
42
39
39
40
34
38
37
38
40
41
39
4
38
40
40
39
38
41
35
26
39
39
41
41
41
41
38
42
35
39
37
42
37
40
36
40
41
11
39
39
40
41
40
41
39
41
40
40
40
38
41
41
40
37
37
39
37
39
38
36
1
39
40
34
40
40
39
39
39
6
41
38
41
40
40
30
42
38
41
37
39
38
40
35
41
39
2
38
40
39
38
37
37
38
1
41
40
40
37
11
39
38
41
39
40
38
39
31
40
41
36
38
40
1
39
38
35
34
40
32
41
40
40
41
40
40
37
38
39
40
38
38
38
38
41
38
39
40
38
38
40
38
35
39
41
40
29
41
38
35
39
40
39
38
39
40
40
37
40
38
36
40
40
37
39
37
39
38
41
41
41
37
41
37
40
38
38
41
41
21
11
40
40
39
31
36
41
36
41
21
39
39
34
37
39
40
35
38
34
38
39
4
40
38
38
40
35
6
1
40
40
40
5
35
38
38
38
38
38
38
35
33
37
7
40
34
40
39
40
37
31
37
39
37
34
2
37
38
36
40
38
36
40
40
38
34
28
38
37
34
37
3
35
40
37
40
39
1
38
34
35
39
38
38
31
36
37
37
40
40
39
36
38
36
38
35
39
39
36
39
38
39
37
38
40
32
39
38
39
34
39
38
37
31
36
39
37
36
37
40
36
40
38
37
38
39
38
39
38
37
40
37
37
38
38
38
38
39
38
34
40
38
37
36
38
36
38
38
39
36
38
8
37
4
35
37
38
38
36
33
36
37
0
39
4
36
35
3
37
36
39
38
37
38
35
2
3
36
32
31
35
39
35
36
37
34
35
35
36
33
39
37
38
39
38
37
34
38
36
36
35
38
38
37
34
37
39
38
39
38
32
38
33
35
35
35
36
36
36
38
34
34
5
37
36
35
38
36
37
35
38
36
34
37
36
38
37
37
34
33
36
38
35
36
38
28
39
37
37
35
36
36
37
36
39
38
39
36
38
32
39
39
35
35
36
39
4
38
36
26
39
38
39
37
34
35
35
35
37
9
37
34
36
38
36
7
38
37
2
35
38
37
38
36
38
35
37
37
37
37
35
38
31
37
34
0
34
36
34
38
32
29
37
38
33
34
38
34
37
38
38
34
37
33
38
38
37
33
37
36
37
35
36
37
34
33
37
36
35
33
34
35
36
37
35
37
33
35
37
37
35
36
34
36
38
37
36
35
36
37
35
33
30
38
37
35
37
36
38
34
37
33
34
35
37
37
33
36
36
38
36
37
36
35
37
38
37
38
37
37
37
35
34
36
33
35
31
5
36
37
35
37
37
36
34
37
36
36
38
35
33
37
6
36
36
36
25
37
36
8
35
2
7
37
33
27
34
35
33
37
37
37
37
37
35
36
6
37
35
35
35
34
37
35
33
36
34
32
37
35
34
36
35
36
36
36
36
35
35
36
31
37
36
29
35
35
34
36
37
36
2
33
37
36
33
31
35
34
35
30
37
35
37
36
31
35
34
35
32
36
35
33
36
32
35
37
35
35
34
35
37
37
29
36
31
36
37
37
36
36
34
36
35
34
35
35
32
34
35
36
33
35
36
33
37
34
33
36
28
35
32
36
32
36
35
35
36
35
32
32
1
37
36
35
36
32
5
30
33
36
34
33
32
35
35
30
34
36
34
35
35
36
35
35
5
30
35
33
35
36
35
35
36
4
35
36
36
35
33
32
36
33
35
36
35
36
36
34
36
35
35
35
33
36
33
36
36
0
34
33
34
31
35
34
33
33
34
33
35
34
35
33
36
34
34
34
34
36
35
36
36
34
34
34
35
36
36
34
35
36
34
35
34
34
35
35
32
0
35
36
0
34
34
34
34
33
36
36
32
34
1
31
34
35
34
34
35
34
32
32
32
32
30
36
32
34
31
34
34
36
33
32
18
34
30
34
30
31
0
33
34
32
2
35
34
28
32
33
33
34
34
26
35
34
31
33
35
34
34
34
6
33
34
27
7
2
34
35
35
34
33
34
35
34
35
31
34
34
33
34
35
30
35
35
32
33
31
4
34
33
32
33
35
21
33
33
31
34
34
1
30
32
35
34
33
35
34
29
35
31
35
31
34
26
29
34
34
35
30
34
33
6
30
31
33
33
33
33
32
34
35
34
34
29
33
30
35
35
33
31
32
34
35
33
33
31
30
35
32
35
35
35
34
31
32
34
34
34
33
31
35
31
34
29
34
33
31
35
26
32
35
33
33
35
33
34
34
32
33
26
35
30
31
32
32
35
35
35
32
32
34
35
31
34
32
33
33
31
34
34
33
0
29
34
30
32
32
1
32
33
2
31
33
29
32
0
33
31
32
34
31
33
33
33
30
31
33
4
29
30
34
33
33
33
1
33
30
0
32
33
34
32
32
34
33
34
31
34
33
32
31
32
33
31
29
34
31
34
34
32
29
32
31
28
34
29
30
33
34
32
34
29
33
34
30
33
33
33
34
32
33
33
34
33
34
32
28
29
34
32
31
30
31
33
31
4
29
33
33
18
31
30
34
31
32
32
22
33
33
34
32
33
32
32
30
34
31
34
33
32
31
31
4
30
34
32
32
31
32
33
34
34
32
34
28
29
34
31
32
32
32
33
30
30
34
34
2
33
31
34
34
34
34
33
32
33
33
31
34
34
34
30
33
33
32
32
32
32
33
31
29
30
32
25
33
33
33
33
32
28
33
33
31
32
29
33
33
33
32
31
31
28
32
32
33
30
30
26
28
3
33
30
33
30
25
30
31
29
32
30
30
31
30
32
33
29
30
32
30
32
30
32
30
33
32
33
32
31
31
29
33
31
30
33
33
32
29
29
31
33
32
30
29
32
31
33
1
33
28
33
31
31
30
21
32
28
28
33
33
33
31
30
31
32
33
33
29
32
31
32
32
32
32
33
32
33
29
32
32
3
32
29
31
30
30
31
33
33
33
31
32
30
31
30
31
33
33
28
32
31
32
33
32
30
29
21
33
23
31
29
33
26
33
29
30
29
29
32
29
28
32
31
30
32
30
31
32
29
29
31
28
30
32
24
28
30
31
31
31
26
30
28
30
30
32
29
31
26
28
32
30
20
29
27
32
30
26
32
28
28
31
31
32
31
32
32
31
31
27
30
31
32
29
30
27
29
29
29
27
31
30
30
30
31
31
32
29
28
31
26
29
30
32
30
32
30
30
31
32
29
29
30
31
29
28
28
31
29
32
31
31
30
29
23
30
31
31
32
31
32
1
29
31
2
29
30
31
28
30
30
30
29
29
30
27
30
32
30
31
28
2
28
30
30
29
30
31
30
31
29
28
31
32
29
31
31
31
31
31
30
30
28
32
26
30
31
27
32
29
28
30
30
31
26
31
24
28
29
31
29
28
1
29
30
27
29
30
30
29
29
31
30
28
27
29
24
26
29
30
24
2
30
31
30
29
31
31
30
29
0
24
28
27
31
0
31
31
31
30
31
30
28
29
29
30
29
30
31
29
29
29
31
27
28
31
29
31
30
29
29
28
27
31
29
31
28
28
30
30
31
30
31
28
30
24
30
28
30
27
28
30
28
31
30
30
30
30
30
29
31
31
28
26
31
30
28
28
29
28
30
29
29
30
30
29
31
31
31
28
31
31
29
30
31
28
28
31
30
30
30
29
30
28
31
30
31
29
29
29
29
29
29
29
29
29
30
31
30
27
30
31
30
31
30
28
29
26
28
31
30
27
29
28
31
31
30
30
29
30
30
31
31
29
31
29
29
30
30
30
31
26
29
30
30
30
30
28
31
27
30
30
29
30
25
31
21
29
30
28
31
28
23
0
29
31
27
31
29
29
27
29
29
30
27
30
30
26
27
29
29
30
24
30
30
27
28
30
28
29
30
29
30
29
26
29
30
30
30
26
30
27
27
29
29
30
29
30
27
27
26
28
30
26
27
28
2
21
28
26
28
26
0
27
29
27
28
27
29
30
27
30
30
29
27
30
29
30
30
24
30
30
27
29
25
29
28
27
25
27
30
29
29
28
29
29
28
28
30
30
30
25
27
29
29
27
29
25
29
30
28
30
28
27
27
26
24
27
28
29
29
27
27
30
28
30
29
27
28
29
28
30
29
29
27
30
30
30
29
30
28
30
28
30
29
29
28
28
27
30
30
29
26
30
28
29
30
28
2
29
27
28
30
30
29
28
29
25
29
27
28
29
26
29
29
29
30
26
29
26
28
27
29
29
27
27
26
30
29
28
25
29
29
30
28
26
30
28
29
30
29
29
28
30
26
29
30
27
28
30
26
29
26
25
29
29
0
27
26
27
28
27
0
24
29
29
28
29
29
26
27
26
28
27
29
29
25
28
27
28
28
27
28
29
29
28
29
29
29
26
29
29
24
27
29
28
25
27
18
26
27
28
29
28
29
29
29
28
25
24
29
28
27
26
29
28
28
26
25
26
28
29
28
28
28
26
28
29
28
28
27
29
29
29
29
27
25
27
26
27
27
27
27
13
23
27
27
29
28
29
26
1
27
29
28
28
27
26
28
26
24
25
27
28
27
25
28
28
29
29
28
24
29
27
29
28
29
27
29
23
28
29
29
28
27
29
26
29
27
28
29
25
25
25
28
26
26
26
19
26
27
28
29
26
27
24
28
26
29
28
29
29
26
26
28
27
28
29
28
26
29
28
23
24
29
26
26
29
29
29
27
27
25
25
29
26
29
27
27
28
28
27
26
28
28
25
28
27
27
25
28
26
27
23
28
26
26
27
27
28
27
25
27
27
26
28
28
28
27
28
27
28
26
24
28
27
28
28
28
27
25
26
25
24
27
28
26
0
27
0
27
25
26
28
28
28
28
22
25
21
27
27
26
27
27
28
27
23
26
25
28
26
26
25
28
25
28
28
27
27
28
28
28
28
23
27
28
28
26
24
28
23
28
27
28
28
28
25
27
27
25
27
26
26
28
25
24
27
27
23
28
27
28
28
27
28
27
28
28
24
28
26
28
28
27
26
25
27
28
27
27
27
27
26
27
26
28
26
28
26
23
25
25
28
19
26
26
26
26
