529091847
273867
273867
0
168401
27136
185
114
379
54246
2789
2788
1078
82
5459972
82625
7272308
1754
10630
4588
2628
3814
1394
1972
1332
1128
3446
1464
440247
19835
3711
126
13043
32831
4677
12431
2169
6479
3857
8777
7262
10115
2182
4688
8770
8054
12280
6320
1816
8395
483
8261
8496
9976
1144
1910
8052
275
569
6546
5916
3
8
3241
12237
16467
5287
16256
38089
14954
10040
14833
25156
2550
14227
10686
13982
21804
13269
12622
24
11104
80695
27521
10968
3525
12648
1547
15291
7609
647
403
224
231
1812
6800
3782
5905
13523393
32634
59814
5501
54917
6113
9849
22518
3204
2520
244681
30402
6526
4158059
71007
6694
4438
41134
6549
3049
1106035
35178
423
1945194
4027
24617
5254
1499799
1124
7776
28848
1380570
12016
6871
13591
1212
4624
1610910
5153
5224
9307
9567
14036
12516
8774
5852
12636
4870
3224
10919
719
4546
6735
2387
6510
1181930
1225681
7445
987483
1085223
2774
14447
4565
891
10090
3498
227773
1004035
2465
6562
3911
842615
9383
22313
6229
887462
61369
225348
1346
7381
4267
6007
719226
862686
2404
7846
822302
2317
11317
10771
2235
13521
206437
217383
4438
101760
3700
683263
1
1228
710059
5306
5249
293721
698069
7871
10389
11074
653894
746
530
5299
4093
114
2366
1837
8180
604787
455629
4129
563896
2712
4783
5624
4567
17647
2249
5276
440937
527225
5361
12498
8022
116115
2760
41
501939
220
489993
413627
16
371205
1583
6142
248
42720
378
377
539
24227
412464
951
7071
1338
2805
354776
2777
391329
2389
388098
68924
5942
3142
377711
8269
4273
938
9657
1553
373387
7567
331
367571
4323
158449
712
202088
359348
305735
2
350678
1279
346674
1008
349181
132052
346314
2144
311420
4765
909
337822
2015
3109
333195
316368
297860
7382
5269
247566
316631
1563
10918
6703
337
424
308616
2517
2901
4017
743
146555
1918
287093
286856
4821
249321
282371
1065
276564
4759
236007
2194
4466
4766
268285
1477
2299
1081
268
264185
1494
690
262754
260993
252719
1410
258547
11303
1373
225042
1747
251640
241831
6920
555
2173
238124
233743
162
1289
3946
38163
112
1297
186566
9260
8984
221472
3318
2491
1104
924
1957
213173
212000
125646
28
5688
1892
159137
208140
198204
2003
4613
1198
3113
653
118
2544
200413
200003
3520
196597
2853
164451
3243
13157
172261
33071
627
185020
1577
186220
186115
179482
1423
3948
514
6413
1868
2795
4230
172518
1844
1918
409
173379
173023
239
172455
172172
2984
166310
238
168838
3029
46134
159073
1787
166074
20
19998
3271
293
163844
1163
370
35255
11290
161434
1458
31498
4542
154048
159790
393
159515
159496
76
61
10316
6018
126582
644
156781
1043
569
554
154736
151912
153890
535
62059
151754
151493
9482
836
537
37562
653
145008
1795
1177
60737
513
964
2035
1437
1677
135439
3225
12665
2019
4233
1917
34895
2450
1696
131305
1334
7858
64834
1108
1462
0
1424
127314
127321
38
26
3
127105
127104
1606
3397
125187
757
124631
124386
2490
1524
95301
166
2225
121487
425
120776
119202
1811
2169
2292
5044
1008
116497
1296
116204
115364
1351
1731
278
113440
1236
968
104
2491
95562
2857
1353
321
7
1858
110121
5645
2323
103233
3787
1536
1734
3767
101376
104294
106426
893
104284
1608
103218
105592
96399
104167
719
93406
614
9626
79341
1689
101649
363
61063
4099
1857
3227
292
27607
410
335
4336
2137
365
1194
3144
4162
1236
8880
2128
42
82041
96816
686
95774
11545
95710
1353
64896
95219
95174
94006
680
94998
94845
239
94591
94562
85851
94386
31082
92309
322
5534
1620
1485
2633
87980
914
45206
83602
85955
91147
90707
89828
1716
1361
58218
7481
85795
66023
88937
88573
961
1979
200
645
24092
4972
87446
86810
72323
1275
401
85228
2745
85133
84421
47663
3403
684
315
2258
501
400
70224
82219
658
438
2153
81631
73107
81228
3161
1235
1744
215
77385
80147
2004
79552
1830
1345
109
8309
720
78521
3469
77800
1545
58156
3029
1068
48
909
634
342
57157
139
66634
2747
2274
6956
493
177
886
1385
74382
74096
391
1734
73859
6628
2627
72850
1550
2105
572
799
6
1574
3779
1176
2673
144
72021
1002
1515
50502
71532
67785
2235
70935
1279
0
70672
70329
1179
993
374
63848
53673
56435
69184
527
53472
687
613
2853
65561
18282
1628
65988
3856
1480
66577
6657
1825
27988
5338
63913
16837
3164
2847
61702
65895
65909
65712
194
2331
588
2055
85
1477
65290
60458
61217
1937
64801
64833
1626
63949
1726
63713
1693
55979
2381
313
3716
61073
706
2292
61996
36
1818
1205
61734
491
61775
73
59472
61118
42635
57235
2858
1843
697
60375
59559
337
31
59889
11171
789
5
69
1664
721
509
2757
452
490
128
56353
1581
1273
5698
2112
9521
2840
3
58442
58491
46822
2788
58242
991
57759
56984
1281
48012
53213
57191
2789
56123
1300
56912
53
44553
56585
56194
862
1501
889
55387
55114
55257
2090
188
1319
918
1182
920
924
2
8435
3478
595
493
862
53295
53314
443
52871
180
5218
819
5042
52548
9571
645
52237
111
1175
779
679
51164
51234
2467
440
2229
2657
2148
232
694
45
1331
73
48020
15
791
50305
2963
468
49704
154
629
47468
451
49327
49357
44988
49001
48890
4208
2829
48817
46680
32323
3468
2113
1553
526
47680
468
48141
48157
48024
47882
2240
42277
3849
4
45856
47206
56
46177
46963
36799
91
20840
307
988
9301
1722
1701
46043
46015
1210
45715
550
45508
547
45411
711
577
45394
334
44233
45217
627
1439
44872
832
44663
1103
44342
3403
1365
539
927
41358
885
530
781
43411
1848
1865
43112
43075
43055
42952
42983
42978
741
349
42715
963
415
253
42074
421
502
31261
41863
709
789
1484
2147
2851
28945
24899
792
32666
1352
1062
15070
1010
32975
2281
39100
36713
40702
1986
40710
36642
40566
319
5535
783
40437
40542
1534
40264
39695
40048
1497
319
38497
348
35078
96
144
65
3542
411
1145
1951
17277
31824
1782
37381
0
270
2020
105
37692
14
38206
3157
37891
526
36083
130
37550
31450
30674
230
31091
37138
524
1137
34173
1499
31539
2323
422
180
815
469
37029
889
36916
28715
453
2687
36637
4267
31557
561
36042
36565
265
36486
36545
36483
35990
1883
36331
36281
255
36263
36246
190
36178
36094
35930
489
1447
35869
240
2299
19734
1881
35384
26800
27588
948
35279
1108
35179
35101
1549
35133
32787
538
64
621
255
34772
773
528
294
1211
8
740
23648
34407
30510
1907
1527
964
399
931
34011
33946
10
33937
166
3622
686
186
934
30637
33628
33598
887
32772
1503
31922
32994
1224
107
945
11965
5049
32703
25538
134
264
2310
30032
6668
31002
32767
24248
257
32596
943
32618
32501
28959
26
3210
32321
161
585
32117
31205
2032
1675
1053
12
31833
4811
31176
31782
30922
31611
285
1845
31350
911
685
396
31288
363
349
30323
446
858
752
31147
3732
26775
373
21066
26659
624
250
1153
1607
30770
30732
21976
29436
5
30534
476
4106
27662
2574
1911
9764
139
30054
2
29941
29667
1022
210
29858
485
34
1826
225
29229
29696
21391
29620
1218
28710
436
458
29284
530
58
29220
0
29242
29204
636
6
29260
13726
26787
29038
1558
240
2409
1069
297
964
28525
392
1116
6614
857
3471
270
28070
309
1086
1134
27835
27313
27759
0
397
357
27177
23337
27275
27515
3303
27383
21166
201
17336
752
26199
402
974
3024
846
26341
327
232
328
26969
7388
1116
26698
1080
3290
26937
26907
3004
26785
3960
22756
8909
333
531
430
18420
664
14366
26456
625
333
2130
21192
1226
25153
26204
19955
25089
1194
24442
23
767
192
774
25967
554
25919
93
25875
924
25808
16599
310
972
0
25597
14312
1018
472
282
298
23953
50
25500
51
21222
24949
59
1775
0
24504
5198
1275
25142
1670
65
25079
746
1178
334
1313
56
24148
65
6548
24227
2499
24730
2482
135
23938
814
22219
700
20890
342
24103
1553
24522
753
1726
2
256
348
1032
341
296
24249
658
24123
23642
22774
436
23596
59
21426
522
23793
291
23747
338
282
1686
1012
23615
22234
23586
77
10635
3790
477
22636
23378
958
86
751
21957
23242
2037
23198
23219
752
427
312
954
2587
23136
23096
23150
1637
21946
714
264
22950
3
1300
246
1603
1009
22826
22780
2
634
26
20189
1
830
835
1160
32
499
172
22514
12713
22484
22593
2259
3537
18796
1986
22416
813
22256
22245
22150
22154
1378
195
2319
16780
262
513
917
10594
1149
789
611
215
503
6
17588
1783
21650
6483
21624
445
96
1127
21509
21448
2355
321
20642
21278
21247
20341
21250
21099
20859
8732
2135
825
17420
200
33
21165
1031
2395
20983
230
1295
639
16
20623
20935
20882
80
20772
20938
20784
11851
618
213
326
20650
4864
41
0
20551
20485
20590
322
428
18319
592
3799
18902
427
1653
20386
598
3
2103
12181
133
0
20295
53
0
327
354
20209
19863
20144
19686
11833
952
17547
234
198
2577
0
19999
20005
8280
19917
14704
19857
19927
826
727
19746
338
19797
1058
116
18481
540
788
8391
1
19651
19581
1283
19555
1724
640
753
19350
19389
610
19413
19339
3430
11011
625
1
258
19336
19347
13105
13277
261
19221
169
18463
960
18629
1683
19155
420
1160
19088
19132
18638
17057
2732
18969
18902
18922
18908
1040
18436
18682
973
18271
2373
18562
18516
105
18523
18420
18535
242
18433
25
494
1844
18260
18296
202
883
5710
528
282
1402
14273
18171
358
775
18134
1196
18094
100
174
60
17
1210
1097
253
1599
16893
3925
39
652
17787
2186
2540
24
33
14109
67
285
17640
239
17589
676
1098
17581
129
2276
104
27
23
1898
17434
197
6603
130
17216
17353
953
110
1255
434
17255
2282
250
13475
15297
9147
17181
17240
572
344
2281
547
308
17105
17104
16661
778
16476
392
17061
1928
16985
17044
62
16989
86
16967
16674
15336
16913
59
16501
133
958
14385
8
14890
1509
228
16486
16822
180
16773
16762
516
80
11379
16303
70
223
604
396
16546
1965
79
16546
16538
16481
15915
1812
136
2134
1083
390
16375
1281
16434
16372
16319
158
432
607
16311
16300
1695
878
4369
156
16240
16180
16208
1649
34
379
16193
1255
16160
16117
16162
1825
16162
1767
16164
14662
16108
1415
16124
16065
16000
1265
16077
9897
16020
15992
2008
15581
8854
12442
15882
14261
15817
15841
15807
12916
11975
480
185
1343
15711
15393
13541
15661
10676
15664
15608
15374
15634
15641
206
2911
1594
15546
782
468
15493
11
15239
320
15353
184
1401
616
12742
15270
15278
14
15207
1115
13805
15174
607
1213
14736
783
985
15024
392
15002
1423
485
3053
39
16
11099
13815
69
5310
3426
37
3974
14043
277
14545
13437
13029
14743
14792
23
621
14769
345
14703
14191
14374
13776
14683
6533
14217
13656
1126
14634
14628
423
1
817
84
14564
77
10393
14506
13630
14453
14467
14432
14442
2383
9046
14384
14052
14388
14363
1385
5053
3248
13067
12
14241
420
5052
1078
12615
12397
14221
14199
339
1970
11
14109
14079
13362
1435
153
13978
4478
505
13990
86
2217
423
395
13921
545
4481
231
13954
13912
13921
1008
727
324
13848
218
1677
600
13755
1517
297
124
1950
1255
13576
13594
138
0
13605
13671
23
13214
13549
12401
12973
13483
13456
2326
1258
13544
438
13396
13005
42
13387
13430
976
13354
2120
627
1661
13230
13222
13200
13219
464
7196
13137
0
289
13121
92
13108
13071
2186
65
1628
307
13116
3509
467
12999
13025
13053
336
92
12983
12953
1992
12993
12972
1182
624
12901
873
19
12224
260
92
45
1976
12768
12758
11982
12738
12732
201
12690
12656
12693
1473
12692
121
12117
12644
12655
452
12691
1680
12628
12615
12605
454
12540
826
10527
211
12529
12499
226
570
5095
940
11371
395
12389
6393
5320
12412
12317
12018
11385
11996
12347
12350
374
9510
6992
12370
399
4629
991
12344
5871
1323
12251
12311
657
12234
866
11262
12248
105
2934
617
1051
10888
11812
11720
12169
254
12170
12195
220
892
12083
12072
73
303
200
10813
3780
12033
65
12007
271
5479
11162
9574
327
1264
26
358
374
2875
286
11882
1231
11921
1225
81
11860
189
1647
585
8351
11893
11866
3304
229
729
11843
46
9980
4525
11846
11785
899
11781
2033
848
11767
801
290
9269
11840
178
11716
11751
1178
611
1813
334
11804
11709
221
10960
11635
7
11628
11363
790
259
1109
238
10
11703
10524
11571
11552
1243
177
6
11525
4940
1206
6297
672
11468
632
162
100
11432
676
11409
274
260
11334
11359
11379
740
119
1452
11339
11285
315
3150
11273
11329
11313
11268
980
2180
10845
10448
11256
3384
11240
11202
11192
9634
7522
11232
117
10492
11159
0
281
207
87
11110
1039
63
11103
11097
7828
18
11048
10332
10958
11030
829
19
1162
986
10996
10965
10954
255
644
10933
10912
10905
6896
229
1986
1449
11
522
10826
10854
10835
2386
274
3316
10813
10804
10824
788
10775
1562
6825
2963
910
10796
479
357
1590
10787
551
10737
10726
10696
10691
169
831
6867
10818
2215
10640
9284
1047
10606
1543
1703
10619
10658
474
6255
10125
10605
9791
10582
10600
14
3824
10525
10563
10530
10528
314
1563
9295
1136
5796
9842
118
1478
4924
1583
528
308
10437
772
1257
22
10403
10392
1334
0
89
10284
10266
10258
314
439
1222
413
10266
10258
10233
377
15
10199
10177
10204
10177
46
7804
66
10162
1236
10141
959
9177
10158
883
425
843
1006
10084
10066
376
8142
9649
10000
7352
233
452
70
215
9928
5397
9945
8420
495
9916
9674
9840
256
8160
9898
9898
838
9868
971
699
401
8419
19
9821
9996
4570
9787
9861
89
369
9829
282
55
9770
269
0
9781
580
2051
9739
208
9745
204
540
2529
426
1935
1156
9696
9689
109
8260
1495
1048
3863
9671
1
9637
9571
213
8712
1048
220
9592
9562
262
1300
9542
819
2267
4
937
9543
174
4948
9481
9480
9464
991
9518
1079
8743
174
9486
9457
482
9441
0
688
9446
563
9096
223
666
9376
9399
851
8769
945
8046
9363
9371
365
3406
909
9326
9305
603
9325
691
1062
422
9305
9281
627
5476
9237
1
8352
9228
464
3067
9244
263
7998
146
6251
33
8921
9170
898
1313
9181
9185
88
404
269
9153
8788
469
9103
585
4342
7845
7459
8090
9108
9149
8604
8786
152
1242
1234
9078
9081
5941
1457
10
1142
1517
5280
18
8980
8986
9032
9028
8985
595
8644
8963
8959
8965
8941
8954
71
8954
1169
8661
8516
565
956
8907
214
8945
8907
5894
1246
8910
8905
8867
916
31
701
8868
8806
8827
8830
296
7018
148
451
6177
8833
320
3990
8786
8785
8174
73
8744
394
1772
178
122
7317
8703
8685
150
8652
8729
8641
292
164
1638
1368
1708
8599
374
8579
8602
1837
0
8303
1100
7349
8577
188
8564
8549
8604
1326
795
8547
8541
8519
2
8493
8532
1552
121
357
8495
181
8476
8473
0
7675
1217
8465
535
8438
907
7979
0
7692
49
99
122
4119
776
8381
596
8380
8389
711
8353
3180
8275
667
8291
8308
3054
569
2006
362
1924
7763
7474
0
8258
0
8216
229
474
8206
2000
8204
295
8171
8159
8157
586
57
8109
2449
71
241
7722
38
605
8066
8038
8073
7506
107
4662
7973
6882
7997
8039
7994
6935
6785
351
7975
608
428
7166
328
7946
4744
142
20
713
7941
7927
817
7935
258
819
164
1103
644
895
106
5841
7870
7863
1172
1
7568
549
7833
7797
414
7831
2349
16
7791
1193
160
202
1295
7695
7790
7720
349
70
1235
7681
7679
7690
7666
1218
474
7679
7685
7671
7221
432
4928
384
5109
53
7614
552
7597
465
7301
7711
885
4499
474
522
1224
82
7550
862
7565
7557
7570
225
987
329
957
6983
35
132
2
3394
59
7211
7507
7527
185
7515
7459
7532
7460
7466
759
5
7455
7472
7426
7415
1561
29
13
7418
0
101
3660
139
7423
7471
4642
7378
822
7386
6874
7384
7357
917
1500
1366
7351
7425
7321
7344
7359
19
370
333
7357
7336
7326
688
7305
3610
4345
1425
2
7289
7282
7266
510
7262
1172
7245
97
570
7227
6869
194
440
245
1
7220
741
90
178
7178
687
7212
7179
98
6841
243
984
118
7175
93
96
51
4132
110
359
216
856
7114
2804
7108
203
7030
7095
7081
7118
3041
108
7119
7050
6681
7081
0
7054
1953
1575
5123
17
7018
23
6845
111
7039
7052
7008
7040
552
5826
6970
192
358
20
6966
552
33
6898
6954
6487
6941
6934
6930
6585
829
337
2659
6570
6924
3176
6442
6905
751
6411
897
6870
147
2915
6859
153
6871
194
1070
6840
174
6543
6845
6848
0
5811
67
0
191
6818
6834
6501
135
6817
5506
5
407
6785
666
6779
6754
6715
5398
6770
2012
234
6754
731
6726
6750
288
3004
6732
6764
92
548
6724
38
479
6180
785
4940
445
6706
524
6673
6707
6666
6693
0
6380
196
6756
1188
563
6630
6661
27
3738
366
189
344
176
6633
6624
6639
431
5262
5436
6623
6567
3851
4746
1354
129
6573
262
414
6548
512
548
6527
695
6539
6551
1009
6152
4858
6523
375
6504
6509
504
6507
378
6482
4963
822
6470
303
430
26
891
6420
348
6146
163
6469
864
6454
339
6447
5426
188
1672
120
144
525
1131
6418
6434
6397
6372
6368
3304
6415
630
1422
1122
5107
5506
1573
6341
81
0
6364
6362
6340
6347
5884
6344
59
4723
6277
6333
1689
6311
1131
148
6322
157
1302
3746
1678
6248
5900
6236
384
6257
6267
179
27
6244
6239
6211
236
289
279
5145
637
263
6166
2262
6087
6203
6161
6184
6155
6188
6172
4115
6168
6172
6146
154
1510
5826
6154
6125
1737
700
6136
6121
6133
55
27
1165
6108
6081
5552
4292
6092
75
6058
204
984
255
6068
182
678
254
660
6066
120
39
6031
5987
5989
4984
5385
5983
220
5990
5986
5969
1757
304
5625
110
5944
5944
138
5544
1368
5920
55
130
252
4
5940
232
92
1163
5902
1398
4711
5605
5919
52
5905
5155
5568
1053
156
48
3207
1032
571
21
200
5886
3184
5860
4955
5744
29
5889
1099
4781
37
5812
5830
5836
5816
239
5784
263
5852
5836
5813
127
5788
791
3304
1624
2070
5748
5757
5738
5790
5750
1965
455
274
2149
64
649
5714
3436
5716
1229
1284
171
381
239
5659
5689
5651
1679
0
2540
1134
5626
5627
5653
4
5627
5627
76
207
105
5617
1141
112
151
538
1091
5603
5591
336
5584
2781
5583
5573
715
5571
5582
3625
320
574
5561
5581
3
5550
678
5547
5572
5556
4379
4087
5555
2541
5511
5546
905
5512
5527
271
1131
5480
1361
4984
5479
5482
1190
5473
5465
5493
5455
19
5027
4961
36
5437
5435
5402
5424
5414
143
5076
600
227
2326
5412
2990
5407
435
5434
7
5377
4
5415
5381
5385
5372
7
240
5336
868
2942
5369
5346
5379
5347
5349
171
148
337
4634
5335
5331
5318
228
1712
429
308
282
5268
5258
5268
4515
2183
5243
1350
1329
5268
4820
807
4576
5178
431
107
1370
5222
5266
5236
232
837
3318
5239
161
5217
5164
312
5210
5185
5186
5174
5178
1271
5185
5178
5180
5174
5194
5157
315
40
5189
5165
5184
235
5152
5162
5157
881
5120
5150
3753
4838
5122
5158
5123
781
151
2940
5117
5127
5107
241
5071
167
5097
468
5097
5092
5079
5092
730
5062
1521
40
5041
211
4746
583
136
5064
763
235
5038
5035
5002
1234
5054
5005
532
472
5009
4037
4546
5002
5012
4991
4963
550
4978
39
5
5027
165
506
1004
131
135
400
4939
570
4919
4944
4938
2386
926
262
4920
98
4916
672
877
2702
298
4894
4912
4908
898
4881
4882
4907
1262
73
103
950
4884
4888
176
4878
572
2585
519
4842
4831
4860
98
4845
474
4858
390
4222
4799
407
4842
4834
4774
918
4816
4827
338
2166
4428
505
4845
4831
3998
288
4815
4815
32
169
34
203
4821
4823
4793
882
1870
665
1217
2681
196
4801
4003
4782
4814
109
4777
766
4802
4782
1125
1165
250
94
97
4786
308
4759
4739
4796
1092
83
382
4765
4727
4728
27
4750
24
4740
4751
4721
439
30
4732
4738
81
291
4699
4708
4742
346
4723
4738
909
1105
329
29
4686
4698
4712
4687
1
285
1251
4685
669
243
3970
4236
273
484
1227
4677
4672
2042
697
205
4640
15
1115
777
4658
4095
506
199
754
787
1460
490
3035
420
4647
915
3409
1136
4583
35
4604
4597
4623
4309
4007
4553
4553
4564
2536
4538
326
223
400
3
2266
4551
4112
576
212
3855
267
4500
124
624
4518
4082
4536
4511
488
477
4513
249
4482
4502
126
4495
4470
256
4452
4486
4477
4454
4481
493
606
878
4468
28
747
4446
0
4472
4367
142
120
4430
774
4437
211
137
705
4454
111
220
518
0
4420
4418
545
970
4401
4386
4378
4386
37
1082
1673
4386
3899
570
4384
4348
467
4355
3084
1844
4360
165
168
4365
542
4351
4328
212
4329
48
4320
4346
134
4030
2040
587
2804
4342
555
806
652
437
4316
2098
813
4309
8
4301
4304
4295
224
4269
4292
4289
3724
448
4298
325
4259
723
6
4248
48
4245
1109
4234
2447
4253
870
2948
278
468
4235
4257
1406
439
4234
4255
3166
888
1447
68
4239
1687
4229
2871
4246
4215
4208
2018
1025
529
4197
407
6
1160
726
3442
36
698
5
0
4191
0
4167
3626
4170
1030
909
3780
3349
4154
76
46
4157
4139
1262
427
35
4129
151
54
224
4117
4139
2480
4107
4155
1038
4130
4132
4116
4125
1731
155
1924
4115
3698
4110
4088
3841
335
4082
3661
4099
4093
4093
4117
105
3205
19
4069
3806
3733
7
4079
325
4085
4061
4062
4029
4065
4089
480
2684
2365
4064
316
1241
760
3985
4031
858
13
648
4027
4020
230
0
48
3993
54
4014
3997
814
3065
3236
2687
25
3125
786
441
4000
397
3997
1981
3984
573
3968
3959
3979
3971
3966
556
3953
3976
3950
3969
3948
3981
3969
3976
2844
3944
1
3937
3937
786
101
799
1736
2388
3924
1211
3922
3900
3917
3901
3884
219
3923
173
3925
101
3127
3854
101
139
2
3908
1117
3919
3902
122
323
1789
208
3901
3913
514
494
24
3874
3830
3874
3888
21
79
3970
3887
3895
3832
1445
3858
3841
3835
3849
3854
444
3844
3845
173
726
3825
50
3854
239
3820
3842
413
736
3837
3840
787
771
3853
3842
3855
580
3785
3807
249
2563
3813
1167
3818
3801
3823
407
3806
3411
9
3777
74
1861
3780
3765
209
3787
3776
147
3777
327
3763
3760
3773
3772
660
3778
3779
266
3769
3751
1709
3788
155
359
620
416
3741
2098
664
58
935
1573
3690
3324
1665
3748
277
279
3721
3730
3427
912
1954
3730
268
208
3722
3662
3707
3722
3691
279
2578
190
1114
338
1
3746
3695
3677
3702
1955
3704
457
3660
3348
1153
55
802
3697
19
3660
3680
727
3704
274
3696
412
3666
1461
3219
1676
478
417
6
3682
3622
534
0
3664
515
508
1114
3656
3309
134
325
3639
377
3647
71
219
159
3632
1151
566
230
2304
499
3639
3619
3343
760
3620
499
3586
3594
3586
0
3608
3635
475
191
3602
1701
3523
758
3590
686
400
26
262
3574
3582
643
119
2481
225
3587
3572
335
357
606
3567
3565
431
3558
184
3572
206
591
494
27
3553
196
3512
0
3519
54
2531
12
453
3526
968
3535
1255
268
442
18
3501
3514
123
0
342
18
3528
557
3497
68
3495
3524
3504
316
60
3486
3495
768
3499
3487
966
576
3477
2218
833
3479
64
12
520
349
183
3478
3377
3496
3484
3462
343
3472
59
1198
546
3470
453
144
108
3207
143
612
2705
18
478
2592
479
3433
3434
85
2744
209
2858
503
132
341
3431
3426
3403
3427
3410
3412
162
806
394
1439
1
3396
3432
239
3427
12
3402
3397
435
354
765
208
3393
2683
47
3398
3399
0
64
3400
196
3375
904
3382
472
127
357
3350
3368
105
930
755
869
701
3358
887
3363
772
3336
3355
3353
402
3351
3281
212
3368
3360
3350
3342
3345
3344
436
840
3340
3337
455
3333
3337
3330
2890
3327
3348
3327
94
158
262
3325
997
3319
3328
275
3316
361
626
3279
1318
677
296
3338
584
3311
24
3321
1038
3288
3318
427
229
616
560
3281
3275
71
282
223
3283
43
3300
394
3203
581
144
2563
5
459
255
3258
3273
1698
1147
10
530
2909
1140
3225
336
2584
270
238
254
3233
3255
0
489
2655
3227
3196
2797
3210
424
146
706
470
236
3202
3219
230
3220
270
2598
3216
3236
255
277
3212
3192
138
2
3192
0
3193
3189
2846
3197
295
3149
3179
410
3179
3178
88
3169
3169
3194
3186
1815
727
1075
3175
221
117
205
679
493
3109
3147
321
3159
321
185
3157
2
106
3117
2645
201
3
1639
1557
146
275
3112
3131
3117
0
467
3116
1933
3121
3128
3109
1704
1032
319
3093
3122
71
712
3088
338
459
3101
14
144
1125
1898
79
133
3093
568
223
643
3059
3071
3073
155
3061
3064
3041
3078
134
775
3050
203
313
3067
1015
9
76
1896
129
3046
3078
3063
611
3043
424
3029
417
3046
3056
3025
172
30
3053
692
16
3051
364
2546
562
3052
2236
3033
3050
153
3037
3015
3020
3045
169
256
1823
722
3028
3025
670
3000
3021
1060
1520
3014
3005
409
2993
2985
2990
3010
140
1964
2927
2988
114
694
2967
2951
437
2983
2993
2982
2985
826
2963
2953
1
2952
2972
570
240
2937
2962
290
43
2924
1307
363
25
351
2995
0
2925
2396
97
1742
2951
2605
2953
2957
272
2936
2933
2933
2943
2380
2923
77
2943
252
843
659
306
2916
2567
1945
245
2896
125
2576
695
2908
2905
2906
17
2936
755
144
2904
2917
2922
2891
71
237
2916
2908
2913
2892
2897
528
350
2906
2925
2885
1290
1027
8
248
2874
2844
2878
2885
2868
2872
2894
2875
3
2867
2866
2869
491
2845
620
2848
2852
262
356
2442
2865
2860
732
20
2845
2857
2858
2864
202
2857
2840
2866
2847
544
220
2817
111
2851
2845
2832
851
593
31
2825
971
2085
2846
2833
2862
2855
2816
2821
2843
2863
2834
451
165
232
2837
1208
25
71
213
87
2823
2808
2802
153
181
2831
1983
2789
2806
186
66
1063
2813
2795
124
154
2816
2810
135
1033
2800
986
351
0
2801
2439
2778
2786
195
2783
2760
661
358
498
2786
2733
315
1316
58
249
2775
172
2758
2750
1311
119
2782
2763
412
1581
273
326
2755
112
2744
2765
2736
92
2755
276
2774
2732
2734
521
54
2738
2765
2484
628
2728
2738
2724
174
2733
362
2736
1760
15
2722
2729
2727
2725
286
2739
2726
536
312
1069
2450
2716
2710
2721
2716
843
2722
425
2708
13
373
995
2693
358
2710
2727
2703
2713
2718
2707
2709
179
298
4
2693
2712
2692
135
213
87
2684
2699
2048
301
100
2679
2694
977
2694
2667
0
275
1638
0
224
2669
956
436
2677
93
2666
2671
2636
2673
192
2675
330
2646
2655
2653
1788
2659
1600
2653
2677
2659
248
577
2641
2670
2666
2654
2676
2667
2635
2631
2629
2644
2645
401
2653
2650
2644
2655
99
2637
2350
2652
2648
2644
2632
2616
368
2640
362
1740
2624
2334
765
2617
2635
2
712
2646
958
933
711
2612
275
2633
2636
130
2600
2608
1345
426
2615
2612
69
2586
830
554
2584
2
31
2587
2572
427
303
16
1152
930
2598
2604
2589
2582
143
184
378
2574
147
16
2579
2575
2564
2555
674
2554
2583
2580
1413
2593
538
354
15
571
337
1003
1
2558
2538
2564
49
2565
2534
158
394
2565
2547
2560
1038
2527
2539
370
2585
1402
2503
293
2536
407
45
2550
242
2570
2539
2038
2547
2544
335
1088
2536
239
12
2521
175
2516
2510
2526
2506
1424
426
914
114
2526
2452
290
2522
2527
2529
2496
611
2520
231
2529
2522
2508
73
2515
2514
406
2502
134
1632
41
724
2505
870
109
2463
2492
2484
1245
2480
2206
9
2489
811
336
70
151
405
2496
500
2481
2476
2494
457
2478
2469
2503
159
433
2483
2474
621
1607
2445
426
538
772
2466
545
2480
2461
2448
2477
2466
55
2482
223
2483
2464
2457
2476
2429
38
2433
42
137
34
2459
358
427
244
2447
2435
2446
2417
260
124
2441
967
2423
2435
2448
2447
2430
686
2429
2422
974
2439
2417
2424
2077
285
544
379
271
220
2420
2402
418
2393
2426
1200
2422
2405
367
83
2411
57
320
2392
656
2401
1118
239
516
366
2407
568
2405
2062
2381
2388
313
2401
2396
304
586
2413
2401
2409
2398
917
288
65
2384
2381
2377
33
559
472
2381
1326
2387
2368
6
2353
1725
2079
697
2371
2377
155
2350
2364
684
216
2358
189
573
371
1674
2355
2352
2348
487
830
2333
2338
2343
2335
1382
1524
123
2325
91
2330
2329
2340
0
2334
104
599
555
2326
132
2330
1974
19
170
575
2330
129
106
2329
2316
2306
2326
2327
3
175
117
26
2316
640
2312
2334
2318
2315
2315
221
2303
2326
2313
623
2280
2291
609
2323
2300
748
39
2294
2308
2317
63
2296
2313
2302
2282
2299
2300
2269
2287
2294
57
2297
1573
2302
2304
1010
371
2023
2297
182
2285
2280
133
2284
709
375
59
232
2274
2268
2273
2274
605
202
15
2272
2271
757
269
2267
555
101
82
375
901
105
2270
2250
27
636
2253
1362
2272
2245
415
2249
2234
2243
194
2262
2232
1709
459
334
2230
2237
1794
1453
2243
365
2229
76
2221
2251
129
2237
220
317
2234
324
435
1345
60
2238
298
2231
206
2221
2224
2209
1316
1438
43
162
1
2209
445
2202
326
2200
2181
324
121
1191
291
245
2212
1222
2212
2199
1325
2194
215
436
1589
2175
2201
1117
121
2196
2188
1898
2200
75
585
484
2195
2149
259
571
2178
134
115
2190
2193
2161
32
1160
102
2173
546
2182
2179
43
2166
2146
2175
2156
388
374
2183
2138
156
1642
736
2145
2140
2166
2169
219
2156
2169
385
141
2148
2167
395
1549
94
190
402
2132
2147
2157
2151
2140
98
452
690
2130
567
2114
2141
1818
2127
1573
2136
1720
1821
1854
2182
2147
584
2155
309
2135
2107
15
2125
594
566
2135
79
15
2127
2115
462
2126
2123
580
133
282
2099
2088
181
1598
2092
2101
72
218
2110
2110
973
2109
2109
2096
2103
2109
162
2091
474
2112
2108
2106
2120
784
2092
1268
2105
2103
402
2080
732
209
2101
2081
64
388
138
214
2089
2084
2090
173
2109
89
195
2094
147
247
2078
2083
2072
1108
376
244
26
2080
1019
2085
332
212
229
2065
2086
1271
2065
2080
2048
2072
415
1713
2060
2082
2056
2052
420
2063
2057
2058
1176
2062
2081
2070
2049
2056
268
186
2063
69
2044
2056
552
328
2047
2063
2050
2057
615
2029
395
2052
2044
489
2041
202
2037
392
269
1398
2027
2041
2046
754
206
68
289
2015
125
1561
2051
2012
1273
112
2037
2030
2028
2028
2040
2073
128
2013
4
944
1010
2018
114
352
2027
1453
2012
2010
2012
750
560
2022
2004
2034
118
248
2017
121
2004
253
1997
2005
2008
133
271
407
2005
110
19
2004
2007
682
1993
74
1991
2026
126
1999
222
1991
1988
2035
1994
1995
2008
1982
1984
2001
1990
79
1996
260
191
1995
1987
1260
1983
1972
1988
1988
1941
1964
601
1973
76
1977
139
1949
780
332
523
1967
1960
1978
1953
1976
1979
1965
509
1982
1948
147
298
1951
1958
1964
70
973
1954
1955
1285
1962
67
1953
557
1953
1955
1916
1942
1938
1949
1944
451
0
1066
54
1932
1945
1899
1937
1971
443
1130
1933
933
84
1
1945
1943
1936
1939
324
169
1942
1932
1917
1939
1946
304
1934
1935
489
421
146
339
182
1929
1939
534
1928
584
364
1945
1937
1937
1906
8
27
49
1926
208
1910
1925
283
108
1925
1913
911
1504
202
1921
28
682
387
763
1924
1926
1906
1
1600
1902
1909
1918
205
1909
1912
1894
1897
169
173
1915
1897
1895
961
1900
527
87
0
1897
1889
1890
1901
1888
1897
1900
218
1882
1893
1884
1891
413
1889
20
1894
1897
1872
1898
242
242
1879
609
1887
360
282
1885
1888
1883
744
497
1888
1883
1866
1882
1865
1876
1893
1885
348
1882
1462
1543
1860
1863
1882
1867
233
50
1879
292
1140
853
1877
110
1814
16
1851
240
228
1841
1844
723
1454
1879
1900
152
1856
458
1860
216
1845
1857
192
236
423
1853
1851
1866
1871
5
1336
1589
1516
1852
1
1867
1856
0
309
1878
1855
369
1834
1447
1389
2
1852
1842
25
1
1
1458
67
1839
266
1348
30
1831
1829
131
1820
1308
1821
106
133
1405
211
1831
1826
624
826
1848
1833
1269
263
1818
860
1017
1823
1840
137
548
1810
1830
1828
215
1831
1811
660
1798
390
1798
1815
363
1798
1819
1777
392
1810
212
1805
1806
154
285
1806
670
1801
1792
1791
2
1799
587
1424
295
1791
1795
84
1805
1798
705
295
910
1796
1778
471
1776
1783
467
180
865
272
1782
1794
1780
626
1792
1785
1319
43
1778
362
53
285
297
1779
1776
721
1797
204
14
1784
1719
1776
52
50
1788
437
1782
74
1774
1764
1768
1763
637
1793
77
1769
504
1772
84
1767
1755
372
1765
366
1774
1770
1767
1772
1750
578
1758
202
1758
162
1757
1763
1767
1775
234
1756
1764
1757
1757
1750
1764
1759
1767
102
1722
1743
74
1749
1747
1757
137
1760
1764
141
593
296
1753
53
1749
527
1749
125
1744
1767
1712
268
591
1764
1747
380
770
1758
1745
1758
848
1725
1732
1730
1737
1173
1740
1746
1739
1725
1727
1727
1729
1739
1318
1726
203
1730
1706
21
23
349
407
1734
575
149
1154
1732
1726
1717
1058
460
1703
641
1710
640
1737
1723
1718
1693
1710
13
1718
525
1719
564
1288
1737
1716
474
313
1701
482
1722
1712
1727
847
777
746
56
186
1719
1723
583
1709
11
1717
385
1709
1696
1713
1450
4
1722
1322
1683
1680
1685
1698
1721
1730
1702
1696
409
1696
1697
1707
1673
738
1689
244
52
308
1691
1680
1697
1670
1711
573
1691
627
1691
649
34
1689
89
145
159
1681
1682
1675
1671
1681
188
1661
47
1695
562
104
1658
1668
1676
1688
192
103
1679
1686
1687
1667
112
1668
1007
1696
120
1678
558
38
257
1671
1671
1656
215
1663
364
211
1687
508
24
338
770
1678
1665
1669
316
1642
1045
1658
1645
1664
1650
1679
181
105
1651
292
1642
1657
1652
84
226
628
294
464
621
116
233
109
1648
1654
95
1645
1646
41
255
479
34
474
1645
93
1660
1627
1647
103
1649
368
1649
705
1638
256
1636
1653
116
1633
1649
1634
20
1635
150
1615
1629
1637
956
1640
1643
1626
916
1625
483
284
1641
687
1638
1645
1254
535
1632
1649
1628
1635
233
11
177
1628
1617
1621
1589
1624
282
0
1611
1616
372
1637
1624
1061
3
1618
1633
382
1638
940
1614
1619
1603
1641
1619
1611
1605
1114
1053
1035
156
1626
1627
96
1614
382
1618
247
401
1062
1229
101
1300
186
285
474
1604
1612
393
1611
1609
1602
1606
312
1595
411
1613
1210
1559
1622
27
1592
1613
1588
1
21
51
231
315
1587
1170
1587
489
1582
1580
1590
1579
1579
82
1598
1582
1575
217
125
1553
13
44
1577
1601
1588
1574
78
1567
978
259
1160
1580
538
1580
1577
838
755
1576
1584
1579
1569
776
1563
1564
356
1546
1571
290
157
896
948
1565
1576
1568
1566
273
272
738
1570
407
197
1570
493
1025
1567
494
1569
1563
1569
1546
1556
1545
1571
1546
1538
1551
1559
1561
1536
723
1549
697
1544
1553
1531
314
1550
1530
1530
1555
146
275
1552
747
1551
83
213
1540
1527
1549
559
550
1528
1542
107
1547
1538
40
1536
324
260
1543
391
154
61
1518
244
1539
1537
1528
1545
238
1554
144
1517
1520
38
1544
906
1512
1524
1538
1530
1535
1531
1532
1519
1519
1526
77
147
1528
1527
624
1529
1518
0
1508
1526
1513
163
50
952
1513
431
305
269
137
1522
466
1519
1530
17
394
576
408
1499
1506
1517
1509
1511
1523
1505
1502
664
1505
1504
84
1506
790
1504
696
1512
1509
1500
185
1513
1506
269
1512
1497
1086
1456
1514
210
1040
53
365
346
1509
1415
1499
790
186
266
1507
1499
1480
1489
237
1498
1498
423
35
1505
1492
1498
137
1495
34
740
307
1496
180
1491
280
1486
59
1510
1484
157
1489
294
1437
251
217
1476
32
82
1496
1475
116
1490
1472
149
1506
686
1465
1469
1477
1465
1469
1481
1478
1469
1492
1479
692
1480
361
1469
40
1468
474
1460
1476
481
259
103
1208
1462
323
1475
1466
1463
1139
14
1443
186
1451
177
1463
206
1477
1456
1432
838
1449
346
288
1473
1459
1458
198
1442
43
1453
276
1453
1455
495
1465
563
127
1463
1452
205
1449
1450
1448
1458
676
333
130
1435
1439
1448
22
318
1435
1439
1451
1426
75
1448
1434
789
1417
1425
1429
1444
1010
1438
1434
768
1436
1430
1443
891
1441
87
1429
1434
1421
1444
1427
670
177
437
1425
1431
582
258
1412
860
1406
61
234
959
1419
1430
1424
1427
1430
933
634
1437
769
1421
1
1415
749
59
1416
1418
138
1429
1428
1420
1410
377
1420
1414
753
1416
117
1423
450
123
1414
1430
1423
1368
1432
1421
1406
1409
359
46
49
1408
1040
1413
1404
1414
1391
476
370
1394
1403
262
0
105
158
1404
1391
1391
1392
1411
1
1385
698
1385
520
1392
1396
201
1399
963
430
1398
1394
1397
1415
155
538
381
1385
1407
1383
741
1400
620
1383
327
1384
83
1381
1403
1372
1387
1391
1416
540
1385
1384
1382
1376
1375
256
1397
1367
218
490
1382
1365
1387
1394
38
1377
346
1374
1019
1368
1367
1384
1354
129
1389
457
314
1376
804
224
1362
1352
1398
1370
96
287
1374
1359
1363
1384
1367
389
12
1364
1374
1350
63
1368
605
1342
254
1355
274
81
1356
1346
303
513
1362
1357
178
1361
317
1366
309
876
148
1352
303
1344
1358
1352
1352
1353
1343
279
712
1327
1353
1337
208
1355
1341
1343
1342
1340
1346
1343
1025
230
322
358
1355
1339
1344
212
1333
386
1322
1341
405
1358
625
807
1339
1350
1324
1345
7
211
1341
1344
1330
1330
1351
1335
757
418
864
553
127
1331
1334
1321
754
1340
1327
62
682
410
1330
1322
1343
191
350
1332
485
932
1321
176
977
695
227
1319
1317
41
685
46
1041
438
1313
378
1321
1326
243
980
1312
629
1334
1321
80
1321
204
655
1318
1309
561
16
1317
1315
1305
1318
1314
13
1315
1312
1318
979
33
182
176
1289
1308
111
371
1023
1304
395
1303
189
881
266
537
1299
197
1295
256
1281
1309
1298
1309
1312
376
1303
1298
1304
1306
1303
1275
216
423
5
418
1309
1281
3
1292
14
1256
1303
1295
1296
34
749
1273
1290
1309
1289
3
281
1306
982
19
1295
675
1279
1268
1281
1286
1284
164
1290
48
820
1277
296
1279
958
1281
346
1285
155
1266
1274
1281
1275
1286
1275
1287
106
1281
1280
1269
1288
353
289
1287
1291
1279
1262
1262
1269
1273
1244
525
1268
1279
1275
1278
1294
1287
64
1272
8
53
1293
1272
1289
1263
322
233
1259
1263
1271
1286
1283
1261
697
1262
257
1270
1285
652
0
1275
1267
1271
1266
1267
1270
903
1261
1271
1265
270
1275
1268
1262
1262
1009
1268
1269
1259
1270
1275
1269
1261
121
960
208
1272
1282
140
786
1292
1259
1251
1250
1258
1249
1255
1257
926
151
1259
1262
1219
1254
116
4
498
1247
1244
236
97
225
152
1220
1267
672
65
1237
24
1257
1244
452
1251
40
4
296
1248
939
1272
249
468
166
1229
1254
1253
1246
1
1239
1241
730
923
461
1244
0
5
178
0
158
46
1233
1241
1239
1240
208
470
1238
108
1245
1243
327
1238
1224
1236
353
1255
1229
200
1238
1239
1244
1230
1235
1198
1224
1237
1247
12
634
196
660
245
201
1237
1230
421
1220
1235
1226
139
349
1242
1225
18
1215
223
1226
1226
1221
1239
1226
1226
1222
1213
194
1229
1226
1215
1202
1205
1215
1218
1200
153
365
1226
1217
615
1201
1223
908
40
271
1204
1212
1212
738
156
1212
1210
1209
1204
906
593
73
184
1221
279
89
273
300
1200
190
1206
311
270
1208
29
1197
1204
403
1204
1215
1208
69
1226
1205
1189
80
1202
1202
198
1193
1183
461
1192
1202
281
1193
1199
1189
1195
621
1186
618
1179
1198
733
1195
1203
425
518
1187
1171
1193
1197
197
157
62
1182
226
1199
599
132
632
1184
357
85
91
1192
1188
415
1189
1175
1187
1192
1177
1161
25
0
112
172
724
1191
1198
407
1176
1171
404
204
317
306
31
191
1171
1170
1202
51
1176
1172
1184
122
1176
1168
731
1175
496
649
1159
1162
1172
698
1160
1158
1163
1158
1166
1164
9
1176
1150
1166
111
1170
45
1155
386
501
1157
1155
1169
1150
1130
413
1136
1159
1160
807
17
461
1169
1153
1164
1159
118
1153
28
1147
1147
1149
1149
1164
1166
1158
1163
1146
150
50
1135
1151
685
1142
1150
1132
431
690
435
1145
1136
300
1146
1145
1125
1142
1158
1135
1138
325
773
139
1144
1134
1136
1140
1120
28
221
1120
1143
1162
1123
1132
160
1136
520
1134
257
320
1144
1129
298
217
79
253
1136
1129
1132
1108
1130
21
1135
1124
1127
1127
1132
1130
1127
1125
45
520
1132
556
318
1116
106
1131
1119
1122
638
171
1119
6
1120
1099
1132
265
455
1127
1110
129
289
443
1111
1119
1096
167
39
588
119
1117
62
1105
1108
527
782
49
1116
638
1121
368
1114
724
1111
1114
1109
1117
163
1099
1107
227
178
569
17
1121
1122
1103
1100
159
327
1102
1096
1097
1104
1105
417
94
1098
1106
1103
555
205
375
1105
1103
1116
2
88
1092
1107
1104
1106
1106
1098
576
1096
271
451
1090
779
1081
1109
1092
578
41
67
251
1094
1098
678
485
1085
1086
1075
0
647
261
1092
1085
1102
1090
274
1086
38
1084
1091
595
1064
1080
363
422
1076
1076
2
1092
771
1076
1069
1065
1076
1090
1065
1097
1082
62
187
269
1084
1080
1067
1069
1085
663
1064
1062
1089
1082
1070
1077
90
265
1082
92
333
1070
365
439
1070
1076
1078
690
1065
1071
1065
1076
63
1077
1097
480
741
1062
1072
150
1068
200
1060
1068
70
17
1060
1056
1072
154
1059
1073
1061
1051
1039
1057
1068
98
1072
127
623
1063
1062
70
1050
1067
1057
636
1060
1064
1059
586
1057
1047
1058
256
1064
472
1064
1056
1041
1052
477
1050
1061
1044
225
751
1054
1050
733
1049
375
1047
163
312
113
1031
1058
1044
1053
1050
4
1049
1071
374
305
1059
324
244
1054
1059
1050
80
62
72
1050
1051
260
116
1050
1057
1041
534
241
68
146
1026
1054
130
142
1028
1024
445
781
1039
1032
1046
1055
196
7
184
33
15
1065
1051
511
1045
510
529
1044
1046
1036
1055
673
1032
1008
46
1043
330
682
1043
31
1040
1029
1032
744
517
1038
1032
1033
1029
1051
327
1037
1044
288
595
1028
1035
337
177
377
1038
100
336
1026
7
1031
2
707
1031
1048
4
241
446
1041
706
302
226
1025
1030
1024
1037
227
211
659
615
725
2
325
1044
1013
472
6
624
27
1010
1034
386
1023
380
1015
1021
1033
198
0
1027
367
1027
1026
1022
1021
1020
1014
1032
208
1028
21
1027
1011
1012
221
989
710
311
654
1023
265
1009
55
1042
328
160
681
223
1009
1013
13
1013
99
533
188
55
1006
419
454
1003
1019
369
706
1002
213
1012
228
1007
1011
207
274
95
1013
162
1003
121
1009
1008
1009
1022
1000
0
1000
1002
1012
1017
84
998
66
1000
58
42
1013
1005
998
994
331
1001
128
1006
995
1003
229
990
242
993
967
254
1005
0
401
993
993
125
580
1002
991
357
989
997
997
1013
995
999
994
998
1008
989
1003
998
988
0
998
992
134
45
580
357
995
991
41
92
253
990
205
987
984
987
60
986
983
414
988
987
991
998
558
384
978
982
983
984
982
730
999
983
974
981
192
968
0
976
960
977
975
980
986
978
981
979
964
993
986
975
354
438
568
1001
968
984
975
977
192
531
439
618
979
973
986
980
988
164
964
48
0
962
233
215
452
377
973
972
977
978
970
21
149
88
976
979
320
931
80
302
969
973
966
963
959
232
958
975
952
977
43
964
348
959
965
279
970
953
956
969
968
953
963
72
623
960
176
963
953
964
949
84
948
948
549
374
962
146
25
679
956
83
219
967
949
962
936
929
968
949
958
978
286
959
958
33
956
539
957
957
111
9
957
973
389
955
961
384
930
896
946
944
545
943
950
960
214
936
194
956
49
944
178
422
368
950
953
943
17
438
939
946
522
111
949
513
27
954
0
950
943
61
933
85
96
937
966
678
399
951
436
625
943
142
948
301
936
613
18
938
305
497
234
568
946
942
938
939
200
531
940
321
941
598
934
925
933
77
563
303
923
939
924
104
942
943
475
81
946
426
336
926
922
925
521
931
920
936
47
925
940
932
938
230
929
13
935
930
927
282
403
8
929
319
1
917
355
920
365
140
924
568
83
933
926
548
931
103
382
181
11
934
923
1
925
494
906
924
0
921
229
919
912
551
564
918
918
875
915
591
232
919
922
183
922
920
55
575
330
910
915
910
922
0
0
369
528
20
910
905
916
912
906
918
924
619
919
908
326
267
107
916
6
595
906
121
907
2
902
140
574
902
420
914
905
916
911
132
167
902
903
908
913
908
910
0
607
901
890
912
914
896
910
916
907
464
887
894
907
897
904
903
901
133
893
118
42
910
893
900
468
272
891
493
888
897
902
902
171
897
0
554
904
897
267
305
316
897
889
327
188
904
354
888
891
530
559
908
886
866
36
891
120
900
312
308
895
888
613
241
884
892
888
321
895
894
1
901
21
894
892
126
55
306
20
838
15
879
128
7
895
888
902
529
895
889
881
296
891
891
894
895
338
558
866
875
881
882
886
882
865
889
168
878
2
881
893
580
41
887
887
899
358
880
47
271
884
874
876
882
508
879
233
887
871
491
877
876
86
212
885
557
382
11
875
873
874
873
872
876
866
873
861
873
863
875
160
871
899
880
82
112
880
871
26
882
870
882
872
871
489
867
879
863
514
77
876
867
867
862
865
872
859
450
299
873
866
863
335
871
848
877
868
874
880
862
851
875
502
109
333
509
356
856
231
154
867
866
860
865
854
866
868
136
862
853
875
155
240
853
866
857
854
865
854
858
858
857
862
109
588
856
852
860
855
877
862
867
509
325
863
68
863
278
22
306
863
856
860
859
855
117
843
853
349
854
856
855
850
860
860
555
116
39
248
832
8
413
858
854
852
864
238
854
849
32
137
840
0
209
321
431
851
842
843
127
854
290
849
834
858
171
261
54
229
855
838
849
848
98
6
788
252
494
846
849
292
848
845
189
846
850
849
852
844
827
837
843
843
844
848
542
850
847
42
847
207
840
841
845
833
19
841
845
451
844
841
848
844
253
475
111
110
844
18
849
846
79
825
122
839
814
835
90
836
836
372
830
836
839
240
143
827
831
836
221
771
840
825
72
322
156
834
826
836
839
85
474
827
828
255
523
170
848
835
814
425
822
829
0
432
829
839
430
99
3
825
562
417
818
160
834
475
847
828
3
301
815
831
820
811
826
73
473
826
821
222
819
499
830
135
815
818
822
222
822
804
823
137
250
808
808
244
263
815
66
824
821
482
811
822
816
293
19
488
407
815
805
184
430
821
819
79
346
442
797
780
806
811
232
23
821
815
816
259
807
820
802
165
109
814
791
809
819
813
797
808
811
818
807
804
797
812
784
807
409
224
809
814
310
796
805
117
471
196
485
805
804
340
813
795
807
800
801
47
816
806
802
146
173
153
54
792
800
159
519
428
301
90
810
796
800
235
801
360
796
797
234
807
12
797
171
813
796
796
793
803
11
344
806
795
800
793
796
802
61
800
525
787
782
311
456
790
67
791
794
798
787
142
789
788
785
782
800
796
289
793
141
384
51
795
137
785
46
520
789
389
805
786
795
793
795
796
790
799
428
790
788
785
799
775
789
446
457
760
782
794
790
2
779
320
124
785
258
157
778
783
777
779
792
764
475
790
134
778
775
786
777
779
782
752
469
782
775
256
779
68
772
786
289
776
780
215
787
430
789
385
780
48
468
418
409
778
768
781
798
766
173
780
237
25
767
783
785
790
779
769
375
782
779
83
761
68
0
777
774
768
771
774
769
499
769
781
772
768
770
355
765
355
765
499
777
766
774
777
218
774
785
78
757
762
339
774
764
757
745
769
294
48
786
777
769
276
382
773
104
775
759
53
761
766
772
759
152
760
763
770
99
775
2
767
22
770
292
419
759
15
194
755
39
758
330
753
756
764
756
766
781
82
435
211
761
492
759
736
758
37
760
759
758
363
483
765
765
433
28
754
270
751
747
756
364
756
760
758
760
742
757
756
19
755
750
759
256
419
755
760
257
740
740
441
754
748
759
125
748
755
233
740
739
423
138
760
36
205
752
362
163
390
7
345
743
751
754
227
265
750
242
369
752
753
747
25
744
750
176
748
747
734
755
748
235
103
280
749
750
187
405
755
71
69
734
741
743
741
744
728
28
734
748
35
266
747
743
743
744
746
746
85
741
740
362
343
741
728
739
744
746
743
743
743
106
102
62
733
742
423
738
459
737
37
471
176
744
112
741
742
736
354
742
760
733
731
737
42
740
731
737
329
738
743
286
233
740
728
194
742
254
25
719
189
93
739
732
737
5
728
733
729
729
735
725
733
734
742
728
726
732
170
732
733
729
191
425
739
738
737
708
428
83
230
350
176
748
724
728
730
739
165
727
728
718
138
730
734
306
723
723
725
309
406
743
22
722
726
722
733
429
715
724
721
717
739
734
724
722
723
715
2
302
270
703
730
722
62
445
726
729
214
416
717
718
19
728
726
720
718
731
720
37
726
728
724
721
244
724
718
52
718
730
726
187
727
725
405
716
729
74
162
718
720
88
711
728
725
57
12
26
710
172
718
43
239
716
8
707
297
712
708
30
349
298
317
717
276
717
714
710
716
720
713
220
705
726
718
716
704
703
117
352
710
714
244
352
102
707
57
128
238
706
121
721
308
315
710
21
345
133
717
713
403
710
709
713
712
204
277
715
399
271
2
689
696
701
2
707
103
29
383
714
712
386
688
271
705
720
705
701
711
94
140
704
710
244
713
431
704
40
706
723
24
697
305
706
713
177
707
295
706
701
708
717
268
702
151
704
143
150
701
706
725
705
683
440
90
680
433
698
397
432
709
707
152
178
701
691
701
704
83
718
693
704
701
705
700
700
694
676
699
122
165
693
700
692
11
311
672
698
701
691
697
693
49
686
283
702
674
674
716
181
0
410
696
698
4
689
696
90
702
699
128
411
698
158
700
694
697
706
699
696
698
673
695
357
320
82
685
668
698
689
416
685
689
691
687
683
694
697
691
693
694
688
691
691
328
697
690
693
688
690
5
688
401
692
329
682
215
704
687
694
368
685
0
690
40
374
26
345
675
280
28
261
292
687
692
692
685
691
687
689
682
672
360
126
369
334
683
234
677
687
684
687
358
683
369
683
687
9
233
680
678
688
683
324
678
687
681
688
694
681
683
687
693
682
43
678
200
682
696
671
50
366
683
282
682
118
672
688
210
674
326
683
161
310
676
405
680
681
685
678
686
234
393
672
683
235
685
674
680
677
42
678
147
676
669
674
665
668
151
670
688
678
671
681
27
675
71
222
674
693
676
33
661
320
673
666
677
670
660
673
688
10
667
668
134
675
669
673
683
674
670
669
667
78
49
666
230
670
669
316
659
664
679
680
361
661
649
652
667
394
393
662
659
675
100
91
665
667
668
657
673
666
673
157
657
676
390
656
664
660
669
670
670
66
681
90
64
669
215
664
664
670
668
185
141
664
662
671
667
659
258
663
124
660
188
659
657
664
221
87
268
202
164
292
635
360
233
667
656
658
648
130
652
662
656
674
661
666
652
659
248
662
646
657
366
108
238
658
653
655
660
664
663
663
657
667
658
658
659
256
650
377
661
48
26
651
657
651
188
651
653
661
655
656
652
659
649
159
644
652
348
223
654
242
659
654
380
652
16
647
362
646
655
641
647
77
374
139
641
378
654
656
326
650
653
643
212
32
649
646
656
183
654
647
654
623
645
54
171
642
658
151
646
99
171
639
83
638
641
644
643
28
103
649
652
271
625
639
318
138
235
659
641
320
652
256
628
648
635
649
643
335
231
640
634
46
636
644
639
329
639
630
639
641
634
637
626
631
646
600
639
633
641
642
628
648
641
635
362
116
643
6
641
643
636
640
637
631
292
632
625
619
296
78
651
631
284
637
643
599
647
634
644
634
366
649
336
338
637
637
620
630
637
629
649
636
28
281
619
293
90
632
630
652
100
651
649
637
640
170
628
629
645
633
628
635
179
613
627
625
57
638
638
635
630
629
627
624
632
629
269
239
220
634
638
131
635
612
254
628
617
630
623
632
618
628
622
646
624
637
204
182
626
629
626
12
627
321
624
629
296
636
630
611
270
273
626
619
623
629
6
623
250
623
310
630
621
154
624
629
627
621
614
622
50
623
616
25
261
254
623
640
310
621
621
624
620
610
616
629
617
621
625
630
625
218
0
632
622
638
41
32
609
57
625
619
622
621
618
629
319
616
616
612
621
626
630
305
148
292
596
618
618
625
615
618
617
610
624
613
254
635
614
620
26
613
618
618
617
304
614
611
622
618
601
610
611
605
214
614
617
616
41
255
621
612
619
142
606
616
208
620
109
303
162
607
60
613
610
626
606
54
608
604
611
304
617
607
611
610
320
36
606
608
616
181
610
607
617
614
604
612
308
309
612
608
597
616
302
601
612
603
265
602
60
599
603
123
597
611
612
622
616
611
609
601
105
605
604
623
606
12
216
601
42
604
90
605
80
606
26
621
602
598
97
264
70
601
596
598
602
580
190
597
222
606
604
32
593
601
602
84
105
17
569
26
588
596
611
305
277
609
594
605
333
613
599
593
606
165
591
603
598
568
337
596
244
597
595
589
601
586
592
606
608
595
597
607
291
233
610
595
587
596
599
600
589
275
590
588
272
43
593
306
605
603
596
594
590
592
597
179
594
87
588
579
2
577
589
594
596
583
587
589
14
584
246
156
600
590
600
595
596
591
596
318
589
195
181
565
596
592
582
593
6
598
596
219
588
599
587
590
587
587
586
596
592
599
587
594
244
8
570
3
590
592
143
586
576
82
578
317
585
589
114
592
585
583
594
590
196
590
198
591
586
572
547
587
591
585
116
559
587
592
587
581
584
173
574
583
585
585
581
584
559
87
547
577
285
182
78
588
250
578
585
585
575
150
584
586
291
583
577
293
588
588
259
574
577
55
568
580
586
560
576
590
583
145
48
250
574
585
139
570
582
590
583
592
308
579
578
85
584
42
100
580
585
580
143
200
575
577
573
566
579
290
582
580
72
290
572
575
576
579
8
574
574
576
566
591
585
577
579
185
579
577
576
580
577
298
578
579
52
572
578
576
570
553
570
577
570
573
557
574
266
577
578
113
584
578
569
569
570
572
187
19
575
567
90
559
581
570
569
221
576
173
573
572
579
574
577
568
576
78
563
574
575
286
571
552
575
114
574
537
585
572
579
569
566
262
566
563
571
569
248
48
14
566
566
571
563
569
556
570
73
231
250
173
566
560
569
566
70
572
549
562
562
579
567
567
568
561
259
563
560
532
557
569
554
113
574
574
575
91
124
555
568
561
563
566
557
170
544
13
578
559
198
559
571
563
278
546
563
565
155
207
536
562
562
564
86
556
557
563
555
560
557
564
562
564
563
553
557
253
557
554
117
549
561
555
566
276
558
549
570
197
548
553
551
555
153
560
553
555
557
1
558
546
566
224
237
559
564
278
546
564
554
216
547
554
562
149
549
549
560
220
560
557
553
181
270
78
561
543
548
556
557
275
542
558
559
200
279
554
548
554
546
139
560
546
244
250
550
277
558
37
560
556
551
68
80
545
554
541
555
549
554
555
550
205
555
559
555
555
540
544
554
551
559
542
205
529
548
551
544
546
563
543
544
204
265
549
273
544
548
544
559
550
545
218
546
547
177
548
247
550
546
535
551
545
544
548
546
34
541
533
555
549
542
543
35
95
550
547
184
539
528
544
533
540
253
78
550
546
546
32
541
538
546
235
536
554
118
538
122
539
512
545
545
547
544
193
545
2
539
546
207
73
15
533
221
94
541
541
535
542
525
536
544
541
543
543
136
510
236
539
543
542
527
540
543
540
534
536
272
537
541
534
540
542
537
59
537
540
540
531
533
538
27
541
540
66
231
211
542
539
535
528
528
533
536
535
521
532
530
535
532
531
123
531
529
535
543
112
178
59
538
529
533
533
533
57
531
530
529
530
103
530
529
526
530
533
241
523
533
525
524
531
532
163
530
211
526
528
75
534
58
208
527
215
531
511
197
533
526
530
524
110
523
516
525
526
521
524
11
534
530
55
208
71
527
221
105
517
527
523
527
532
513
524
169
517
520
526
523
529
520
110
539
237
197
136
73
527
265
526
524
57
527
521
522
98
535
528
525
521
143
515
522
522
512
135
520
523
521
10
521
520
241
523
480
515
528
521
512
528
521
515
526
523
61
523
515
514
522
534
521
175
524
514
519
514
522
516
243
177
491
523
517
526
523
516
137
246
525
532
517
514
523
511
525
79
514
511
204
196
112
247
526
516
530
516
519
133
17
527
508
13
513
516
515
68
497
510
516
49
495
522
509
517
121
513
516
17
516
523
521
515
519
517
512
510
516
124
517
501
512
512
515
516
506
512
515
512
510
503
511
518
30
512
510
163
495
514
508
513
510
511
516
503
174
138
507
230
15
512
506
104
511
12
505
510
509
221
499
511
509
507
157
510
508
516
513
506
507
522
504
506
158
522
509
494
505
495
505
511
510
503
507
511
506
499
501
507
503
505
505
502
504
10
514
116
507
206
506
236
507
162
494
516
200
500
39
502
493
516
503
513
134
144
517
510
509
115
518
229
492
497
518
498
515
504
500
459
507
8
175
501
498
499
507
510
517
508
504
186
499
216
477
509
140
499
508
483
503
507
228
501
502
507
509
505
510
506
221
505
504
206
515
515
499
15
506
496
499
497
499
507
510
496
510
75
493
503
498
506
508
500
492
229
497
481
502
493
498
498
199
497
495
94
495
13
506
493
505
22
491
492
490
493
165
503
503
500
493
150
489
495
154
499
497
14
64
493
503
498
493
496
494
496
496
496
501
493
496
500
486
491
190
505
497
494
493
494
493
496
499
75
499
123
479
493
491
493
488
488
49
492
100
500
495
154
191
493
491
502
492
500
497
506
487
505
491
2
492
490
187
497
483
499
499
502
200
493
490
217
477
482
491
135
485
498
492
489
493
207
482
488
488
487
492
490
496
483
495
490
222
491
125
489
489
493
484
164
482
58
484
487
486
488
485
487
42
82
486
483
478
188
164
87
251
485
486
492
485
183
484
491
482
475
489
493
482
484
125
489
474
182
141
486
490
63
485
489
484
481
481
470
492
118
486
498
168
487
472
492
490
480
480
72
489
483
149
81
469
497
486
481
485
482
477
125
125
28
465
496
475
483
496
179
478
480
472
474
487
470
84
472
479
485
115
479
472
18
475
478
480
26
486
483
89
473
484
485
55
62
20
216
476
485
471
475
481
487
61
492
188
478
476
479
485
478
84
473
481
91
72
465
472
477
485
476
466
474
477
478
470
478
472
208
461
476
475
99
473
472
51
468
465
490
473
476
473
463
470
471
481
482
466
63
480
473
481
482
469
479
476
472
484
471
472
488
95
475
75
116
143
482
471
465
471
478
473
468
471
455
18
475
474
471
476
469
11
470
481
471
473
478
463
122
476
473
469
474
477
477
469
474
461
477
460
470
92
475
201
472
190
18
472
472
464
476
464
470
201
56
16
471
180
464
58
466
477
468
464
472
475
458
469
431
474
472
473
455
469
460
462
468
470
468
467
467
458
465
461
467
475
460
151
468
471
466
479
461
468
459
469
466
464
422
468
466
469
471
464
466
468
461
471
197
464
467
464
35
445
477
11
176
465
443
142
465
470
459
471
464
461
466
467
464
446
468
465
464
465
458
471
465
463
463
457
238
457
462
457
461
467
462
17
142
460
465
470
461
465
457
460
458
467
456
465
127
465
163
445
468
465
43
457
456
461
462
470
460
193
473
462
455
462
460
237
456
465
460
461
461
52
461
237
465
135
161
179
448
450
465
455
33
462
451
456
462
454
452
460
462
457
461
463
455
462
455
18
455
447
456
453
190
458
452
453
456
463
456
179
459
440
458
24
452
71
452
461
457
454
51
448
451
179
456
452
457
455
162
101
456
461
449
449
453
451
447
455
446
451
448
453
456
445
449
455
452
455
453
454
454
454
451
446
450
90
459
449
452
143
458
142
116
48
456
187
446
449
458
126
447
452
449
449
448
434
62
166
445
454
446
454
458
454
447
448
436
444
443
448
449
443
450
447
449
427
443
446
176
448
450
449
451
445
445
231
447
448
50
448
452
450
446
439
448
446
456
447
449
448
438
448
36
446
450
441
451
449
446
160
445
447
454
137
44
452
448
446
444
444
445
94
437
442
175
440
445
438
446
72
2
445
454
429
440
438
444
444
445
441
450
92
452
448
441
443
446
445
439
440
446
434
93
440
438
445
443
36
446
447
441
445
441
451
431
442
438
450
447
64
433
113
126
439
443
439
436
146
438
440
441
445
446
443
435
441
440
452
12
433
436
128
449
440
431
434
440
433
172
446
0
437
437
438
440
440
435
442
429
64
432
435
436
49
437
87
430
442
434
429
435
445
431
435
97
428
441
434
435
437
443
430
440
427
447
436
441
440
437
435
425
436
70
95
436
447
432
28
431
432
443
429
439
423
431
437
433
438
436
433
440
430
437
431
77
77
436
429
434
66
434
430
437
155
434
431
431
431
433
80
100
45
416
431
425
433
440
424
426
37
429
425
429
433
432
433
405
434
430
415
432
141
154
437
419
425
48
437
154
429
427
422
422
15
421
418
430
423
428
435
40
421
430
426
429
416
426
430
153
401
438
422
433
60
424
411
426
434
428
435
67
15
423
415
425
437
427
428
85
421
400
62
429
421
421
428
429
418
424
427
422
421
61
427
8
428
420
104
426
417
420
108
424
426
425
427
424
35
424
432
427
420
426
34
429
427
421
141
423
57
425
417
428
423
19
430
424
128
421
425
418
416
416
411
93
425
422
419
418
418
424
397
412
63
419
146
419
424
424
418
424
419
414
417
422
417
423
425
416
415
422
427
431
414
126
417
420
419
414
412
422
408
419
424
419
411
422
410
412
421
133
80
426
25
416
415
412
417
422
416
415
419
419
417
410
420
418
421
417
411
421
411
427
416
424
81
422
419
415
419
416
426
31
421
418
423
134
8
415
0
415
415
414
5
425
418
420
143
418
93
417
416
416
408
418
119
413
417
132
416
407
52
152
416
415
23
14
415
417
8
406
50
421
405
409
407
420
8
409
8
385
413
412
418
400
397
40
413
413
415
407
410
406
418
150
419
80
409
405
412
407
414
414
416
407
411
408
411
416
418
412
418
76
407
407
409
410
403
414
407
404
412
408
73
402
415
412
6
140
406
417
48
92
53
10
410
397
411
407
409
408
414
403
392
414
406
407
404
35
81
27
397
120
409
411
50
101
413
399
410
404
64
400
406
397
407
408
411
411
398
405
405
407
132
410
407
408
409
403
407
404
406
403
413
417
417
405
405
410
0
410
406
410
405
409
408
409
35
417
398
386
399
411
31
405
408
398
61
401
395
406
404
403
67
371
400
399
407
406
404
405
398
403
22
405
408
401
399
29
403
402
406
68
406
405
406
391
399
404
407
12
407
414
399
393
401
407
402
403
404
399
394
1
398
401
400
399
408
368
96
399
403
388
397
387
400
404
387
400
403
392
404
411
403
399
26
399
396
396
400
399
401
66
398
403
123
402
400
401
399
399
401
385
402
62
405
404
399
77
392
400
403
376
399
391
400
400
388
400
397
100
81
72
400
113
398
399
12
397
406
397
397
391
389
394
390
393
124
382
48
396
391
400
392
391
50
398
397
401
400
385
97
396
396
77
398
403
387
393
395
387
402
393
406
396
393
405
389
396
395
398
377
397
387
400
394
1
122
395
388
395
387
395
393
390
392
394
384
394
389
395
400
396
391
30
14
393
388
390
9
397
383
393
391
395
394
387
386
381
392
59
402
54
383
58
397
365
390
402
398
381
395
384
13
386
92
395
401
389
389
383
387
390
391
385
112
381
389
389
390
391
388
383
398
385
397
393
387
28
383
391
383
384
379
392
396
386
388
81
390
387
85
14
391
391
381
388
383
11
387
384
395
390
388
93
382
69
389
384
53
18
391
385
388
387
387
389
378
378
380
385
386
11
382
47
375
384
385
385
381
50
4
0
386
370
382
384
379
386
36
391
66
390
391
386
388
391
387
386
32
390
386
101
1
388
88
382
387
363
385
385
383
377
389
378
383
386
385
391
381
385
383
392
384
106
395
379
389
85
385
388
379
378
378
23
101
380
382
385
381
385
381
32
380
68
383
381
382
375
383
384
381
381
383
386
66
381
54
379
385
389
385
383
382
374
377
389
375
378
379
392
384
380
381
373
383
106
374
376
42
386
383
383
387
379
381
378
367
377
385
381
381
377
380
384
377
384
378
360
379
389
370
382
93
382
371
382
362
58
384
388
380
384
28
385
385
375
376
375
381
380
374
371
41
373
378
65
376
384
375
374
375
376
378
381
378
379
378
375
367
56
373
376
97
3
375
379
384
382
374
360
372
377
373
383
377
374
375
379
96
376
371
384
378
378
6
372
376
372
377
376
377
19
371
371
373
365
379
19
374
380
375
378
371
9
384
384
12
369
374
370
375
100
18
31
375
384
89
365
378
369
373
374
375
368
106
373
370
375
90
368
372
373
42
56
372
377
381
364
371
369
375
373
371
366
367
373
361
373
375
374
64
373
372
349
372
370
370
372
372
370
372
370
376
372
38
370
98
373
372
374
371
69
366
363
370
369
361
373
375
48
371
376
371
369
21
361
356
363
374
378
368
367
363
375
366
365
364
361
367
362
372
354
354
34
377
368
42
359
370
369
366
373
369
48
368
370
357
366
372
361
368
327
363
364
358
367
367
45
366
366
366
357
369
361
376
376
368
361
356
365
367
362
17
363
363
364
88
30
360
368
355
52
367
367
363
362
366
368
374
357
363
73
362
367
366
349
369
366
361
336
348
354
90
368
42
361
367
363
359
367
367
360
358
373
358
363
353
347
366
364
348
360
345
365
357
362
358
362
358
363
365
360
359
346
357
364
351
363
364
330
361
350
355
359
360
360
362
363
362
359
358
359
38
357
360
366
353
18
359
363
361
358
360
349
352
360
358
23
10
355
364
8
360
34
363
350
329
353
84
367
353
358
365
365
360
73
359
342
358
361
356
359
368
354
354
363
361
25
361
357
363
363
355
355
365
58
360
360
355
77
359
362
354
366
344
361
357
353
366
359
357
351
353
337
11
356
355
19
356
56
358
342
353
351
352
358
360
356
353
358
356
359
357
352
352
354
358
67
351
355
355
355
354
354
359
49
356
352
348
46
353
350
77
350
355
349
352
353
356
350
363
352
353
354
349
63
352
341
354
349
347
351
4
354
357
355
347
354
353
355
48
353
353
353
52
354
347
351
356
351
340
342
355
357
351
350
352
354
362
349
353
355
356
353
357
353
357
344
349
354
351
347
356
352
344
339
352
352
351
354
349
355
350
5
357
356
352
347
350
349
346
354
351
349
351
352
352
345
351
346
4
353
353
341
349
356
348
348
346
348
341
350
349
353
348
352
355
349
351
353
344
346
354
353
350
338
34
349
343
343
341
343
347
351
348
355
333
347
353
356
346
42
345
340
343
344
346
347
347
340
348
351
329
342
8
349
344
341
347
346
346
37
335
348
348
8
347
345
344
341
348
346
353
15
345
345
348
348
29
354
354
347
349
348
50
345
345
339
339
341
343
3
344
331
347
346
338
348
344
348
341
342
345
337
341
344
340
18
342
341
344
347
344
340
349
327
332
343
349
345
339
340
341
338
337
339
338
338
348
30
339
339
352
341
342
338
343
343
335
345
339
346
338
349
337
59
46
329
330
340
12
340
338
345
337
337
344
346
342
337
337
336
343
343
332
340
346
337
345
343
39
339
340
29
342
338
341
339
340
343
335
338
335
341
328
341
340
333
5
8
333
340
341
335
337
338
343
340
334
332
336
14
66
328
26
28
344
329
21
328
338
346
345
342
344
336
326
339
342
325
346
344
334
340
331
334
334
334
345
336
337
333
49
333
337
30
329
35
343
334
337
335
327
335
338
332
335
330
334
337
333
337
344
335
334
335
16
336
337
333
330
334
336
333
336
26
333
327
342
336
332
336
335
321
332
333
60
330
32
6
338
333
343
330
330
336
343
336
330
340
326
332
334
331
11
338
329
336
327
335
332
31
339
340
332
327
336
330
334
332
20
331
335
328
331
334
334
331
328
333
327
331
333
338
336
332
335
326
331
334
331
4
341
66
327
335
324
331
332
336
333
329
327
325
321
32
329
21
336
333
332
331
332
337
328
328
329
316
327
328
323
330
331
340
329
326
326
335
332
328
323
339
329
331
329
334
330
322
42
333
331
332
332
333
323
325
328
23
324
329
327
328
326
330
332
331
328
326
328
332
320
336
322
324
331
329
327
328
329
327
334
326
321
8
327
332
325
327
326
331
49
318
326
320
322
331
328
326
319
327
330
321
330
325
327
18
331
324
326
325
321
330
316
326
331
328
324
324
309
322
326
326
325
323
322
323
316
319
329
325
321
330
325
324
323
30
2
327
321
325
321
321
321
323
327
323
332
320
319
318
325
323
322
318
326
324
324
321
331
320
327
321
319
327
326
324
324
320
325
324
328
317
22
318
315
325
325
315
307
313
315
321
323
317
325
321
325
2
322
324
318
321
325
325
323
323
317
323
311
321
318
322
319
324
16
327
319
17
323
322
325
321
318
310
21
322
317
321
316
320
320
319
320
321
325
319
319
320
315
317
320
323
320
324
326
325
318
314
321
317
34
318
328
319
311
321
321
316
321
313
29
321
318
317
319
316
319
317
318
10
318
323
318
319
316
313
315
318
316
321
324
327
316
323
311
313
320
319
320
312
320
42
323
321
322
321
27
317
319
320
313
317
317
317
320
320
12
313
314
317
317
316
308
315
318
323
16
313
310
314
324
317
324
320
306
314
316
315
321
318
318
324
319
31
312
310
307
319
300
315
313
311
320
316
314
316
313
323
314
308
309
315
302
316
309
31
314
310
316
314
317
314
310
312
314
295
313
313
317
316
312
309
13
305
313
299
315
314
313
316
314
302
305
306
307
307
310
314
3
312
307
321
310
309
315
312
314
314
314
308
316
318
310
315
312
314
320
304
309
314
313
303
311
314
310
312
306
34
311
311
306
309
311
315
307
309
307
312
309
307
313
20
305
307
308
160
315
308
311
312
305
310
308
313
306
309
314
311
305
308
313
317
310
312
314
316
309
310
311
41
314
313
312
312
309
306
309
304
305
317
307
303
8
307
310
317
307
303
309
311
307
302
303
309
311
305
311
309
304
304
307
300
304
306
305
304
308
306
310
300
302
312
308
304
307
308
310
301
301
310
308
298
302
311
313
305
308
296
308
307
309
300
304
301
307
309
289
302
307
308
305
294
306
32
306
305
301
291
303
303
302
306
303
308
301
28
308
306
306
1
308
307
300
307
301
307
314
314
304
307
309
265
303
299
301
305
304
304
303
305
301
301
298
308
303
306
308
304
300
311
295
303
313
306
307
305
305
305
293
307
300
310
3
304
294
304
301
305
308
303
304
305
305
302
296
303
301
304
25
300
302
302
302
303
33
304
298
308
307
300
303
298
309
306
306
303
298
302
300
298
299
12
300
26
305
296
4
308
301
301
298
300
300
298
303
301
298
9
297
309
304
301
289
301
309
300
296
308
299
303
301
300
301
288
300
301
301
307
296
303
297
300
299
305
301
297
305
306
298
276
295
295
303
305
302
16
304
300
292
299
301
302
302
301
281
303
296
303
302
298
301
302
301
301
304
305
304
299
296
300
295
301
298
299
301
303
304
293
305
290
295
295
25
294
300
306
296
300
253
292
294
294
298
298
298
299
295
296
302
300
294
297
301
291
301
302
297
290
294
299
299
298
10
302
17
297
295
297
300
297
296
301
300
303
295
24
298
301
300
292
301
294
296
296
300
290
298
299
294
298
297
298
304
294
291
295
295
301
289
298
294
289
292
296
295
287
290
294
297
297
300
8
9
290
297
296
292
287
291
296
293
292
294
299
288
294
290
295
293
296
301
294
289
7
278
293
289
296
296
292
296
294
297
293
290
295
289
286
289
285
295
297
297
294
291
288
294
290
294
289
293
290
289
290
290
286
291
289
291
299
289
290
294
288
291
289
286
287
295
285
289
283
296
293
287
24
291
291
293
290
296
294
292
299
289
298
5
288
290
290
293
291
0
287
286
294
288
292
279
292
292
276
287
291
289
290
8
288
286
287
290
288
293
281
290
291
291
287
292
293
291
288
297
289
285
286
292
295
288
290
297
288
296
291
279
288
290
286
282
291
290
292
286
293
267
283
290
291
285
287
289
290
290
281
286
11
284
291
287
292
288
282
285
290
288
282
287
289
282
284
292
288
290
290
280
281
289
284
286
281
282
286
286
286
9
284
286
287
284
287
285
288
289
288
271
5
288
287
288
282
293
272
283
286
282
286
293
283
284
285
283
285
276
285
290
283
289
271
287
286
285
287
288
286
285
282
280
277
290
285
277
281
280
279
282
285
281
281
276
291
287
291
284
279
285
286
13
283
290
288
278
278
278
280
282
282
281
283
285
287
277
281
287
282
283
290
282
283
282
278
281
276
281
8
270
279
280
283
284
282
279
282
280
281
276
282
289
283
280
277
282
278
286
280
285
280
271
14
284
278
287
278
281
273
286
286
280
237
280
245
284
280
275
276
264
281
274
276
284
272
274
285
280
283
282
278
274
281
277
282
277
281
279
283
281
279
280
280
272
280
279
286
280
285
280
282
279
267
282
276
275
282
278
280
267
279
269
281
281
274
275
278
276
281
279
276
279
282
277
276
277
274
267
274
280
274
270
276
278
272
277
276
279
280
269
272
281
280
274
147
278
275
280
284
271
273
281
274
281
280
275
275
277
278
276
274
279
283
280
278
280
281
277
255
278
9
269
274
283
275
271
271
277
277
274
268
279
275
271
274
274
277
277
275
279
270
274
282
275
274
279
276
276
283
278
273
277
274
278
279
281
278
280
0
270
272
4
269
274
282
277
274
277
274
277
4
274
278
273
271
270
266
266
275
273
271
275
279
277
271
270
266
267
270
276
278
262
274
270
273
271
270
275
281
271
268
270
271
273
277
273
273
276
276
272
275
279
275
273
241
280
276
271
275
273
279
265
276
256
271
271
275
260
271
276
273
261
269
274
267
275
264
275
264
279
272
271
270
273
270
277
270
274
274
267
271
269
256
258
274
274
272
271
267
273
267
270
274
272
268
261
269
271
274
269
270
271
274
267
267
271
259
268
277
266
277
273
261
265
262
253
268
254
273
269
265
272
269
271
275
266
267
270
276
268
258
268
272
270
264
267
267
272
267
274
262
272
266
268
270
263
261
272
260
268
259
273
275
264
273
256
269
271
262
267
270
275
262
267
259
268
267
270
260
251
259
261
270
265
268
268
264
268
273
266
0
258
261
254
266
274
265
273
257
267
264
265
266
271
268
266
268
268
271
262
273
268
272
