12685927
16590
16590
0
5373
2122
5648
184054
412
110372
18
25
15
98
3
17
1
2
3
1
1534
25
0
0
864
6
9
6
2
0
4
1
0
5
2
3
5
1
8
24
3
1
13
2
2
0
30
20
10
7
26
6
33
20
43
3
25
16
8
48
14
41
26
23
20
9
10
2
32
0
0
0
245
817
1153
2973
912
1846
1776
631
921
976
884
438
464
1445
623
956
702
683
1008
1105
666
532
401
613
1954
589
1163
1728
306233
357
680
750
1360
1675
1209
1258
944
242
371
1688
575
312
650
56106
252
11907
554
321
581
167
22958
704
743
508
447
35106
529
159
626
33918
815
24146
388
441
22222
127
267
1713
933
7479
19315
846
1259
469
257
44
17
153
376
427
403
84
615
17851
448
18460
4418
248
433
443
305
17307
17130
307
14417
42
597
0
5
2
732
0
0
16589
0
0
16589
384
10458
15729
491
285
438
15857
1035
359
347
370
2
6949
11382
14976
298
1368
14516
424
14266
21
14077
2300
582
767
315
269
12913
12813
619
2924
216
53
217
8940
217
297
11698
217
118
10871
828
11086
356
498
6655
4663
5235
680
96
10797
277
301
5133
457
10474
329
9858
10137
532
579
447
10198
686
403
365
354
361
2474
384
8945
9145
953
13
398
7380
319
642
6390
336
5795
8213
474
392
34
91
5745
269
78
316
395
529
83
297
7649
4109
71
1155
527
403
189
402
7100
7115
7083
3327
250
416
234
343
86
11
6829
212
424
391
6511
6352
84
307
6328
269
1272
152
682
116
6156
180
745
558
115
205
1807
45
312
5781
3153
601
1005
301
405
343
2651
6
5384
5307
325
450
65
152
2245
144
5153
323
2570
371
2450
211
465
4939
86
217
290
353
4746
236
4656
101
94
28
295
360
4086
208
4484
237
4483
176
59
471
4020
238
24
1093
196
4302
516
42
141
4303
4253
4220
24
232
4187
1527
0
177
47
0
206
509
226
3
2659
1719
93
3745
96
5
2863
1300
226
425
3354
483
2005
94
1
1343
190
346
3548
3258
3420
2544
1722
480
2557
231
325
290
239
3328
258
200
123
333
3251
1615
302
3213
252
3162
20
2781
51
3117
5
3097
1279
565
171
119
1050
192
700
438
3036
351
1278
968
3023
184
3025
2965
1788
912
257
2968
179
1549
298
611
2806
2797
84
2824
259
204
2779
86
329
2672
40
2719
2697
76
2695
5
2629
214
23
1744
2644
2492
2611
81
2613
2587
36
1422
90
52
92
2299
2545
2537
1260
1870
478
104
2492
409
463
291
2433
1231
46
25
190
173
2400
21
2372
191
951
1716
191
2313
1640
2258
31
2278
207
2009
2113
368
2182
2218
2207
427
169
1076
2106
36
292
18
1973
2149
249
98
2069
212
2106
231
1397
2072
76
190
2119
2094
2024
1951
446
196
1848
2008
530
2010
154
2012
278
171
1992
165
326
574
151
498
5
71
115
1986
1964
1820
237
173
1686
1929
28
16
1881
1653
249
1893
1847
109
1696
147
1850
1911
1869
25
1519
180
200
1792
256
1082
200
76
48
92
98
180
225
855
1758
408
85
72
1714
203
25
1652
197
27
1763
202
153
418
1565
222
1718
1757
716
1717
1709
1685
1125
1259
754
615
75
1688
213
1501
260
315
72
1591
1621
122
83
1605
176
130
1591
1602
1593
181
1618
232
820
168
1578
29
139
756
61
1353
161
93
82
1192
140
93
1519
81
1531
57
1488
1302
140
1480
108
56
197
1507
787
1501
89
93
236
353
233
119
238
1362
1452
950
183
1435
79
33
169
1393
1388
1179
137
462
1408
698
51
1318
1378
736
1361
73
1381
1334
1415
1303
1193
1363
880
133
36
595
1347
75
1308
57
994
101
1311
133
91
1296
9
1300
128
31
146
101
1166
523
141
93
948
736
5
1310
68
50
67
161
1293
1283
1209
1200
306
745
1241
118
169
449
69
146
1176
218
1223
17
1252
116
42
116
1175
84
9
10
292
1173
10
128
227
1171
16
1176
1194
1201
1161
1167
837
1178
245
657
110
58
179
282
268
104
1143
90
1126
795
1157
185
1119
1129
139
773
252
167
35
975
1060
175
80
1143
1116
95
12
87
274
15
59
147
4
935
199
33
1050
93
1063
65
1068
990
1090
857
1073
9
162
81
25
128
263
75
52
34
1031
1040
1035
302
689
1028
1006
1000
990
7
1013
1045
972
73
154
1006
994
5
163
128
44
131
741
964
208
9
49
989
134
561
987
120
133
34
29
65
970
950
955
381
18
10
958
387
439
47
166
485
0
216
940
922
926
17
92
89
39
939
192
169
890
907
920
914
23
927
948
925
897
27
55
40
93
909
198
320
868
165
110
103
890
907
67
704
894
15
127
860
861
47
31
896
50
37
878
176
158
71
104
864
871
861
22
175
870
58
97
843
6
835
26
852
859
98
4
817
98
77
63
560
844
35
191
818
33
817
846
858
823
810
143
288
120
214
834
134
71
27
820
830
834
477
82
836
45
66
5
40
821
796
378
67
102
118
793
781
1
732
539
86
793
799
157
46
776
65
20
421
156
762
117
109
761
806
69
768
102
774
736
13
166
759
212
5
191
772
746
58
751
753
764
56
190
29
770
162
751
722
753
441
16
0
750
697
66
68
719
53
743
12
116
725
42
746
123
0
137
751
151
712
79
47
27
16
58
712
721
737
12
737
31
717
95
227
148
53
132
42
95
48
667
586
63
696
719
58
703
728
56
701
715
1
695
694
45
686
107
705
21
154
81
690
700
68
676
3
43
684
30
66
681
654
667
52
681
668
654
290
35
73
93
38
697
128
20
664
677
640
134
539
0
71
135
672
453
108
619
628
638
24
664
673
164
651
644
151
217
644
636
21
642
57
644
60
76
26
134
42
107
615
45
618
26
391
614
117
9
613
51
514
614
623
134
321
138
40
4
632
509
56
627
621
48
596
626
36
592
129
605
548
624
537
85
104
148
610
31
9
596
295
607
21
504
132
42
592
13
602
592
581
166
568
584
12
65
87
596
565
601
591
30
594
567
583
583
26
189
23
590
583
585
220
572
608
578
34
471
581
591
151
59
27
429
575
568
22
92
393
570
70
560
555
21
592
11
553
69
118
69
8
115
70
558
555
108
70
65
565
519
553
538
224
521
562
46
48
447
435
49
10
60
519
545
546
529
30
536
102
77
535
469
527
407
498
524
80
251
155
83
531
526
52
97
371
528
529
32
95
32
532
217
562
25
495
267
156
54
517
144
497
108
513
139
499
508
521
84
508
527
502
516
116
73
24
516
58
20
78
491
92
500
44
505
47
486
1
220
512
37
504
512
121
43
506
24
3
25
204
20
209
192
164
499
39
494
62
73
506
87
499
477
230
462
489
490
514
488
1
19
56
338
504
494
478
482
13
253
468
476
57
462
58
64
473
61
16
441
80
479
119
459
52
459
107
474
473
33
123
467
462
284
468
69
375
67
451
480
411
387
459
462
155
6
468
447
479
461
428
28
258
54
261
52
477
147
445
35
55
5
55
100
24
5
75
424
445
430
473
473
113
391
464
456
464
22
37
450
34
64
28
304
444
13
21
457
195
433
197
450
444
64
9
113
12
88
436
161
161
0
435
58
205
416
412
187
64
431
441
116
429
78
420
77
446
414
57
448
273
2
68
405
93
437
432
20
436
56
79
100
10
406
122
411
3
417
423
146
422
435
430
62
346
425
145
119
40
340
176
0
235
49
407
32
0
1
9
179
414
107
420
358
405
104
374
413
28
62
128
417
45
365
74
22
111
144
42
128
54
410
27
73
404
206
156
49
382
370
66
8
302
4
294
422
389
149
14
404
420
66
11
391
408
374
384
390
63
401
149
373
32
13
94
386
397
196
42
100
393
39
168
381
60
4
85
384
371
5
90
392
16
392
58
371
62
259
395
17
384
369
38
367
91
39
384
371
378
148
373
63
374
385
0
64
129
132
26
375
363
320
8
355
56
375
363
146
367
372
47
13
15
213
142
379
206
39
57
338
13
368
363
0
366
364
36
372
343
25
246
5
358
352
375
368
285
45
31
340
16
63
345
362
369
12
33
25
360
116
69
130
33
266
0
347
341
353
83
340
351
38
51
335
357
364
340
221
353
339
356
354
135
359
351
339
325
168
236
340
167
96
351
46
332
82
69
341
338
23
348
86
2
354
336
264
51
65
338
328
158
31
329
37
11
57
118
48
264
200
342
342
48
333
324
237
331
323
323
17
327
10
49
17
21
96
75
81
350
353
329
322
328
83
339
31
348
34
341
190
349
81
325
26
338
145
335
335
93
321
76
51
4
313
323
332
315
331
112
96
69
311
317
309
331
170
325
327
16
71
295
4
299
140
304
337
49
97
67
5
9
70
306
62
167
57
39
308
51
308
296
3
319
299
79
306
50
36
317
321
293
321
299
49
311
318
303
304
308
66
70
17
21
266
315
68
85
111
207
6
315
25
60
166
300
7
11
284
38
277
274
298
274
324
311
5
92
301
57
73
303
21
39
34
302
292
20
126
294
1
6
13
184
116
8
298
293
75
11
138
291
144
298
296
17
20
287
289
11
275
38
308
62
281
263
78
62
285
34
271
19
291
283
264
289
289
245
239
57
170
275
14
285
299
299
286
60
286
265
280
278
296
48
280
44
287
280
285
287
278
86
27
286
280
45
286
279
129
108
263
273
287
151
280
48
281
271
78
274
285
280
283
278
61
275
277
190
27
44
46
268
65
24
276
270
280
273
281
250
270
272
48
49
280
154
273
264
161
264
0
35
159
260
43
104
259
269
31
31
249
262
70
17
90
268
280
250
116
24
199
270
263
263
259
268
14
270
6
271
74
48
265
27
270
253
259
58
239
257
256
4
258
3
8
252
12
68
267
265
271
255
240
34
253
250
247
265
267
79
30
49
230
2
251
239
238
260
253
4
242
15
56
67
24
246
22
35
57
127
43
276
250
233
256
36
250
48
105
253
248
40
246
257
34
254
48
1
244
45
111
0
254
250
179
252
210
239
256
248
249
250
64
80
4
37
7
38
10
14
157
218
45
9
235
249
248
242
201
241
216
251
42
246
245
252
247
70
166
119
235
235
235
157
240
252
6
16
96
247
240
253
38
49
55
106
253
101
235
236
16
248
24
238
65
40
229
75
244
9
241
249
225
20
253
232
101
237
54
145
229
240
234
241
242
14
19
110
236
245
39
48
80
127
43
13
24
234
20
76
52
236
236
38
175
167
225
231
60
230
233
64
18
229
80
20
101
128
71
2
66
230
75
210
218
48
244
220
0
169
64
229
134
100
20
202
240
224
51
222
220
227
224
231
71
221
73
232
35
227
165
226
107
236
68
60
31
228
16
29
217
30
235
180
4
207
27
218
230
88
225
218
232
124
29
226
232
178
65
20
222
15
33
37
220
203
229
210
228
227
230
52
26
60
217
210
57
225
173
63
48
208
209
20
210
212
16
224
52
22
217
206
210
22
210
223
220
209
221
57
73
214
181
64
2
19
219
214
8
222
103
51
8
225
222
219
208
213
79
210
216
46
11
217
219
216
68
26
211
207
12
33
206
220
218
21
26
165
33
217
201
210
213
13
42
214
220
93
213
57
204
196
196
226
212
207
205
179
200
207
153
193
211
193
9
63
78
210
66
29
176
62
54
18
200
128
209
212
1
216
199
202
219
213
105
10
38
70
47
17
207
200
178
73
182
168
200
204
51
204
0
191
22
201
209
212
204
27
8
133
198
175
189
60
177
120
198
27
198
195
62
7
24
189
195
195
211
63
6
197
51
4
130
27
195
200
208
190
82
188
192
194
197
183
18
44
194
201
205
201
194
194
148
189
0
201
80
30
51
6
187
186
186
188
182
184
194
5
17
202
194
34
203
190
155
5
150
194
51
177
18
2
199
127
34
195
184
57
9
186
1
187
185
160
193
187
186
99
191
196
138
0
197
40
14
64
1
183
15
181
188
182
179
192
192
190
51
74
20
184
52
79
51
175
181
117
197
17
196
200
189
183
76
190
177
169
25
13
67
186
194
39
75
181
33
167
170
2
191
8
161
190
191
190
68
183
21
23
181
83
145
170
163
24
70
183
193
190
152
47
182
190
188
182
171
47
143
174
3
64
181
187
183
186
60
18
34
177
184
186
183
172
46
177
184
193
174
80
69
30
174
165
1
178
169
182
177
120
182
107
185
35
182
162
59
99
180
176
41
100
36
179
180
30
174
39
178
168
174
191
177
177
43
174
172
175
66
168
105
166
37
59
164
172
67
174
0
165
177
171
34
182
20
176
173
161
172
164
159
58
170
188
169
30
171
89
177
167
173
66
41
85
154
42
148
174
175
171
36
169
171
172
168
16
61
168
41
134
23
172
14
169
182
167
175
176
22
22
86
166
5
163
167
173
154
164
177
175
160
56
174
57
78
35
21
167
171
174
0
158
175
58
33
168
6
172
175
168
89
166
172
163
163
170
166
59
177
167
19
155
165
160
173
161
168
59
155
137
165
161
157
21
166
155
47
25
156
164
158
159
164
163
74
55
126
188
168
160
111
168
2
151
172
51
161
157
163
171
163
168
170
27
156
149
25
167
42
158
171
30
157
62
154
162
141
158
17
25
160
168
152
163
146
157
47
40
164
150
156
3
159
137
74
158
163
9
155
47
152
42
87
161
160
167
148
127
157
158
4
26
142
155
45
159
31
3
22
14
146
135
158
163
31
1
4
147
152
64
152
65
158
33
160
157
156
157
158
82
21
45
39
145
27
7
17
10
164
163
3
121
140
36
158
91
155
13
38
68
57
152
154
153
13
77
103
62
149
125
171
152
160
8
31
142
153
149
151
107
163
147
138
148
152
133
145
138
118
155
34
25
24
12
23
145
154
36
147
69
1
162
149
157
153
151
131
147
52
154
145
37
161
29
150
146
150
155
83
145
145
148
145
144
25
7
27
165
151
156
14
144
90
153
152
147
125
141
150
45
143
149
130
37
27
7
159
11
142
154
4
110
147
14
90
102
142
144
140
91
150
128
144
7
141
156
48
38
19
160
36
128
12
130
143
145
0
156
95
139
151
40
31
142
145
1
87
75
13
148
152
136
141
136
157
145
139
145
144
140
125
135
139
141
146
155
50
133
34
116
61
138
22
133
10
19
34
139
57
146
145
135
140
129
143
27
135
43
55
127
131
135
134
140
135
48
136
43
139
107
134
138
144
140
150
131
141
6
21
51
20
118
20
140
125
134
141
140
145
140
43
33
19
155
134
45
115
132
1
143
131
136
146
134
53
136
137
145
141
67
49
16
12
30
136
130
31
26
14
102
140
138
131
120
138
139
135
104
45
135
130
40
143
26
134
135
110
125
138
136
42
22
135
131
135
13
141
103
12
139
75
136
19
42
132
144
21
74
117
129
140
119
126
23
36
139
69
49
133
34
136
136
132
56
144
134
133
89
133
133
65
59
43
142
131
136
23
82
131
13
68
111
140
46
129
132
120
143
4
137
119
128
53
38
33
140
43
129
104
108
55
133
124
65
115
131
74
123
54
38
14
61
135
138
0
134
6
21
21
45
133
105
3
63
128
129
135
128
47
120
134
132
38
124
25
3
102
132
128
131
20
127
126
108
128
135
131
50
131
27
130
128
122
92
125
130
120
102
125
124
39
8
59
88
24
128
54
118
24
32
38
109
43
116
131
131
129
131
134
42
127
125
38
135
136
122
123
130
127
28
61
38
122
36
120
41
113
24
27
39
128
122
132
112
22
37
32
118
48
103
30
90
94
97
31
36
70
119
120
128
126
121
108
10
130
10
125
127
35
74
119
128
124
114
69
126
88
14
51
69
9
100
28
140
11
119
133
86
117
119
134
125
83
36
123
0
15
120
14
109
38
113
118
119
113
85
115
49
124
130
113
74
51
2
44
118
101
128
39
7
21
23
114
107
130
122
121
118
27
120
11
47
9
101
90
114
117
107
117
117
30
121
127
131
3
121
78
81
122
128
29
26
11
108
56
10
123
78
121
111
124
126
117
109
11
56
115
118
116
119
120
118
124
22
20
121
11
83
130
112
124
122
117
119
33
4
89
8
133
100
107
111
114
118
44
97
129
119
61
111
110
120
119
115
113
121
118
128
56
116
32
111
75
18
123
117
120
122
117
16
66
112
30
123
118
119
116
121
119
115
7
55
119
61
61
21
118
115
38
111
123
109
120
106
104
118
109
106
93
49
125
126
110
69
63
115
123
118
116
112
115
114
113
115
23
117
117
20
71
63
113
116
116
22
115
114
117
118
105
30
33
55
110
15
110
14
53
111
118
112
122
41
40
115
115
106
27
27
113
114
115
110
12
108
39
114
6
126
119
110
53
38
9
59
110
103
98
107
110
124
85
27
43
116
116
122
111
46
23
22
57
99
113
103
65
119
84
6
106
115
106
23
29
95
44
108
47
101
107
111
110
114
111
94
114
116
51
4
33
40
115
112
5
92
106
23
103
114
40
107
39
102
108
50
42
82
104
118
109
109
10
116
19
45
93
114
69
36
69
29
100
7
47
15
111
14
101
118
38
119
103
109
105
103
106
115
85
23
115
30
58
115
31
12
107
102
105
5
47
17
22
90
106
105
106
33
108
109
112
23
59
11
96
31
27
103
93
92
115
7
114
99
108
99
13
18
105
44
36
57
109
91
114
97
94
114
100
110
103
111
86
93
107
96
96
55
112
44
107
81
79
101
18
21
115
100
51
34
105
25
101
100
104
101
112
0
30
101
95
10
9
103
67
102
104
27
33
80
100
89
98
100
113
109
95
98
16
104
112
101
16
10
61
105
107
39
100
102
100
22
97
46
101
92
110
100
99
97
34
55
112
100
36
0
31
21
16
17
74
101
106
8
19
91
93
102
99
69
34
98
24
31
3
7
105
108
102
99
96
98
18
103
103
100
93
101
109
55
19
31
108
15
15
11
50
103
101
99
101
103
20
97
93
0
100
109
97
79
108
95
9
98
97
79
73
5
19
101
92
63
106
103
106
108
11
76
10
80
101
93
95
94
104
97
46
3
4
8
111
96
12
31
98
93
17
101
85
25
106
98
96
92
94
96
103
8
103
30
91
51
102
57
94
32
97
90
94
94
81
93
39
88
104
15
90
34
53
74
94
106
95
97
25
99
88
6
100
113
102
89
89
93
97
52
92
49
27
46
27
90
93
8
2
92
41
65
3
11
87
32
6
99
96
98
100
93
10
92
93
93
99
16
13
64
4
98
94
91
91
97
93
92
41
84
105
98
102
95
44
34
60
92
0
16
14
0
88
98
99
96
20
98
96
95
99
80
96
97
102
97
58
91
95
106
18
92
95
25
37
92
100
94
91
97
96
88
91
98
35
78
47
28
96
94
92
32
68
98
30
87
82
89
92
93
16
95
97
94
4
49
79
45
92
104
34
80
89
87
8
87
84
99
99
93
9
1
96
64
90
86
95
94
2
42
102
65
30
86
30
95
85
101
75
88
0
91
87
85
14
91
94
16
89
44
3
89
70
35
98
91
95
86
42
87
7
88
55
91
93
98
100
94
91
65
88
82
86
92
74
95
100
87
80
84
30
19
91
31
26
91
9
86
87
85
96
81
92
89
14
95
16
93
87
94
92
91
92
87
95
90
29
33
16
87
9
93
98
68
11
87
83
28
78
83
88
88
89
93
87
93
18
92
89
75
68
92
35
17
4
89
96
91
35
89
91
79
92
85
90
90
85
91
11
89
47
89
4
87
95
87
87
56
84
18
50
102
87
90
17
2
85
92
86
44
85
82
93
80
88
60
46
86
86
11
87
81
86
84
79
92
91
90
87
90
88
20
18
49
85
39
34
16
78
20
81
84
80
85
70
81
89
84
89
87
85
37
85
32
92
68
50
86
89
40
86
80
85
93
15
87
86
81
82
80
81
81
83
63
19
28
36
40
87
82
60
18
87
86
70
84
67
84
86
81
83
69
76
87
84
87
72
5
83
90
85
95
82
45
87
93
86
85
23
70
95
77
38
80
6
27
84
22
44
32
5
71
6
84
85
88
60
88
82
82
81
85
86
34
85
85
86
3
5
49
21
11
83
72
7
70
0
24
87
68
82
81
15
71
37
91
82
76
79
86
77
82
48
81
89
87
77
88
73
78
20
84
9
5
87
42
3
81
86
82
29
79
80
86
3
54
76
85
9
91
13
78
70
74
35
75
79
11
81
79
80
79
82
85
79
9
81
7
43
80
84
80
24
17
1
63
82
86
30
17
81
86
82
31
84
81
80
1
75
84
84
84
83
78
26
77
39
87
81
85
85
72
3
84
30
76
84
81
78
71
81
79
80
85
82
74
81
84
78
90
82
65
85
0
75
59
56
86
79
82
3
85
86
18
26
81
48
81
89
76
42
86
76
88
79
72
82
77
77
86
86
82
76
71
77
78
76
82
80
88
84
84
56
84
86
22
0
76
15
76
14
9
47
30
42
82
81
74
76
30
75
40
83
71
65
41
18
78
75
84
75
77
84
71
74
39
80
72
83
78
70
75
4
84
77
80
74
80
78
73
90
11
75
82
82
79
82
86
46
74
48
78
72
76
85
80
83
76
72
85
52
52
0
27
70
72
67
72
69
84
76
59
84
76
18
22
80
0
77
78
56
78
80
43
71
75
75
75
83
74
80
86
13
27
20
36
80
73
73
81
27
79
35
81
18
65
36
77
16
81
65
58
76
22
76
82
74
82
14
78
75
76
33
39
77
47
7
71
79
81
73
78
80
25
88
49
73
75
70
41
77
79
64
77
83
75
66
20
75
78
79
78
22
21
70
74
35
75
25
74
77
77
71
28
76
13
75
77
71
67
40
74
75
70
74
77
43
4
67
73
27
68
36
73
79
29
31
16
68
24
0
80
8
69
76
67
77
72
77
68
74
73
19
76
40
23
21
71
76
17
74
71
69
74
30
71
73
73
72
63
72
56
39
70
76
75
71
70
70
73
75
69
77
56
24
1
71
21
73
69
80
33
73
76
69
69
14
70
29
63
73
64
70
25
29
20
66
76
49
71
71
68
74
67
73
72
1
77
70
71
70
4
68
67
73
70
72
75
44
47
64
37
63
71
72
27
66
43
20
11
62
71
75
5
19
75
19
71
74
75
67
70
66
1
75
69
9
72
66
72
68
76
70
73
79
69
46
76
0
71
29
45
65
57
72
2
46
73
17
72
17
33
74
35
82
84
58
68
74
42
29
74
52
28
74
73
7
65
62
74
68
76
66
69
68
66
61
71
22
28
66
15
35
30
19
31
19
68
73
71
69
7
40
45
2
57
74
72
69
9
73
24
26
18
10
81
68
26
71
23
72
27
28
71
72
63
63
66
37
74
71
43
70
70
70
75
68
12
74
73
67
68
30
64
73
1
54
64
25
63
58
63
33
67
68
29
82
73
70
71
73
71
61
71
64
26
62
72
60
69
67
73
73
31
45
47
72
14
37
5
20
9
67
76
61
58
22
68
15
47
24
55
60
66
47
38
64
64
69
68
64
67
4
61
75
68
69
71
62
63
2
9
64
65
64
24
20
31
66
70
65
73
4
23
73
67
66
24
69
69
68
74
71
69
65
73
19
68
61
68
67
2
60
68
66
63
67
62
67
73
69
66
11
62
47
70
8
68
62
25
23
67
66
63
68
16
59
59
66
22
31
61
67
30
70
13
71
63
57
23
67
60
66
61
11
66
41
17
8
38
24
70
12
25
68
63
41
12
21
66
57
67
61
62
62
3
11
32
55
81
63
19
59
43
73
17
70
64
65
65
62
64
67
68
67
68
65
67
70
60
65
27
28
57
32
69
63
17
66
57
59
60
65
59
58
49
63
60
47
61
68
59
70
78
19
64
62
56
22
65
70
75
58
74
60
66
62
1
20
62
69
70
66
64
68
66
65
63
71
63
54
65
65
7
56
61
62
4
37
13
57
68
61
56
11
0
66
26
11
73
1
7
65
65
72
13
15
64
51
61
63
13
68
62
70
62
70
71
6
62
66
3
71
64
63
51
62
66
61
5
30
62
10
65
56
64
40
65
29
60
59
66
1
63
61
60
62
27
70
72
64
65
63
34
65
70
65
67
19
61
61
36
61
21
66
61
37
22
55
65
11
51
21
74
65
58
59
64
63
41
10
14
64
64
60
16
65
65
66
57
61
62
18
60
66
59
69
49
54
64
33
67
61
61
12
60
57
66
61
6
62
46
8
64
6
66
36
61
64
19
51
36
17
53
39
3
61
63
1
38
61
62
68
59
63
56
70
64
59
60
66
66
61
61
19
52
64
53
46
63
61
58
57
66
59
60
59
63
57
64
59
56
41
63
59
39
61
16
26
58
16
54
60
66
57
55
63
66
60
61
62
68
58
31
69
70
62
61
55
65
59
48
27
19
8
55
17
14
17
68
61
52
65
63
62
53
58
54
64
58
23
55
59
63
57
54
66
59
64
32
59
7
59
17
62
59
59
65
63
52
52
56
72
55
55
51
60
30
63
54
5
60
8
3
64
61
33
57
58
60
57
59
60
11
11
14
53
19
60
53
60
56
60
66
55
58
51
18
61
60
64
57
57
55
58
55
57
27
64
31
55
55
52
10
29
59
59
63
41
10
37
60
54
59
62
62
62
53
53
58
55
58
22
60
59
33
65
62
6
52
39
61
51
53
33
62
58
64
60
31
22
58
58
53
64
65
52
63
57
56
59
45
58
57
10
38
38
56
56
57
61
59
33
25
1
49
13
61
51
55
59
33
16
52
57
15
57
40
59
60
20
51
55
60
49
53
8
58
61
55
57
54
57
57
14
35
34
57
55
34
13
37
32
59
59
56
57
54
54
54
51
51
62
60
5
61
55
58
64
50
50
12
67
61
60
51
52
61
49
57
53
57
64
58
58
55
58
52
56
51
59
61
59
56
54
52
54
28
38
53
57
37
30
51
56
52
29
58
58
63
53
14
58
54
62
59
57
54
54
24
17
56
4
60
56
29
17
56
41
52
56
55
61
58
56
54
55
50
11
57
41
52
53
60
55
58
50
52
55
52
32
14
54
5
56
60
41
58
55
57
58
55
62
54
54
47
51
59
8
55
53
52
5
51
58
57
54
42
42
51
47
57
58
32
49
58
55
54
59
54
57
56
51
61
50
0
49
57
63
54
56
52
51
53
4
18
53
53
51
55
57
55
65
51
56
58
17
54
24
23
49
7
56
32
41
52
46
48
55
53
56
16
50
55
52
59
58
47
60
59
49
56
55
53
53
59
52
55
52
2
14
30
56
55
53
55
48
56
54
52
54
51
51
48
50
57
13
23
38
28
52
10
55
49
33
56
50
47
59
52
51
14
53
19
48
55
50
53
48
62
13
0
54
54
57
58
53
14
57
45
50
55
57
53
7
27
53
49
13
58
23
40
8
49
56
55
54
55
46
25
56
24
56
54
6
51
59
51
51
22
15
50
49
53
54
37
52
29
50
53
55
9
53
54
54
57
52
49
55
51
56
48
9
51
53
59
35
53
50
51
27
54
47
26
52
2
50
49
57
8
55
47
52
55
52
59
54
53
29
54
53
59
49
40
57
22
1
30
50
49
53
52
48
52
50
37
49
47
14
52
41
54
54
10
43
53
50
52
48
51
49
59
47
14
55
50
57
44
53
53
51
47
60
58
19
20
47
34
49
48
54
12
50
45
38
53
48
7
31
56
51
49
60
33
52
53
58
10
53
47
53
31
59
46
23
56
41
52
30
51
49
54
51
47
54
54
54
45
53
43
49
56
47
50
52
56
53
32
24
16
53
53
50
30
58
57
42
9
54
46
51
11
52
49
51
45
52
12
50
52
48
35
56
0
56
47
50
42
50
46
48
52
46
54
48
24
45
2
46
53
40
53
43
54
19
51
57
45
47
47
51
41
38
42
47
51
51
51
57
16
15
22
22
21
50
45
33
13
53
44
54
29
21
49
26
48
48
48
5
44
53
46
31
4
51
51
54
53
54
56
54
49
10
34
47
20
48
43
51
53
53
53
50
48
56
19
47
48
21
41
52
51
59
28
45
51
55
7
35
48
53
54
33
48
50
46
41
50
4
38
52
34
51
29
10
52
0
19
51
51
48
7
48
45
29
45
23
48
54
50
46
47
47
52
48
39
49
49
46
44
54
35
52
51
50
0
51
49
15
3
7
48
46
45
48
52
49
47
46
46
4
40
48
6
48
28
36
46
29
48
47
46
32
23
52
54
53
52
40
48
45
47
23
23
54
43
21
43
51
51
51
49
48
43
51
51
50
1
23
47
48
52
43
50
52
43
45
50
42
47
48
52
47
49
45
18
19
14
46
43
46
54
13
47
51
42
35
45
32
36
45
45
47
10
44
38
43
40
41
45
49
44
43
44
48
17
23
45
45
46
6
44
44
50
47
46
53
50
47
38
51
55
50
47
47
49
41
45
8
53
47
20
21
33
11
43
53
46
46
44
47
45
46
50
23
42
50
14
25
43
44
52
36
46
46
45
42
47
4
9
44
46
10
46
49
40
1
47
7
51
47
51
51
45
45
49
22
51
47
43
48
34
51
46
41
50
7
45
51
47
47
49
45
47
50
45
46
53
47
43
9
48
43
46
40
42
44
46
46
19
41
41
34
49
48
43
11
13
5
48
51
47
5
45
49
43
23
44
44
40
49
35
23
47
43
51
50
11
26
47
0
47
48
43
41
46
41
46
49
10
42
33
29
46
48
24
39
46
43
44
41
41
46
48
43
36
42
47
43
42
56
51
44
43
46
43
47
48
46
23
33
15
8
37
42
46
42
39
43
49
48
21
45
48
36
10
42
44
50
45
19
48
42
47
24
21
47
45
33
46
31
0
51
50
47
43
42
48
44
22
43
32
39
49
31
43
42
34
47
49
45
44
48
44
49
49
36
45
44
44
45
46
47
46
41
38
40
39
8
43
44
44
43
44
39
43
44
41
27
15
44
48
21
48
9
37
47
23
47
42
18
48
12
10
1
20
13
19
42
44
44
41
46
39
42
46
36
29
42
16
21
44
36
39
42
45
45
14
40
43
44
47
6
41
16
42
42
49
45
44
46
46
42
41
43
21
22
43
46
35
19
20
37
39
43
38
41
40
41
42
43
48
45
43
32
41
43
49
19
0
11
43
18
17
40
49
42
23
43
42
39
45
39
50
50
15
45
43
49
25
41
45
47
36
37
44
40
43
39
9
39
22
44
40
43
41
42
40
45
42
40
42
46
16
0
50
43
42
45
44
45
43
14
45
46
43
44
13
45
46
42
40
42
41
29
42
46
44
6
15
24
45
16
40
14
34
42
47
42
42
23
47
48
40
27
0
45
23
44
46
51
17
43
24
34
45
41
30
37
43
46
44
45
41
15
45
45
40
20
44
43
30
40
51
42
43
47
18
37
43
41
43
24
44
40
45
43
45
32
42
40
41
19
41
41
41
42
36
47
36
38
24
41
37
41
39
38
24
43
37
42
42
46
40
40
37
42
13
40
14
21
39
42
43
42
39
5
40
44
18
43
16
39
42
16
45
10
48
44
44
41
44
45
39
35
39
44
21
34
44
42
42
38
24
47
40
44
47
42
32
37
38
45
46
39
43
43
44
42
43
33
41
44
41
37
27
43
44
41
44
40
42
42
35
43
46
20
39
15
36
38
38
36
34
42
40
40
42
46
39
34
39
19
44
15
23
36
20
9
42
43
37
39
44
40
41
38
39
15
38
46
40
39
42
36
42
41
45
43
43
38
33
47
1
28
41
43
14
17
42
42
37
42
25
42
41
45
38
36
38
46
42
44
41
43
44
40
41
34
34
36
38
37
39
44
39
39
39
37
28
36
37
37
34
38
33
39
39
42
40
37
39
34
42
42
39
44
13
43
40
22
46
43
39
46
38
10
17
42
0
39
36
39
15
40
40
11
37
41
10
42
36
2
41
33
30
41
39
4
42
37
39
6
36
21
40
43
38
39
40
40
41
40
29
40
39
42
43
43
40
12
38
43
1
34
40
38
38
34
33
34
40
37
38
41
41
45
36
39
41
38
38
37
43
42
37
40
36
41
41
33
37
40
40
41
25
21
41
14
36
39
21
38
42
37
37
36
37
41
34
37
42
3
39
35
34
39
38
35
40
14
11
35
46
41
37
35
38
40
22
44
37
24
36
36
43
39
41
43
37
45
39
44
10
37
42
39
39
32
36
35
40
31
32
40
36
39
39
39
39
41
38
38
35
37
40
11
34
39
45
36
39
36
40
38
36
22
34
21
19
22
40
15
41
34
39
41
33
12
36
43
41
9
35
37
8
20
36
33
20
39
37
38
39
33
39
41
41
40
35
37
36
39
39
35
38
39
19
12
36
30
40
37
39
38
38
44
38
37
31
39
40
16
39
38
32
38
38
39
39
39
40
41
31
17
36
12
37
38
11
39
22
36
20
35
37
35
38
34
35
39
37
45
38
9
37
0
41
34
40
35
40
13
24
38
0
13
41
36
14
37
41
35
7
8
40
39
29
35
41
36
38
39
36
31
44
35
10
33
38
15
34
37
37
36
35
41
36
39
40
33
34
40
38
35
35
36
37
35
35
44
11
36
36
34
33
34
42
33
37
39
33
38
34
18
38
19
7
39
42
12
1
19
13
33
36
38
34
39
41
37
39
35
41
31
33
38
37
40
36
37
37
34
31
41
35
17
34
40
34
36
34
36
35
36
35
42
33
33
42
36
40
43
36
35
35
39
32
35
34
37
2
38
40
36
37
8
36
16
38
33
35
38
0
42
33
40
36
37
35
37
38
34
32
39
33
35
40
32
40
31
38
37
34
14
36
38
35
37
18
41
30
34
14
16
34
24
37
37
40
36
36
37
36
33
37
35
36
38
34
32
37
27
41
34
30
22
39
32
37
6
38
32
38
36
34
36
37
13
36
13
14
37
13
31
32
16
35
34
35
33
32
30
33
18
37
38
6
35
28
36
30
31
28
9
35
21
32
15
33
36
40
36
37
35
42
37
37
32
38
39
33
35
32
35
36
36
35
40
30
36
30
14
32
16
8
2
37
15
32
34
32
31
38
32
37
36
36
30
18
12
39
35
36
37
38
37
31
12
30
36
12
35
35
38
32
29
32
37
34
33
37
33
16
35
35
37
30
33
35
37
38
36
31
30
32
32
39
33
31
36
36
34
36
30
27
37
39
32
39
32
37
35
36
35
36
38
34
36
37
37
34
15
35
35
37
31
35
27
40
37
31
33
38
21
32
25
3
29
34
13
4
33
31
32
37
33
33
33
34
34
33
35
36
30
29
32
30
38
35
30
33
32
20
16
32
34
10
10
39
33
39
33
30
31
33
31
35
7
35
35
36
37
31
11
34
34
38
37
36
29
35
39
34
36
33
35
10
35
34
22
38
35
31
34
31
37
38
29
12
32
27
34
34
34
13
34
36
32
34
34
34
39
34
33
33
36
35
36
34
33
17
33
38
39
33
23
28
38
36
40
37
34
35
6
35
30
18
40
29
20
34
29
34
26
33
33
35
34
34
33
36
32
32
32
32
36
34
9
37
32
32
34
38
8
35
7
33
30
21
32
31
30
31
34
27
26
34
36
33
39
37
34
40
36
34
31
37
34
37
9
34
34
35
31
35
13
34
35
36
33
36
28
34
32
31
34
33
33
31
30
25
39
31
37
32
33
34
34
31
30
33
31
32
31
28
36
31
40
28
35
32
34
31
27
27
37
33
34
36
30
36
34
34
26
36
30
36
30
34
36
29
35
32
30
29
36
28
28
6
32
26
29
37
32
33
32
18
34
34
32
26
28
32
35
34
23
32
31
35
25
30
33
28
26
30
32
34
33
30
29
31
30
6
38
34
30
31
34
33
31
16
26
10
32
33
29
31
28
33
26
32
33
34
31
31
36
35
30
27
31
32
30
32
32
35
30
29
33
35
34
40
32
32
33
34
32
36
40
26
33
29
28
31
28
31
33
31
38
30
3
25
27
33
37
37
26
35
30
11
30
27
34
32
28
28
31
32
37
27
30
29
32
31
29
29
36
33
13
30
5
21
37
15
29
30
33
15
30
29
29
35
33
37
31
26
15
32
32
8
32
30
30
31
29
14
34
33
13
35
28
33
30
28
33
30
35
29
31
32
29
31
31
34
31
36
37
37
31
32
28
37
34
34
29
29
32
39
35
31
36
35
34
30
29
32
34
32
34
32
20
32
31
32
9
31
33
0
31
29
11
28
34
27
31
30
32
30
30
36
29
23
31
32
25
27
27
35
31
34
32
25
26
33
26
31
31
32
31
1
25
10
31
11
32
31
32
32
25
32
30
29
30
30
31
30
31
9
31
27
14
29
31
28
29
10
33
13
32
32
32
30
35
29
29
34
29
32
38
31
29
30
32
32
29
35
34
27
29
38
28
26
28
31
34
30
28
33
35
31
27
10
22
1
30
29
33
29
29
33
5
33
28
35
15
32
30
0
31
26
29
28
15
10
30
34
33
26
11
29
33
26
4
32
6
29
33
29
26
25
21
34
30
28
35
32
33
31
26
31
22
33
15
30
27
28
22
28
8
33
24
28
9
28
9
27
10
18
26
33
32
30
31
16
30
30
20
32
31
32
23
34
35
11
29
32
26
28
27
30
31
32
29
29
25
22
31
31
27
31
31
34
28
28
29
28
28
29
26
23
34
27
31
29
34
34
30
34
31
30
30
28
29
27
31
30
30
32
26
31
26
31
30
33
31
31
29
29
28
31
32
28
12
30
28
28
26
31
25
25
26
28
32
31
30
29
28
27
34
26
6
12
27
28
28
26
30
27
29
29
30
30
28
30
5
29
32
25
29
27
2
2
27
10
25
31
29
31
26
31
29
34
29
8
29
31
25
31
25
33
23
34
30
29
25
32
31
29
32
28
26
26
26
29
32
31
28
10
28
24
30
30
30
30
30
32
23
28
33
28
30
29
15
30
22
30
28
28
22
34
33
29
27
33
29
33
25
28
34
28
32
30
32
26
32
28
29
27
35
4
30
31
7
23
31
29
26
29
32
30
27
30
26
30
28
29
25
26
25
25
26
29
27
26
34
10
28
31
27
24
26
28
29
27
30
23
28
31
27
26
32
26
23
29
21
32
16
26
25
28
31
28
22
29
25
32
31
30
27
1
29
27
29
27
34
27
29
27
28
23
31
30
11
27
32
29
27
5
30
24
28
26
31
28
28
34
32
31
19
25
22
30
29
28
31
30
29
28
30
26
28
31
23
29
30
24
25
29
30
29
12
33
26
34
25
28
30
28
28
28
27
23
24
28
26
29
29
22
18
31
26
29
26
26
27
29
30
25
6
28
26
26
4
27
29
30
20
25
26
30
28
27
23
33
30
26
24
28
23
27
29
32
0
27
23
30
6
32
30
29
25
28
28
27
28
27
28
28
23
25
28
26
25
30
30
28
24
29
32
28
33
32
28
21
4
10
29
26
27
29
27
31
28
24
27
24
30
32
26
30
26
29
29
26
27
27
5
3
29
22
23
28
28
20
32
29
28
15
28
28
33
28
31
31
23
14
31
21
30
27
16
31
30
30
28
23
29
30
32
24
30
28
32
29
29
32
25
26
29
29
22
28
28
23
12
30
34
23
25
28
28
25
22
22
23
25
26
26
28
29
24
28
25
28
32
27
28
31
27
27
24
27
26
26
21
31
25
29
29
28
25
26
30
27
25
28
23
26
27
10
22
27
13
27
25
26
24
30
25
30
22
30
27
27
25
29
26
0
8
8
25
27
30
25
26
30
27
29
28
27
30
26
21
27
23
31
32
22
27
24
32
24
26
20
24
24
27
23
29
24
30
19
32
23
23
25
6
24
25
29
26
23
26
30
31
27
29
30
26
26
30
22
25
23
29
21
27
26
23
29
23
25
29
28
29
28
24
29
25
29
30
28
27
27
28
24
26
28
31
21
27
30
25
23
28
7
26
6
28
22
9
19
7
24
20
27
29
28
28
27
22
28
25
30
31
29
28
30
25
6
23
26
20
3
24
30
20
30
25
26
30
30
1
23
21
22
28
28
32
27
26
12
25
28
1
25
25
26
23
9
29
27
29
10
26
27
25
25
26
24
30
25
27
24
27
30
25
25
25
26
25
26
27
26
27
19
27
27
28
25
25
29
25
31
26
24
28
23
29
25
10
29
25
29
28
2
25
23
27
29
21
25
30
28
26
28
28
25
27
27
25
23
23
25
28
18
23
24
25
22
26
23
28
24
29
27
28
7
29
23
25
24
22
28
24
23
23
23
6
23
23
26
26
26
12
25
24
27
23
29
26
25
26
5
21
24
25
24
27
26
25
24
24
25
23
26
30
25
24
24
21
26
28
25
22
24
21
28
31
24
23
23
19
27
26
18
24
25
16
27
24
23
27
29
24
23
26
5
22
26
21
26
3
25
27
25
26
23
24
27
24
24
24
20
2
24
25
29
24
25
9
26
25
29
29
25
20
20
29
17
23
23
23
30
24
23
25
27
24
22
25
25
20
25
23
28
20
26
26
26
19
25
24
26
27
28
29
24
25
18
28
22
26
24
26
24
24
23
24
24
25
29
23
29
28
25
25
26
21
24
29
22
30
22
27
25
25
25
26
19
26
22
25
25
23
22
17
27
27
31
26
25
28
19
29
26
26
26
26
23
26
25
28
28
23
30
24
22
20
25
30
23
17
22
29
25
24
25
20
21
25
27
25
19
28
22
22
25
22
27
21
25
24
23
22
25
20
19
26
21
25
23
25
23
25
29
23
24
23
22
24
25
19
23
25
8
18
25
24
25
23
26
21
21
23
25
26
21
25
26
26
25
21
21
28
22
25
24
29
27
24
26
24
24
29
19
27
24
28
27
26
23
21
26
24
25
25
22
24
25
26
28
25
24
20
22
24
25
27
25
20
24
22
26
25
22
25
21
22
23
26
27
24
23
25
24
22
26
22
29
26
25
30
18
23
23
23
25
23
22
24
22
7
23
27
27
26
22
20
25
30
24
24
27
30
23
26
26
23
24
27
26
24
25
28
27
24
23
28
25
21
27
24
24
24
27
29
25
24
21
26
24
24
25
20
25
7
24
21
18
24
18
24
22
22
21
27
21
22
21
20
22
27
23
22
23
20
27
23
19
24
24
25
25
16
27
22
23
21
23
23
27
26
21
21
21
23
26
24
25
22
24
18
24
25
20
20
23
26
22
25
24
22
17
27
24
8
23
26
18
25
22
29
18
21
26
19
26
26
4
6
24
20
27
27
25
24
26
26
24
25
4
20
24
27
7
21
24
20
22
21
22
22
22
19
25
24
25
24
28
2
23
22
25
22
21
22
24
24
24
17
23
25
26
27
23
24
4
24
27
21
25
17
24
27
27
24
26
25
19
29
17
25
22
27
18
13
23
24
23
24
23
24
26
24
24
26
23
23
23
25
25
1
21
27
26
21
21
23
26
16
22
23
23
8
23
22
20
21
21
26
25
28
22
6
25
22
23
28
22
24
24
24
19
23
20
21
27
22
24
22
22
22
17
25
23
25
25
22
25
23
24
23
23
23
21
21
18
24
25
25
19
18
18
23
26
20
25
22
25
23
17
22
25
23
27
25
24
21
16
23
24
24
5
22
19
22
25
23
18
25
22
18
23
21
22
18
19
24
24
21
20
23
23
25
19
19
27
20
24
21
15
23
20
26
23
21
24
25
20
23
25
24
24
23
20
24
25
22
20
26
27
22
23
23
20
22
20
27
27
21
23
22
24
21
25
23
24
18
23
24
20
25
16
25
16
23
26
28
20
27
22
17
26
21
20
22
21
23
23
24
25
22
22
23
21
22
23
22
24
20
23
22
24
25
22
21
23
18
21
23
21
22
18
22
25
17
22
24
25
23
24
24
20
24
25
0
23
26
26
22
22
24
6
24
23
3
26
22
22
22
18
18
17
24
24
24
15
21
4
27
20
3
20
22
23
21
24
20
26
23
26
23
24
19
22
22
15
20
21
25
21
17
21
21
22
23
18
22
22
20
24
17
20
22
18
22
23
24
23
18
18
22
22
25
21
21
21
26
23
20
20
21
24
22
21
19
17
18
20
16
19
20
21
19
23
23
24
25
22
16
24
20
21
21
21
25
19
23
21
22
22
22
20
22
23
20
21
21
25
25
19
15
21
18
25
18
18
20
25
18
22
23
26
15
21
19
21
17
25
23
21
20
21
21
18
24
21
22
21
25
22
19
19
19
23
21
25
22
21
24
19
20
25
23
22
21
21
24
21
22
15
11
23
21
22
19
23
23
22
20
24
24
20
21
23
19
18
1
21
19
22
24
23
22
22
23
19
20
18
20
21
18
2
22
22
25
18
18
23
20
22
18
20
19
22
22
25
17
19
22
17
20
23
19
20
22
25
23
18
23
20
24
20
17
14
22
19
21
21
24
21
21
20
21
17
22
21
21
16
20
21
24
22
19
18
24
25
23
16
18
23
22
17
2
21
19
0
22
24
22
21
23
19
23
22
18
20
23
20
15
21
23
17
21
17
21
18
23
21
22
21
2
23
15
24
21
23
24
23
24
24
22
19
17
21
24
23
21
22
23
20
18
22
21
19
24
21
19
18
20
23
23
22
24
23
14
21
24
15
23
20
21
19
18
20
20
22
20
22
23
22
23
20
22
19
22
17
23
21
21
20
17
23
19
20
18
22
23
24
20
19
22
22
21
16
24
20
20
18
22
20
24
24
21
19
20
22
23
24
21
21
20
22
19
26
14
21
20
17
21
23
20
18
20
24
21
24
25
18
19
21
21
22
23
21
19
19
24
20
18
23
19
18
21
17
21
19
21
20
21
17
21
19
18
22
20
22
19
18
21
17
18
21
19
15
19
24
20
16
23
23
21
22
21
5
20
22
20
20
20
18
23
22
21
15
21
22
20
21
18
20
22
24
22
24
20
22
18
15
22
18
21
20
22
18
20
23
22
22
22
18
19
22
18
21
22
24
20
20
20
21
22
23
20
20
20
22
20
14
25
22
19
21
22
22
19
16
17
15
17
21
22
22
19
22
22
23
16
19
25
21
21
11
19
20
18
22
21
19
23
23
19
21
21
18
18
19
18
18
21
21
18
21
19
19
22
17
20
18
23
23
19
19
25
23
21
20
25
21
22
18
22
20
21
20
18
19
20
21
22
21
13
17
21
17
19
21
18
18
18
22
22
20
10
20
17
19
21
22
18
23
22
21
19
23
20
19
20
20
22
16
20
23
22
20
15
22
20
17
20
21
19
16
15
18
17
23
18
19
22
23
21
20
18
19
20
17
2
21
21
21
19
20
20
2
20
19
18
20
17
19
20
1
15
19
21
19
18
21
24
16
21
21
22
17
20
17
19
15
23
21
17
15
17
16
21
18
17
18
19
21
22
18
19
19
21
18
20
18
19
13
21
18
22
17
18
21
22
20
11
19
15
18
20
18
23
18
21
22
22
20
17
21
16
22
18
20
21
17
21
23
20
21
20
22
20
23
15
23
19
20
19
17
19
19
19
17
16
21
2
19
20
19
21
1
18
20
19
24
20
18
21
21
22
22
24
17
20
17
23
18
18
17
17
16
21
17
19
21
16
21
22
20
20
17
21
22
18
19
14
21
19
19
17
18
23
1
18
21
20
20
22
17
18
20
20
14
20
18
20
17
21
20
19
18
20
22
20
20
22
19
13
14
19
22
18
19
22
17
21
20
18
20
17
19
18
23
13
22
18
19
22
20
22
24
21
20
19
18
19
15
21
15
21
18
18
19
22
19
20
21
19
21
20
18
18
19
22
21
19
18
21
18
23
20
20
20
21
20
21
22
19
19
21
19
19
18
19
16
20
20
0
19
18
20
19
19
23
19
18
21
19
21
16
17
21
21
18
21
18
15
13
16
18
16
22
15
18
19
20
16
16
14
16
18
18
17
18
18
21
15
22
20
19
20
15
17
21
19
21
22
0
19
21
19
19
20
18
18
18
21
23
22
16
21
17
19
19
20
19
14
17
19
14
16
18
16
17
18
19
13
15
20
21
20
18
12
21
17
20
18
20
20
23
21
22
20
16
19
18
18
22
17
18
19
18
22
22
15
18
20
18
19
19
21
21
20
16
21
19
17
20
18
19
18
22
14
20
21
19
22
18
20
20
21
18
19
21
2
19
17
21
19
17
13
23
18
20
18
19
21
19
16
19
20
22
18
18
16
16
19
19
19
22
19
20
18
21
19
16
13
19
17
21
19
20
22
18
17
19
22
19
20
19
18
21
20
18
17
21
20
18
22
20
21
19
20
18
17
14
21
22
21
20
23
17
18
20
19
21
17
19
19
23
18
20
18
19
22
15
20
17
17
19
17
23
18
20
18
19
20
17
20
18
18
17
18
18
20
21
20
17
16
19
19
19
17
21
20
17
22
19
18
18
18
16
14
18
17
19
14
15
14
18
19
18
17
15
16
19
18
15
18
21
17
19
17
14
17
21
17
20
16
1
17
19
16
16
19
22
18
20
20
19
16
1
18
20
18
13
20
18
14
19
20
19
18
17
17
21
17
19
19
17
17
18
18
15
13
14
19
20
18
16
12
18
21
16
19
15
17
16
18
18
18
17
16
21
17
17
17
17
19
17
17
19
19
21
19
20
18
17
20
12
14
18
18
16
16
19
18
16
16
12
16
19
21
18
18
15
18
20
19
19
15
17
18
20
15
17
17
19
18
17
18
15
17
18
20
17
20
18
15
18
19
15
20
16
20
17
15
21
15
20
13
19
20
18
18
19
14
17
18
13
17
18
20
16
17
20
19
22
20
12
21
15
21
15
18
18
14
15
20
21
17
22
18
17
20
17
18
20
18
17
17
18
15
19
19
20
16
18
17
14
19
20
17
14
18
18
17
18
19
17
1
17
19
16
17
22
20
21
18
17
17
16
13
19
17
18
11
18
20
15
17
15
16
15
19
19
18
15
17
18
18
20
15
20
19
20
19
15
19
16
17
17
13
17
18
19
18
12
16
17
18
15
14
16
15
14
16
17
16
19
16
18
19
19
8
19
17
19
17
15
13
16
20
19
19
16
19
17
0
11
16
14
16
19
14
21
15
14
19
9
19
19
13
17
19
16
20
16
17
19
15
16
15
15
15
17
20
18
16
18
15
17
20
21
17
16
14
13
21
21
16
19
17
19
14
18
18
12
14
21
16
18
21
17
15
19
18
17
18
20
16
16
19
13
20
18
17
20
11
15
20
19
18
19
18
14
15
17
14
14
19
15
16
15
18
17
18
18
21
21
16
17
15
15
18
17
18
16
20
17
19
20
20
16
15
18
15
19
16
17
18
14
18
18
16
18
14
13
20
16
18
15
14
21
15
17
17
20
19
19
18
15
15
16
18
12
16
1
18
16
18
15
17
18
19
17
14
17
18
20
15
18
17
15
18
17
15
16
21
20
17
19
16
15
18
16
17
16
17
17
16
16
15
16
19
16
15
18
20
19
17
17
15
18
15
17
17
18
19
15
20
19
16
12
12
16
18
19
16
17
18
14
18
18
17
17
17
19
17
16
18
19
15
16
16
20
16
16
15
13
18
20
19
16
17
17
17
19
19
18
12
14
14
19
15
16
20
16
18
11
16
16
19
13
14
17
16
15
13
18
16
18
12
18
16
15
16
15
19
14
15
19
14
20
17
18
16
13
16
15
12
17
14
16
15
19
14
15
15
18
17
15
17
17
18
16
14
17
14
16
13
18
15
18
17
13
15
17
14
18
18
16
15
18
17
14
15
15
19
18
17
17
14
16
14
14
18
17
18
17
16
18
16
14
13
17
14
20
17
13
16
19
17
18
16
18
14
12
19
15
15
17
18
16
18
19
17
16
16
17
16
17
16
17
20
13
16
16
18
17
14
18
15
17
17
19
17
12
15
18
14
18
17
14
18
16
20
15
16
16
16
17
17
16
11
14
16
15
17
17
17
17
14
18
15
14
13
14
15
19
18
16
13
14
18
16
15
14
18
18
16
17
15
13
16
18
14
19
17
16
18
16
14
14
20
19
17
15
17
16
18
17
17
16
18
16
13
17
15
18
17
14
16
16
13
14
17
17
18
15
16
13
15
19
18
17
15
17
15
16
17
17
20
17
16
15
17
12
18
15
18
12
16
19
15
16
20
19
14
17
15
17
16
16
18
17
16
18
15
18
16
16
17
16
14
15
14
18
14
15
17
16
19
16
17
17
17
20
15
17
17
14
18
15
17
14
16
17
19
16
18
12
15
19
16
18
14
13
15
19
19
14
18
0
0
0
0
0
0
0
0
0
0
0
0
0
0
0
0
0
0
0
0
0
0
0
0
0
0
0
0
0
0
0
0
0
0
0
0
0
0
0
0
0
0
0
0
0
0
0
0
0
0
0
0
0
0
0
0
0
0
0
0
0
0
0
0
0
0
0
0
0
0
0
0
0
0
0
0
0
0
0
0
0
0
0
0
0
0
0
0
0
0
0
0
0
0
0
0
0
0
0
0
0
0
0
0
0
0
0
0
0
0
0
0
0
0
0
0
0
0
0
0
0
0
0
0
0
0
0
0
0
0
0
0
0
0
0
0
0
0
0
0
0
0
0
0
0
0
0
0
0
0
0
0
0
0
0
0
0
0
0
0
0
0
0
0
0
0
0
0
0
0
0
0
0
0
0
0
0
0
0
0
0
0
0
0
0
0
0
0
0
0
0
0
0
0
0
0
0
0
0
0
0
0
0
0
0
0
0
0
0
0
0
0
0
0
0
0
0
0
0
0
0
0
0
0
0
0
0
0
0
0
0
0
0
0
0
0
0
0
0
0
0
0
0
0
0
0
0
0
0
0
0
0
0
0
0
0
0
0
0
0
0
0
0
0
0
0
0
0
0
0
0
0
0
0
0
0
0
0
0
0
0
0
0
0
0
0
0
0
0
0
0
0
0
0
0
0
0
0
0
0
0
0
0
0
0
0
0
0
0
0
0
0
0
0
0
0
0
0
0
0
0
0
0
0
0
0
0
0
0
0
0
0
0
0
0
0
0
0
0
0
0
0
0
0
0
0
0
0
0
0
0
0
0
0
0
0
0
0
0
0
0
0
0
0
0
0
0
0
0
0
0
0
0
0
0
0
0
0
0
0
0
0
0
0
0
0
0
0
0
0
0
0
0
0
0
0
0
0
0
0
0
0
0
0
0
0
0
0
0
0
0
0
0
0
0
0
0
0
0
0
0
0
0
0
0
0
0
0
0
0
0
0
0
0
0
0
0
0
0
0
0
0
0
0
0
0
0
0
0
0
0
0
0
0
0
0
0
0
0
0
0
0
0
0
0
0
0
0
0
0
0
0
0
0
0
0
0
0
0
0
0
0
0
0
0
0
0
0
0
0
0
0
0
0
0
0
0
0
0
0
0
0
0
0
0
0
0
0
0
0
0
0
0
0
0
0
0
0
0
0
0
0
0
0
0
0
0
0
0
0
0
0
0
0
0
0
0
0
0
0
0
0
0
0
0
0
0
0
0
0
0
0
0
0
0
0
0
0
0
0
0
0
0
0
0
0
0
0
0
0
0
0
0
0
0
0
0
0
0
0
0
0
0
0
0
0
0
0
0
0
0
0
0
0
0
0
0
0
0
0
0
0
0
0
0
0
0
0
0
0
0
0
0
0
0
0
0
0
0
0
0
0
0
0
0
0
0
0
0
0
0
0
0
0
0
0
0
0
0
0
0
0
0
0
0
0
0
0
0
0
0
0
0
0
0
0
0
0
0
0
0
0
0
0
0
0
0
0
0
0
0
0
0
0
0
0
0
0
0
0
0
0
0
0
0
0
0
0
0
0
0
0
0
0
0
0
0
0
0
0
0
0
0
0
0
0
0
0
0
0
0
0
0
0
0
0
0
0
0
0
0
0
0
0
0
0
0
0
0
0
0
0
0
0
0
0
0
0
0
0
0
0
0
0
0
0
0
0
0
0
0
0
0
0
0
0
0
0
0
0
0
0
0
0
0
0
0
0
0
0
0
0
0
0
0
0
0
0
0
0
0
0
0
0
0
0
0
0
0
0
0
0
0
0
0
0
0
0
0
0
0
0
0
0
0
0
0
0
0
0
0
0
0
0
0
0
0
0
0
0
0
0
0
0
0
0
0
0
0
0
0
0
0
0
0
0
0
0
0
0
0
0
0
0
0
0
0
0
0
0
0
0
0
0
0
0
0
0
0
0
0
0
0
0
0
0
0
0
0
0
0
0
0
0
0
0
0
0
0
0
0
0
0
0
0
0
0
0
0
0
0
0
0
0
0
0
0
0
0
0
0
0
0
0
0
0
0
0
0
0
0
0
0
0
0
0
0
0
0
0
0
0
0
0
0
0
0
0
0
0
0
0
0
0
0
0
0
0
0
0
0
0
0
0
0
0
0
0
0
0
0
0
0
0
0
0
0
0
0
0
0
0
0
0
0
0
0
0
0
0
0
0
0
0
0
0
0
0
0
0
0
0
0
0
0
0
0
0
0
0
0
0
0
0
0
0
0
0
0
0
0
0
0
0
0
0
0
0
0
0
0
0
0
0
0
0
0
0
0
0
0
0
0
0
0
0
0
0
0
0
0
0
0
0
0
0
0
0
0
0
0
0
0
0
0
0
0
0
0
0
0
0
0
0
0
0
0
0
0
0
0
0
0
0
0
0
0
0
0
0
0
0
0
0
0
0
0
0
0
0
0
0
0
0
0
0
0
0
0
0
0
0
0
0
0
0
0
0
0
0
0
0
0
0
0
0
0
0
0
0
0
0
0
0
0
0
0
0
0
0
0
0
0
0
0
0
0
0
0
0
0
0
0
0
0
0
0
0
0
0
0
0
0
0
0
0
0
0
0
0
0
0
0
0
0
0
0
0
0
0
0
0
0
0
0
0
0
0
0
0
0
0
0
0
0
0
0
0
0
0
0
0
0
0
0
0
0
0
0
0
0
0
0
0
0
0
0
0
0
0
0
0
0
0
0
0
0
0
0
0
0
0
0
0
0
0
0
0
0
0
0
0
0
0
0
0
0
0
0
0
0
0
0
0
0
0
0
0
0
0
0
0
0
0
0
0
0
0
0
0
0
0
0
0
0
0
0
0
0
0
0
0
0
0
0
0
0
0
0
0
0
0
0
0
0
0
0
0
0
0
0
0
0
0
0
0
0
0
0
0
0
0
0
0
0
0
0
0
0
0
0
0
0
0
0
0
0
0
0
0
0
0
0
0
0
0
0
0
0
0
0
0
0
0
0
0
0
0
0
0
0
0
0
0
0
0
0
0
0
0
0
0
0
0
0
0
0
0
0
0
0
0
0
0
0
0
0
0
0
0
0
0
0
0
0
0
0
0
0
0
0
0
0
0
0
0
0
0
0
0
0
0
0
0
0
0
0
0
0
0
0
0
0
0
0
0
0
0
0
0
0
0
0
0
0
0
0
0
0
0
0
0
0
0
0
0
0
0
0
0
0
0
0
0
0
0
0
0
0
0
0
0
0
0
0
0
0
0
0
0
0
0
0
0
0
0
0
0
0
0
0
0
0
0
0
0
0
0
0
0
0
0
0
0
0
0
0
0
0
0
0
0
0
0
0
0
0
0
0
0
0
0
0
0
0
0
0
0
0
0
0
0
0
0
0
0
0
0
0
0
0
0
0
0
0
0
0
0
0
0
0
0
0
0
0
0
0
0
0
0
0
0
0
0
0
0
0
0
0
0
0
0
0
0
0
0
0
0
0
0
0
0
0
0
0
0
0
0
0
0
0
0
0
0
0
0
0
0
0
0
0
0
0
0
0
0
0
0
0
0
0
0
0
0
0
0
0
0
0
0
0
0
0
0
0
0
0
0
0
0
0
0
0
0
0
0
0
0
0
0
0
0
0
0
0
0
0
0
0
0
0
0
0
0
0
0
0
0
0
0
0
0
0
0
0
0
0
0
0
0
0
0
0
0
0
0
0
0
0
0
0
0
0
0
0
0
0
0
0
0
0
0
0
0
0
0
0
0
0
0
0
0
0
0
0
0
0
0
0
0
0
0
0
0
0
0
0
0
0
0
0
0
0
0
0
0
0
0
0
0
0
0
0
0
0
0
0
0
0
0
0
0
0
0
0
0
0
0
0
0
0
0
0
0
0
0
0
0
0
0
0
0
0
0
0
0
0
0
0
0
0
0
0
0
0
0
0
0
0
0
0
0
0
0
0
0
0
0
0
0
0
0
0
0
0
0
0
0
0
0
0
0
0
0
0
0
0
0
0
0
0
0
0
0
0
0
0
0
0
0
0
0
0
0
0
0
0
0
0
0
0
0
0
0
0
0
0
0
0
0
0
0
0
0
0
0
0
0
0
0
0
0
0
0
0
0
0
0
0
0
0
0
0
0
0
0
0
0
0
0
0
0
0
0
0
0
0
0
0
0
0
0
0
0
0
0
0
0
0
0
0
0
0
0
0
0
0
0
0
0
0
0
0
0
0
0
0
0
0
0
0
0
0
0
0
0
0
0
0
0
0
0
0
0
0
0
0
0
0
0
0
0
0
0
0
0
0
0
0
0
0
0
0
0
0
0
0
0
0
0
0
0
0
0
0
0
0
0
0
0
0
0
0
0
0
0
0
0
0
0
0
0
0
0
0
0
0
0
0
0
0
0
0
0
0
0
0
0
0
0
0
0
0
0
0
0
0
0
0
0
0
0
0
0
0
0
0
0
0
0
0
0
0
0
0
0
0
0
0
0
0
0
0
0
0
0
0
0
0
0
0
0
0
0
0
0
0
0
0
0
0
0
0
0
0
0
0
0
0
0
0
0
0
0
0
0
0
0
0
0
0
0
0
0
0
0
0
0
0
0
0
0
0
0
0
0
0
0
0
0
0
0
0
0
0
0
0
0
0
0
0
0
0
0
0
0
0
0
0
0
0
0
0
0
0
0
0
0
0
0
0
0
0
0
0
0
0
0
0
0
0
0
0
0
0
0
0
0
0
0
0
0
0
0
0
0
0
0
0
0
0
0
0
0
0
0
0
0
0
0
0
0
0
0
0
0
0
0
0
0
0
0
0
0
0
0
0
0
0
0
0
0
0
0
0
0
0
0
0
0
0
0
0
0
0
0
0
0
0
0
0
0
0
0
0
0
0
0
0
0
0
0
0
0
0
0
0
0
0
0
0
0
0
0
0
0
0
0
0
0
0
0
0
0
0
0
0
0
0
0
0
0
0
0
0
0
0
0
0
0
0
0
0
0
0
0
0
0
0
0
0
0
0
0
0
0
0
0
0
0
0
0
0
0
0
0
0
0
0
0
0
0
0
0
0
0
0
0
0
0
0
0
0
0
0
0
0
0
0
0
0
0
0
0
0
0
0
0
0
0
0
0
0
0
0
0
0
0
0
0
0
0
0
0
0
0
0
0
0
0
0
0
0
0
0
0
0
0
0
0
0
0
0
0
0
0
0
0
0
0
0
0
0
0
0
0
0
0
0
0
0
0
0
0
0
0
0
0
0
0
0
0
0
0
0
0
0
0
0
0
0
0
0
0
0
0
0
0
0
0
0
0
0
0
0
0
0
0
0
0
0
0
0
0
0
0
0
0
0
0
0
0
0
0
0
0
0
0
0
0
0
0
0
0
0
0
0
0
0
0
0
0
0
0
0
0
0
0
0
0
0
0
0
0
0
0
0
0
0
0
0
0
0
0
0
0
0
0
0
0
0
0
0
0
0
0
0
0
0
0
0
0
0
0
0
0
0
0
0
0
0
0
0
0
0
0
0
0
0
0
0
0
0
0
0
0
0
0
0
0
0
0
0
0
0
0
0
0
0
0
0
0
0
0
0
0
0
0
0
0
0
0
0
0
0
0
0
0
0
0
0
0
0
0
0
0
0
0
0
0
0
0
0
0
0
0
0
0
0
0
0
0
0
0
0
0
0
0
0
0
0
0
0
0
0
0
0
0
0
0
0
0
0
0
0
0
0
0
0
0
0
0
0
0
0
0
0
0
0
0
0
0
0
0
0
0
0
0
0
0
0
0
0
0
0
0
0
0
0
0
0
0
0
0
0
0
0
0
0
0
0
0
0
0
0
0
0
0
0
0
0
0
0
0
0
0
0
0
0
0
0
0
0
0
0
0
0
0
0
0
0
0
0
0
0
0
0
0
0
0
0
0
0
0
0
0
0
0
0
0
0
0
0
0
0
0
0
0
0
0
0
0
0
0
0
0
0
0
0
0
0
0
0
0
0
0
0
0
0
0
0
0
0
0
0
0
0
0
0
0
0
0
0
0
0
0
0
0
0
0
0
0
0
0
0
0
0
0
0
0
0
0
0
0
0
0
0
0
0
0
0
0
0
0
0
0
0
0
0
0
0
0
0
0
0
0
0
0
0
0
0
0
0
0
0
0
0
0
0
0
0
0
0
0
0
0
0
0
0
0
0
0
0
0
0
0
0
0
0
0
0
0
0
0
0
0
0
0
0
0
0
0
0
0
0
0
0
0
0
0
0
0
0
0
0
0
0
0
0
0
0
0
0
0
0
0
0
0
0
0
0
0
0
0
0
0
0
0
0
0
0
0
0
0
0
0
0
0
0
0
0
0
0
0
0
0
0
0
0
0
0
0
0
0
0
0
0
0
0
0
0
0
0
0
0
0
0
0
0
0
0
0
0
0
0
0
0
0
0
0
0
0
0
0
0
0
0
0
0
0
0
0
0
0
0
0
0
0
0
0
0
0
0
0
0
0
0
0
0
0
0
0
0
0
0
0
0
0
0
0
0
0
0
0
0
0
0
0
0
0
0
0
0
0
0
0
0
0
0
0
0
0
0
0
0
0
0
0
0
0
0
0
0
0
0
0
0
0
0
0
0
0
0
0
0
0
0
0
0
0
0
0
0
0
0
0
0
0
0
0
0
0
0
0
0
0
0
0
0
0
0
0
0
0
0
0
0
0
0
0
0
0
0
0
0
0
0
0
0
0
0
0
0
0
0
0
0
0
0
0
0
0
0
0
0
0
0
0
0
0
0
0
0
0
0
0
0
0
0
0
0
0
0
0
0
0
0
0
0
0
0
0
0
0
0
0
0
0
0
0
0
0
0
0
0
0
0
0
0
0
0
0
0
0
0
0
0
0
0
0
0
0
0
0
0
0
0
0
0
0
0
0
0
0
0
0
0
0
0
0
0
0
0
0
0
0
0
0
0
0
0
0
0
0
0
0
0
0
0
0
0
0
0
0
0
0
0
0
0
0
0
0
0
0
0
0
0
0
0
0
0
0
0
0
0
0
0
0
0
0
0
0
0
0
0
0
0
0
0
0
0
0
0
0
0
0
0
0
0
0
0
0
0
0
0
0
0
0
0
0
0
0
0
0
0
0
0
0
0
0
0
0
0
0
0
0
0
0
0
0
0
0
0
0
0
0
0
0
0
0
0
0
0
0
0
0
0
0
0
0
0
0
0
0
0
0
0
0
0
0
0
0
0
0
0
0
0
0
0
0
0
0
0
0
0
0
0
0
0
0
0
0
0
0
0
0
0
0
0
0
0
0
0
0
0
0
0
0
0
0
0
0
0
0
0
0
0
0
0
0
0
0
0
0
0
0
0
0
0
0
0
0
0
0
0
0
0
0
0
0
0
0
0
0
0
0
0
0
0
0
0
0
0
0
0
0
0
0
0
0
0
0
0
0
0
0
0
0
0
0
0
0
0
0
0
0
0
0
0
0
0
0
0
0
0
0
0
0
0
0
0
0
0
0
0
0
0
0
0
0
0
0
0
0
0
0
0
0
0
0
0
0
0
0
0
0
0
0
0
0
0
0
0
0
0
0
0
0
0
0
0
0
0
0
0
0
0
0
0
0
0
0
0
0
0
0
0
0
0
0
0
0
0
0
0
0
0
0
0
0
0
0
0
0
0
0
0
0
0
0
0
0
0
0
0
0
0
0
0
0
0
0
0
0
0
0
0
0
0
0
0
0
0
0
0
0
0
0
0
0
0
0
0
0
0
0
0
0
0
0
0
0
0
0
0
0
0
0
0
0
0
0
0
0
0
0
0
0
0
0
0
0
0
0
0
0
0
0
0
0
0
0
0
0
0
0
0
0
0
0
0
0
0
