51911295
35931
35931
0
48
26375
2599
4
1
727
32
32
2
2
296448
29614
6757
36
61
100
32
480
21
23
11
6
11
12
1922
266
125
88
2979
21
2
2
4
2
0
1
1
2
0
3
8
1
0
0
3
0
11
125
37
23
22
13
33
1
8
0
24
0
6
19
32
6
13
7
7
21
19
23
7
7
13
2
15
87
717
8
319
376
371
567
210
72
15
651
22
118
455
1
1201
318
551
118
569
160
665
137
0
807
72
642
51
198
412
287
280
175
1141
1036
403
698
196
936
518
778
2701
659
403
55
953
637
63
169
296
384
250
213
36
268
144
177
724
66
215
466224
725540
14
0
0
0
333
1796
230
276
474
393
281
97
21190
279310
157
1084
5413
61577
227
129695
1964
1143
314
91000
332
289
153
57
154570
154
147295
318
44730
127031
319
370
85523
1670
1902
7988
113980
202
1674
114231
5679
110889
257
95236
99117
149
165
85153
18
151
344
72884
1324
7287
276
949
758
2445
168
78863
49683
171
98
134
74116
70085
535
62728
235
45120
18
83
27
721
66126
3397
590
6032
182
57491
61173
807
217
51095
45537
63
336
0
4903
90
362
284
545
379
51187
25
2501
28196
47934
41
111
156
21
74
86
113
350
547
879
143
42944
42456
42521
39043
459
117
52
239
39245
193
10673
39064
27845
6
3072
62
4
36647
1
27613
34680
34782
34468
102
34051
1298
58
32770
8
29886
1759
184
279
108
67
300
53
56
180
56
200
168
744
29156
346
483
189
27723
4
61
27648
93
107
25801
26611
25557
18028
175
75
206
12354
24445
98
37
65
23033
5
709
175
21712
218
7241
3
21719
205
114
20907
20373
8919
19413
12683
20074
10281
51
19772
4
129
4
42
170
19
5553
26
116
18937
73
18876
0
147
18248
122
15280
192
2029
23
1
10
511
17389
15040
85
112
103
17151
53
16614
601
16989
16972
16510
3455
2
165
15601
16106
42
65
441
165
2218
15746
215
15687
115
133
172
15424
15308
15498
144
730
9614
146
15120
14885
14969
130
67
248
9
272
39
14451
13863
0
14291
1460
14273
14225
18
152
157
170
7
61
13302
206
25
6439
7240
75
641
17
12723
12738
12645
12690
11
840
12529
12464
153
12345
1599
12073
149
1313
51
26
85
41
120
36
23
280
0
81
443
11489
11302
11339
11317
89
0
10550
11043
2277
94
10855
8
10746
2699
10734
10516
10601
5302
249
9995
431
92
18
10244
28
132
222
10109
9981
39
10041
9899
1
3
133
391
9773
205
50
4318
9684
9648
2955
23
9284
45
23
9412
8645
9384
9415
56
9272
33
9313
9172
1245
460
452
47
92
7741
8
41
7776
8784
80
17
83
3006
8631
177
6902
8600
8659
34
6152
28
23
8501
8470
8304
3453
93
71
8375
451
43
108
5865
2
90
7348
12
0
8099
8040
8007
91
0
4415
3732
81
130
645
2873
7880
57
7
27
333
7795
33
26
85
4
7503
7510
6593
135
581
3165
0
3531
6556
7231
7268
128
5318
435
70
225
503
162
126
13
1332
5772
164
126
38
6911
6631
0
7
66
6566
33
21
6767
201
2
6708
6585
6646
6520
22
135
77
6455
2067
3526
24
67
21
6009
38
4554
19
78
162
44
16
6256
6206
2903
6218
236
6261
0
6216
0
1
5470
5803
220
290
6133
6077
90
6063
6062
5983
2046
2456
529
15
6000
0
570
4484
65
5839
927
5861
47
5803
5778
5766
314
33
5739
5777
5750
6
5764
5723
217
5663
891
280
518
5654
2485
5602
5715
451
5647
5648
72
85
67
57
98
5484
5
5139
5489
231
5444
2911
5291
727
5401
3220
72
324
0
156
5255
4533
48
175
4011
165
105
1240
25
306
26
5060
5158
5128
5069
3222
5102
212
5085
20
4556
11
4573
4932
183
84
442
2827
2423
1
13
4841
4796
46
2224
29
3379
12
51
1233
4732
10
9
29
429
4641
4646
37
4610
19
2
3062
4599
0
4565
0
1324
17
4516
0
0
19
1666
47
4470
4477
73
4482
2611
4272
4445
286
4378
4032
4245
4305
3938
200
4383
4325
4095
4289
2575
12
57
0
4231
4152
124
3
4202
3776
41
25
4149
170
39
332
4120
2369
4110
4130
4083
4078
11
90
978
3923
64
3995
3955
169
3973
699
16
155
3944
3882
1659
34
3900
132
3
4
3885
284
3588
3874
810
80
3763
29
2867
3582
5
3783
3713
75
3676
85
8
2870
3689
41
0
163
6
3
9
2694
1959
3578
53
3566
3585
3
50
8
89
3527
3502
28
17
115
29
97
3494
437
3490
3476
8
23
141
3431
44
61
3161
233
0
3329
86
3
3401
0
3419
3353
3295
201
16
3331
35
86
134
3281
8
2415
2970
3286
272
152
11
2596
13
3251
0
20
783
70
16
15
10
3162
0
3219
25
84
3153
3157
3183
2575
60
2391
32
3132
1947
2938
1
34
3101
98
3121
48
2859
3133
1023
101
0
4
3053
57
108
2456
2713
29
124
2908
2967
3012
2978
16
2991
23
3021
2980
2741
2984
28
3003
2477
2955
25
8
1838
37
2998
2971
20
2922
2948
2926
2916
154
4
2900
80
18
22
35
4
115
37
2859
2772
2876
2859
2756
2795
0
2791
2795
2780
119
1026
2810
394
262
256
2754
2763
1738
1015
2774
2741
2737
2777
15
63
125
2690
41
73
7
2749
78
0
157
0
2669
2654
652
2670
0
0
2585
2607
2635
0
0
2664
19
2610
2564
3
166
2583
2609
56
30
2547
2490
93
78
2526
175
799
33
1612
2508
2541
2
2504
559
2521
92
2472
2478
74
927
2506
37
30
131
2324
2462
2381
0
22
60
2400
10
2432
10
35
601
1540
0
2426
2417
2432
1600
67
2437
2081
2439
2414
2093
2425
2378
2378
2404
1146
345
2373
1392
59
2371
2384
2356
2241
108
21
6
1702
2336
2359
2307
58
2377
2321
2308
2334
879
1735
51
52
104
2265
20
0
2209
2284
2286
9
630
348
2195
25
2214
2207
13
2034
43
2230
2217
1219
1
2195
130
1947
2176
2086
2197
17
2107
53
21
68
2134
0
2155
2150
377
130
1
2126
77
34
25
2033
2108
135
2067
2128
2083
2091
5
81
2109
1388
1243
709
9
2070
5
0
27
2059
2086
53
342
53
1729
2049
487
2039
2061
2000
0
9
2046
2008
36
3
1927
98
10
30
1989
1987
32
1973
1988
1943
1985
1983
73
0
1955
11
1957
0
607
243
184
1929
1952
494
53
1939
6
30
23
0
1109
1857
111
21
1842
538
55
59
0
1836
37
37
1871
0
0
0
1848
12
17
9
934
195
0
356
1815
36
1
1823
1804
1824
0
1806
578
45
1787
0
25
0
16
12
73
28
988
52
0
1790
1630
1823
268
1735
1767
1556
1723
200
1759
1765
5
1730
1727
1755
1551
25
41
1779
41
1717
0
1722
1869
36
241
59
90
411
1088
1708
1546
1713
0
1703
88
1119
1690
1674
1688
11
0
1658
1680
180
1680
6
0
1699
1617
1611
1495
44
1679
591
22
0
3
1667
955
1664
1435
1641
1307
2
1627
1649
20
1631
2
1556
110
20
1648
1584
0
159
835
150
1614
13
1584
0
1535
16
1619
1595
79
21
1592
170
1650
852
51
0
1585
1503
1606
1577
1374
10
514
0
721
1568
1571
27
0
90
0
0
1565
1560
1539
1537
22
463
1502
0
31
30
23
1496
1556
1528
1543
0
52
1486
102
1530
774
232
1510
1492
18
1509
32
191
45
1484
1469
1476
1534
1524
29
1510
77
12
753
1484
34
1456
564
410
4
1453
148
0
62
412
1
1405
1456
30
145
1440
13
1464
1433
81
1424
1443
60
1422
1431
1431
2
0
55
11
1441
1
1323
1426
1424
11
342
1525
535
1404
15
39
228
136
1395
81
42
1401
325
0
14
283
882
4
19
64
34
13
1360
1325
1366
32
0
1374
0
1392
839
1
155
1298
1375
1377
4
1359
16
1312
24
48
270
1372
1361
1325
1342
1347
4
1231
1341
1333
106
12
1229
1375
128
22
1345
57
1354
1331
1341
5
54
1295
1329
0
21
1321
0
1328
17
6
10
286
4
1294
3
47
1299
0
0
1305
1297
1295
1320
1299
13
1309
7
1294
90
629
5
113
1256
9
1245
208
46
1277
1261
15
400
1291
1287
1338
1274
4
9
16
1272
136
186
43
0
1067
767
33
1211
1161
18
1240
12
1249
17
33
1228
1246
2
1209
1231
1227
1232
36
1236
1236
1216
502
0
1214
1258
1199
1229
1222
1247
1236
8
1249
1219
15
1143
24
1238
1189
43
30
1217
0
1220
1219
69
1197
1252
237
43
12
1194
1179
1217
128
1189
1182
1214
12
1198
365
76
101
18
12
1188
1175
0
1191
1142
906
36
1018
20
1136
1188
15
1168
1087
1
1167
1175
1174
7
93
5
1162
18
1168
1172
12
1
97
1158
1105
0
1150
115
15
1144
15
1152
128
1166
0
1105
1127
1139
61
1091
1170
0
1108
38
5
150
1112
1131
958
1161
1007
1107
1116
1051
7
1105
1105
1138
1118
43
996
1135
61
14
1121
1122
948
73
1091
0
1012
133
1098
1103
1030
13
0
1048
1080
1089
0
1064
1090
1050
7
1079
968
0
553
1099
1100
18
1106
22
15
913
1093
47
217
93
32
1073
0
11
1067
1066
1049
312
80
1051
1052
310
74
3
54
1029
1055
1028
14
773
51
11
38
5
17
1032
892
17
1061
1030
1034
768
1023
1055
627
0
1003
1022
1039
1001
8
14
16
20
0
1022
1024
11
1009
37
1020
9
74
3
0
999
51
988
346
966
20
1005
95
983
0
997
8
974
994
891
966
0
29
996
966
960
0
975
22
2
954
958
114
952
234
0
994
32
969
482
969
6
0
973
20
146
116
19
969
952
0
127
805
933
16
0
939
956
55
930
39
621
0
942
900
0
942
941
935
943
242
918
31
922
76
4
17
1
175
955
916
837
912
87
89
141
887
4
920
930
917
25
940
909
607
187
141
906
907
39
0
0
911
20
726
893
903
898
900
898
0
69
916
17
879
884
891
192
906
89
747
576
7
6
54
762
8
874
53
482
803
864
60
893
113
645
894
845
26
499
849
870
903
4
0
472
25
881
893
0
0
865
870
15
541
61
838
590
881
861
0
44
879
809
866
851
873
594
866
675
208
838
859
855
871
24
29
853
816
45
862
52
20
845
201
864
17
849
23
822
868
802
847
827
833
68
834
631
830
617
30
810
783
825
818
45
64
10
677
39
824
826
813
22
13
811
802
6
821
19
54
809
0
822
820
38
44
746
0
810
1
792
38
89
315
807
791
49
814
0
801
807
802
794
800
26
788
808
63
798
821
774
785
29
96
758
792
783
772
1
11
789
712
0
1
46
31
788
770
28
360
781
51
29
798
385
773
1
778
752
766
19
743
763
1
10
794
754
761
756
722
745
731
231
53
766
768
752
737
753
768
43
777
274
754
777
749
4
763
51
750
716
756
25
670
752
768
37
22
754
10
1
196
19
750
201
741
0
23
747
743
68
40
724
17
720
71
201
737
720
724
0
11
745
751
498
57
733
212
725
717
736
718
706
91
707
10
694
707
106
729
87
111
763
716
337
727
198
704
4
717
698
86
10
722
696
712
3
6
0
711
714
0
706
144
0
388
718
704
78
0
683
40
28
113
621
695
682
657
225
680
16
62
693
8
22
70
688
34
441
685
3
688
52
648
676
74
704
11
654
191
590
654
25
600
689
19
0
678
9
185
684
380
84
204
664
440
667
0
627
684
665
373
653
27
58
87
655
675
664
21
662
689
586
173
669
671
169
1
654
662
660
515
13
0
7
694
654
69
646
652
665
61
0
126
651
24
654
11
561
266
655
641
17
657
13
653
641
197
665
521
539
654
636
642
636
3
640
1
10
644
646
25
646
66
632
60
432
626
651
641
621
14
0
649
627
591
630
7
312
645
626
631
616
474
36
259
70
614
622
608
0
547
127
105
626
39
565
627
604
14
12
0
419
13
594
622
615
607
391
39
623
603
13
556
617
618
617
596
609
22
619
607
628
16
605
1
607
506
61
18
598
51
611
598
19
601
511
590
613
41
598
10
17
606
3
13
592
0
14
34
116
588
597
589
596
580
7
596
590
75
569
17
136
28
576
590
563
0
588
196
593
558
406
609
601
12
593
20
1
58
576
0
2
575
563
9
46
580
591
70
554
28
7
245
576
10
591
571
1
2
39
555
574
461
635
97
576
437
575
557
131
575
95
585
2
568
560
566
519
567
19
94
0
12
329
562
519
66
557
571
570
562
9
40
556
3
515
566
555
17
569
561
1
546
552
562
555
538
549
545
571
549
542
0
560
62
554
50
308
2
259
551
525
129
551
554
33
26
547
1
549
28
468
542
539
546
551
555
354
528
533
537
540
528
529
147
35
505
535
203
24
530
532
538
237
530
530
0
492
13
37
537
508
521
524
499
487
355
528
360
269
515
103
534
3
0
540
1
540
514
538
1
527
367
0
424
520
26
0
45
515
526
516
524
533
0
545
7
27
12
355
514
0
19
504
13
517
523
504
521
16
102
486
476
522
197
494
513
37
254
354
14
467
509
105
493
37
497
512
22
506
1
15
493
520
16
514
101
0
484
30
498
73
514
509
497
527
454
10
27
493
0
472
473
481
23
20
245
95
502
30
0
499
476
493
493
481
493
364
93
491
502
4
27
500
70
487
487
0
403
493
474
495
496
486
465
10
134
478
9
490
496
469
99
0
487
473
493
477
109
41
467
6
490
106
10
1
488
477
481
426
0
0
0
472
0
473
7
0
478
489
470
464
469
457
2
16
467
34
467
465
470
0
9
459
486
66
461
1
15
479
105
1
238
277
0
0
60
30
23
467
475
0
60
122
70
465
468
468
147
454
0
456
464
6
0
466
459
452
451
282
30
29
4
463
323
461
440
10
10
17
415
330
23
452
460
450
111
448
415
445
20
468
465
23
2
458
445
0
0
4
129
6
460
428
0
434
14
445
32
448
33
34
460
322
0
73
14
59
439
0
452
26
454
0
43
426
1
444
445
458
11
463
29
0
363
65
449
0
432
450
461
303
442
1
261
3
440
16
449
430
18
14
414
442
438
432
439
0
90
77
433
222
428
37
5
421
379
54
1
120
440
64
4
9
436
430
303
434
437
436
10
435
27
21
0
418
19
430
10
1
84
10
0
11
438
448
383
437
227
388
90
428
0
389
414
425
369
426
16
406
30
431
20
332
15
423
1
33
420
0
418
431
0
47
420
421
369
21
409
21
418
14
411
4
415
135
0
232
24
8
421
0
418
416
408
404
414
407
397
406
43
345
415
403
311
124
388
181
407
411
407
405
375
410
40
380
184
412
19
397
405
369
403
400
153
390
396
403
410
400
401
403
56
209
366
386
412
0
399
409
406
390
408
21
389
396
11
396
6
43
5
0
402
382
391
16
348
9
354
381
389
405
371
238
394
387
230
388
99
4
387
33
388
151
401
13
394
1
362
228
401
401
390
395
392
374
6
394
406
385
319
387
376
377
7
343
372
389
380
385
379
391
289
16
22
22
26
2
385
0
374
1
69
388
377
14
27
336
46
384
371
377
381
4
372
373
203
381
391
1
378
52
381
372
30
378
38
350
356
19
372
371
345
0
382
374
365
19
73
381
37
9
10
362
352
39
361
373
371
375
383
356
53
371
352
369
340
61
367
232
367
89
387
18
382
370
362
367
0
74
15
367
10
106
357
13
91
133
153
362
378
153
362
31
23
0
3
43
367
206
2
2
358
22
364
358
367
23
3
0
354
33
12
352
375
370
354
192
356
316
360
349
72
347
362
340
4
319
17
90
373
361
28
60
347
146
357
335
348
351
14
302
0
371
8
0
354
353
355
96
341
349
13
359
0
363
367
359
15
156
10
17
10
352
349
295
348
12
97
343
348
97
348
28
364
60
0
340
353
327
345
1
27
1
344
346
346
342
0
346
345
342
336
334
349
239
205
6
17
118
335
19
0
23
333
341
321
327
326
25
13
10
346
350
312
64
311
14
3
68
8
0
30
340
44
333
6
338
335
325
47
69
0
339
0
2
327
17
292
45
329
0
37
205
9
75
202
335
335
327
344
160
51
324
0
335
63
18
15
335
331
336
339
343
6
224
331
238
332
6
57
11
320
323
324
317
25
53
326
328
6
15
323
40
320
315
0
113
317
5
321
329
323
329
312
314
0
326
1
285
323
91
234
252
303
346
321
287
302
326
329
327
2
329
92
327
321
312
321
301
324
23
312
315
315
28
313
318
7
0
314
328
9
311
4
315
321
309
313
320
318
310
334
322
310
0
33
311
16
317
314
272
305
312
0
310
290
303
316
190
312
85
9
316
318
314
319
312
0
308
303
58
307
314
271
27
299
312
314
303
306
304
303
0
314
305
48
302
128
300
315
301
284
2
0
46
315
322
10
0
312
298
10
303
282
32
259
162
304
0
299
0
58
298
309
0
112
308
69
240
299
186
17
304
1
301
300
264
292
220
75
34
0
0
308
0
304
0
0
303
1
296
312
297
208
308
297
306
55
102
300
288
289
88
46
291
122
300
296
297
299
304
238
286
7
11
282
292
18
283
16
60
292
12
24
290
3
280
290
292
291
293
2
5
8
4
294
285
289
281
56
277
285
287
223
287
292
283
13
168
280
284
302
283
288
76
277
284
288
283
53
284
256
290
280
274
275
12
5
277
58
42
286
277
299
16
11
21
280
32
10
276
281
276
0
116
56
0
275
269
263
125
212
0
279
283
77
5
148
280
254
279
281
268
263
281
48
172
174
14
273
282
277
1
248
44
96
294
279
264
279
280
25
44
20
7
269
277
263
275
229
12
267
31
37
276
272
264
222
193
24
263
32
10
167
269
278
270
277
275
274
6
264
29
47
10
272
265
275
47
265
54
0
256
279
259
267
6
273
270
278
269
266
282
245
269
243
7
262
74
67
264
262
240
263
208
268
2
253
272
30
275
236
50
266
262
14
267
266
121
28
40
15
257
0
258
249
90
29
118
253
18
238
263
5
267
257
268
251
265
24
0
266
264
256
107
271
20
217
256
0
13
74
31
262
40
4
3
32
256
17
273
238
265
84
266
18
3
251
8
261
12
259
15
20
251
17
261
259
1
24
232
16
37
248
259
244
251
257
24
251
238
258
235
245
50
239
260
245
256
0
200
267
246
15
244
240
2
9
232
15
3
246
147
257
246
4
245
180
246
252
20
0
149
194
243
246
252
3
78
2
93
37
17
0
259
190
10
2
247
245
250
247
2
254
246
0
246
7
247
37
242
29
248
173
254
245
238
240
7
26
246
249
252
7
0
233
88
246
226
247
236
230
235
233
6
219
47
36
7
245
237
227
242
238
240
242
0
235
105
238
243
250
233
239
246
13
43
239
27
241
48
239
35
172
244
168
110
228
242
185
237
239
222
230
1
130
241
0
39
0
248
14
232
46
37
18
236
247
242
231
244
2
232
226
224
3
2
212
232
242
2
11
234
21
236
131
0
210
1
5
0
239
23
58
230
15
220
234
0
45
227
246
231
209
240
234
232
0
222
2
20
0
232
20
242
238
219
76
236
233
22
205
235
224
0
232
5
8
231
225
239
219
226
122
226
49
36
42
6
225
11
224
232
1
232
93
70
223
235
225
226
59
0
216
31
9
236
238
194
2
219
17
239
13
217
235
223
12
12
12
227
228
224
228
18
65
11
222
229
234
219
229
220
223
225
7
150
219
211
0
90
15
19
216
231
163
229
228
228
226
12
13
225
225
228
224
171
0
219
224
223
213
220
223
220
231
219
226
222
0
16
223
12
212
221
0
18
2
228
69
7
44
235
229
224
225
215
225
216
224
221
236
19
38
223
12
44
231
226
223
26
49
16
223
215
219
221
219
218
226
20
18
38
192
216
226
217
212
5
16
22
208
227
11
212
210
208
211
88
215
213
219
213
1
0
229
43
11
224
213
117
219
9
222
216
21
16
113
8
8
232
214
209
222
89
220
62
162
204
6
219
215
26
153
211
12
8
9
213
0
204
209
205
221
210
220
6
229
42
211
215
207
201
37
77
136
54
1
213
213
220
217
211
216
217
15
219
182
201
0
25
2
214
213
203
206
198
206
218
215
210
213
208
75
0
8
224
215
213
203
1
213
211
78
203
203
1
218
206
172
6
5
3
2
191
212
211
206
215
200
212
145
3
215
0
120
201
106
202
197
185
201
215
203
0
13
10
179
171
18
209
206
55
0
103
207
41
204
27
3
205
201
17
193
205
114
217
203
51
203
200
189
104
152
19
199
204
24
167
212
18
202
195
202
177
0
208
17
191
205
203
1
205
195
12
161
1
197
0
182
198
206
196
205
205
11
129
203
199
200
203
0
207
192
194
28
199
198
9
40
203
197
197
193
200
190
33
198
198
195
194
177
200
163
38
45
207
196
35
0
197
201
190
205
204
79
2
7
1
25
192
39
201
194
57
138
192
174
14
0
191
206
205
0
6
187
195
188
197
196
201
193
209
195
194
195
15
55
197
197
5
187
26
204
185
176
186
201
9
13
130
192
196
198
185
198
193
188
189
79
190
189
198
2
93
113
8
4
0
182
189
210
196
16
86
148
18
32
5
195
185
0
99
23
0
18
187
0
20
57
165
186
180
179
192
11
187
178
188
191
179
26
176
0
198
185
187
196
7
185
164
30
35
15
181
0
182
20
169
16
185
34
183
180
162
3
15
187
14
176
32
103
6
40
12
187
7
184
175
189
0
180
46
10
185
119
5
12
184
188
185
177
176
186
22
165
26
194
181
190
123
15
17
7
40
27
12
174
181
166
174
177
43
183
176
141
34
187
176
180
23
176
174
32
184
35
151
152
182
179
157
180
185
4
18
34
3
178
174
13
183
182
177
31
196
174
170
174
0
181
177
183
188
164
173
179
177
66
73
170
177
174
170
179
181
87
173
187
178
177
178
162
173
6
4
70
182
184
9
175
176
27
16
172
175
22
48
167
176
10
167
181
11
182
2
0
80
180
175
172
172
180
172
174
168
175
172
6
26
16
7
175
176
171
181
158
0
173
181
33
182
158
113
24
76
172
1
173
164
147
168
173
180
168
4
45
1
165
21
174
181
179
183
168
178
180
22
17
6
167
172
169
172
173
182
4
122
108
148
165
145
0
168
167
167
162
163
176
77
170
15
12
4
12
171
172
167
135
166
21
164
127
174
177
55
1
171
16
166
158
4
6
174
156
151
153
7
158
161
169
0
46
10
53
165
162
29
158
168
174
0
44
161
11
3
169
51
0
165
168
164
47
172
2
138
6
7
94
28
1
166
168
162
10
164
18
159
150
172
0
16
2
4
143
181
165
82
33
162
64
168
159
1
167
153
164
158
167
165
20
163
159
160
166
168
158
165
0
165
170
150
162
0
13
35
163
163
160
151
163
12
164
57
0
169
90
170
155
18
163
9
109
0
1
157
160
165
9
45
159
166
150
160
159
160
160
158
171
152
13
123
161
161
161
153
159
161
5
157
156
164
170
165
165
162
161
2
6
11
169
150
165
168
153
32
153
160
107
166
4
4
9
68
0
120
45
157
159
163
152
162
164
154
41
155
158
10
156
154
158
157
156
16
158
19
157
154
155
163
156
162
4
151
153
156
156
162
85
9
161
157
144
35
5
100
152
152
12
157
146
0
157
26
154
158
155
153
156
154
159
152
0
39
152
16
155
152
160
152
155
154
157
152
169
8
67
149
149
150
0
150
150
39
0
131
153
156
143
157
159
0
4
14
148
0
6
151
151
147
153
104
143
150
148
146
150
153
153
140
160
26
18
27
59
35
143
143
161
146
161
150
18
155
152
146
148
12
133
153
160
138
129
19
150
149
152
141
144
161
149
149
150
0
36
131
153
148
0
64
152
154
154
146
150
8
5
144
137
20
142
150
16
145
42
28
5
96
116
152
148
6
0
70
23
1
146
146
144
14
143
147
149
147
150
146
149
89
145
143
69
131
0
9
149
12
0
142
10
16
85
152
123
6
141
154
141
148
139
145
141
137
145
146
157
146
7
6
7
41
111
150
139
124
134
142
142
149
147
146
149
1
12
147
140
146
142
145
0
134
126
1
136
5
11
11
12
135
12
0
136
26
14
142
26
145
138
145
3
144
141
101
141
145
137
142
8
26
140
9
30
0
134
110
137
141
137
146
147
133
140
136
141
131
132
122
141
135
8
30
143
128
1
140
145
142
141
141
130
14
0
5
47
134
135
135
0
4
135
145
9
133
142
132
84
137
81
151
131
140
129
6
5
11
136
143
136
144
5
14
6
141
141
8
0
137
134
104
140
141
126
142
141
2
132
132
132
140
15
57
79
5
142
80
129
135
133
137
132
123
5
23
136
131
136
1
138
129
131
0
129
4
19
139
35
0
126
133
138
118
137
140
12
146
136
136
17
133
8
132
130
136
122
135
135
130
7
57
13
137
10
0
132
39
109
124
129
134
129
65
135
130
132
130
133
134
1
1
4
41
24
132
0
134
130
33
133
124
133
133
141
131
131
136
114
0
0
0
0
8
44
1
4
129
126
78
133
125
131
134
134
135
0
123
0
125
0
125
123
82
6
127
2
135
131
134
14
131
125
135
130
129
131
131
0
128
138
126
90
125
127
128
119
131
133
7
6
119
118
138
2
0
81
126
3
134
137
131
121
127
3
126
131
133
133
132
129
47
61
52
4
73
11
127
50
125
122
0
127
122
132
88
126
132
4
140
19
24
16
1
134
123
122
130
125
132
7
127
125
32
115
127
131
0
0
6
11
128
22
28
125
126
114
127
125
0
42
116
128
120
124
121
117
129
28
120
119
120
128
127
129
125
2
9
0
124
50
129
116
104
124
110
121
128
120
0
115
124
6
124
123
137
11
129
27
12
7
125
52
121
122
128
119
121
25
124
7
14
18
128
124
126
124
125
131
126
127
123
20
24
95
6
7
135
124
116
5
126
126
119
128
81
110
118
127
124
116
123
114
33
12
102
131
120
125
113
1
123
0
123
119
119
119
125
106
23
4
0
16
125
0
1
87
28
47
46
0
125
0
101
119
97
118
15
59
124
118
96
18
128
116
122
115
14
117
122
121
125
0
109
125
6
111
0
119
29
119
117
120
119
116
124
121
123
49
122
110
119
114
117
117
23
108
6
116
7
93
103
19
10
116
125
119
127
74
118
88
119
70
121
116
113
0
85
118
14
87
119
122
119
119
123
117
118
120
112
120
4
116
119
0
93
24
93
116
46
107
96
120
128
1
118
115
117
113
0
120
13
1
108
41
113
0
10
20
4
114
115
71
2
126
3
1
28
111
117
117
117
110
112
102
16
116
119
114
0
101
113
96
75
115
121
10
114
107
114
120
20
109
17
116
106
29
99
110
16
4
30
111
116
99
5
105
98
112
116
103
73
105
105
84
116
66
111
112
118
106
110
11
28
15
115
21
113
119
124
111
3
120
108
116
112
111
116
118
119
111
19
116
8
25
101
41
0
112
102
109
43
44
80
0
2
104
107
53
19
120
107
11
108
115
109
107
112
115
108
0
25
115
22
105
0
0
21
0
113
116
107
108
105
113
24
102
106
111
109
108
109
102
37
3
115
37
0
9
104
110
108
117
107
98
100
112
111
105
108
19
40
91
6
109
102
108
105
0
99
116
1
88
111
105
114
105
106
105
0
110
106
111
113
0
115
59
108
110
107
104
118
111
13
13
105
101
99
110
105
68
20
40
110
108
99
12
103
104
101
102
1
17
80
36
112
3
7
0
104
56
110
103
103
102
102
113
102
107
110
18
3
101
9
86
4
104
105
1
104
106
106
12
103
100
101
97
85
102
31
108
3
16
104
113
31
97
109
109
0
106
99
0
107
105
110
6
107
111
105
101
97
106
113
108
29
102
18
53
50
103
104
101
99
110
94
96
102
2
103
106
105
101
40
0
34
86
0
104
6
104
97
104
19
107
105
5
0
101
82
90
105
106
99
98
101
8
106
93
21
16
8
45
104
21
27
4
102
99
4
98
98
107
12
98
72
3
103
106
0
68
100
102
109
6
96
8
104
91
96
83
99
69
7
0
103
98
101
98
0
0
103
104
102
100
94
100
103
104
8
103
101
99
99
97
99
86
104
95
28
21
72
92
101
101
97
94
0
99
98
0
98
103
8
100
90
5
2
100
91
10
99
96
90
12
99
95
98
49
0
96
84
104
23
103
93
94
99
100
87
54
6
4
0
37
0
0
88
100
96
0
106
101
9
13
99
100
5
92
93
100
99
68
95
93
100
4
96
101
65
96
4
24
13
94
0
93
95
15
96
75
97
3
98
97
94
93
101
14
100
97
100
100
99
0
101
100
95
23
106
92
90
89
41
3
6
32
95
97
24
97
95
7
8
98
13
2
95
92
8
24
91
96
105
21
3
7
1
11
8
96
92
99
97
100
98
91
2
88
105
97
100
90
0
21
97
86
100
82
98
1
92
92
96
98
91
88
89
0
96
0
97
96
85
24
39
11
59
14
14
15
13
102
103
12
32
20
18
94
96
92
10
58
15
11
91
90
94
93
93
92
93
23
37
3
94
96
25
12
42
7
86
92
94
87
55
95
98
97
90
84
80
56
7
91
102
86
87
87
12
91
66
96
87
40
92
95
87
95
92
86
86
68
92
86
91
92
83
85
11
91
22
87
92
0
0
84
95
29
89
28
90
90
30
95
89
9
91
87
94
92
92
88
98
89
90
1
83
85
7
9
83
2
14
5
0
68
9
93
29
83
91
87
84
89
87
89
93
90
88
77
2
29
96
79
18
85
2
87
85
86
85
1
90
27
93
3
89
90
88
89
84
95
84
93
86
91
87
89
11
62
85
33
89
17
60
87
45
33
88
88
89
18
8
86
90
92
93
83
88
95
84
88
90
7
89
86
89
86
89
91
85
70
92
16
88
15
1
44
82
83
0
0
88
89
91
85
83
85
83
86
84
87
89
81
84
84
84
60
14
85
89
88
89
2
12
84
12
83
90
0
87
85
26
0
82
83
89
83
81
90
82
53
88
90
6
86
4
83
21
84
85
14
85
78
79
83
76
79
77
83
84
87
90
85
76
18
38
11
81
82
79
82
5
43
7
0
89
88
39
87
77
86
85
85
83
82
87
87
84
87
83
78
32
6
4
38
65
5
82
77
82
83
84
72
2
89
20
80
83
81
85
84
82
37
10
82
88
84
0
83
79
92
17
25
86
81
0
89
84
84
81
83
8
80
79
84
82
78
79
27
82
85
78
82
65
83
80
36
85
26
11
19
79
85
26
80
11
81
3
84
78
17
86
76
77
11
83
74
74
78
76
83
81
85
80
86
75
86
76
10
0
0
83
0
83
72
75
77
4
47
3
39
19
82
79
85
83
76
79
80
80
83
80
74
89
79
8
4
75
7
0
79
64
48
75
82
0
79
44
76
82
45
79
80
59
77
83
85
0
5
83
85
82
32
22
24
80
9
49
3
72
9
34
82
80
75
76
80
76
9
73
78
0
63
75
79
74
76
79
73
75
80
79
14
83
78
72
81
78
73
81
80
36
75
74
21
22
81
25
5
37
81
80
78
74
79
76
75
78
1
78
84
80
83
81
40
85
85
10
31
16
16
79
18
13
70
76
69
6
80
77
0
77
78
81
79
84
74
69
74
78
80
12
75
80
77
6
83
78
3
4
14
13
77
7
20
79
13
43
79
72
31
71
74
11
4
77
79
77
84
9
75
62
70
73
75
0
77
78
78
77
76
81
82
77
77
78
80
72
8
44
27
68
4
76
73
3
76
37
6
22
72
0
19
18
80
74
70
81
75
72
79
12
78
76
77
32
80
80
81
70
77
1
51
6
10
78
78
28
5
74
81
74
0
14
72
13
0
80
80
71
77
64
73
60
73
33
68
70
76
77
72
70
3
81
75
76
72
10
69
10
65
61
69
75
71
0
71
76
75
11
72
78
0
4
72
75
71
74
64
76
66
47
69
41
64
74
74
72
71
7
59
1
74
73
18
11
78
1
8
45
76
73
75
72
76
31
75
27
73
1
77
72
67
72
76
73
70
63
64
74
71
73
73
70
72
12
76
73
0
49
73
67
2
66
72
52
73
70
68
69
67
70
74
69
67
63
74
63
67
67
70
68
71
69
3
65
8
68
78
70
66
65
71
9
27
74
72
17
76
4
71
25
3
1
47
67
12
71
72
25
72
65
9
67
72
69
72
58
67
67
77
71
73
69
71
66
69
73
67
65
66
73
5
75
67
39
73
66
68
64
0
68
70
44
75
6
68
74
47
47
71
70
64
15
67
70
67
71
68
0
69
52
49
68
63
76
71
29
33
0
18
68
73
68
72
70
16
69
68
74
70
73
69
65
74
6
61
70
69
70
65
68
68
70
67
73
68
12
0
6
66
65
66
26
62
70
5
50
75
14
65
74
6
69
68
74
69
64
65
72
20
74
70
66
69
64
72
72
70
70
71
23
30
0
74
11
0
65
57
66
4
63
65
21
66
62
74
64
66
60
62
59
8
65
30
66
64
74
64
65
57
20
73
66
62
68
65
67
63
0
72
60
71
0
1
72
0
25
7
67
19
16
68
68
18
68
0
2
15
65
71
36
62
59
67
62
70
11
66
63
66
67
63
66
59
19
72
34
1
7
65
64
68
64
8
66
0
59
63
69
65
61
69
38
0
65
60
66
66
64
66
62
66
68
66
65
64
44
56
44
3
11
65
35
46
54
43
69
9
65
0
65
23
32
67
31
59
50
66
61
55
63
68
70
71
3
63
66
69
71
68
62
69
64
67
65
65
68
67
7
65
67
58
3
21
63
4
65
0
61
26
3
24
70
62
13
65
35
68
66
63
62
60
66
67
63
65
64
65
0
58
70
10
62
64
66
59
64
3
0
66
66
65
23
10
12
62
64
59
9
16
18
63
0
0
7
64
50
59
67
57
61
33
63
62
66
63
62
0
60
61
60
65
1
69
58
62
57
56
61
6
58
62
61
64
0
25
0
51
51
3
9
11
65
59
58
62
0
58
65
65
61
58
60
64
65
63
63
63
66
62
57
62
4
6
61
62
62
64
17
37
15
63
37
61
60
60
39
58
61
61
25
43
53
63
61
11
65
62
5
56
63
63
57
58
61
65
65
55
59
56
62
59
56
67
58
61
1
2
3
53
15
60
57
61
63
33
18
8
5
15
59
66
60
23
1
7
62
59
64
61
59
65
57
53
63
64
62
58
58
12
60
58
57
64
54
57
66
62
64
61
36
9
56
61
11
63
27
59
65
16
60
61
40
59
61
57
34
56
25
57
62
7
63
1
58
22
61
61
62
56
50
57
62
59
57
60
60
63
62
63
62
61
63
59
59
45
9
44
0
0
19
1
16
56
57
54
8
9
60
60
61
61
59
58
53
61
56
59
54
62
60
60
59
59
63
57
60
55
58
60
15
6
61
58
60
53
34
60
56
60
27
2
62
28
56
59
17
17
56
56
17
62
53
55
3
38
57
54
14
57
51
52
63
58
58
57
55
50
58
57
58
3
56
58
52
56
57
5
13
2
56
2
56
59
0
51
18
52
53
57
57
0
56
17
57
19
58
59
56
57
59
57
58
55
13
55
54
47
26
52
56
50
51
46
52
56
59
55
25
52
56
55
37
15
57
52
11
52
50
50
58
58
27
59
57
48
61
52
9
12
53
37
54
0
56
52
55
55
53
29
55
53
0
58
59
56
53
59
58
57
57
2
48
53
48
58
51
55
50
53
0
10
3
11
37
0
0
50
60
0
56
58
50
11
58
57
54
52
28
51
47
54
53
10
51
56
58
51
56
37
34
15
54
60
56
57
45
52
55
53
54
58
56
53
59
52
52
58
1
55
57
5
10
1
8
9
6
56
34
51
21
48
58
18
24
52
55
57
47
21
59
53
57
17
55
56
17
53
51
52
56
53
54
57
55
50
56
46
28
47
54
0
51
48
54
53
52
1
4
10
55
29
52
56
55
53
48
23
53
2
51
5
51
48
58
52
51
17
52
53
56
51
54
52
54
11
51
56
51
53
53
52
6
54
54
58
58
30
50
20
9
27
54
50
51
43
19
9
26
29
51
9
50
51
3
53
4
57
32
46
15
51
54
14
54
50
53
50
48
54
33
48
54
52
55
48
53
50
41
51
47
53
0
56
51
56
51
47
32
3
7
49
14
51
0
30
2
26
49
12
47
26
51
50
10
47
5
48
13
52
56
50
50
47
6
49
1
49
53
31
50
55
54
24
45
55
43
42
54
48
50
49
47
51
53
48
50
44
54
50
2
52
51
52
56
52
52
51
51
53
47
50
50
50
52
52
54
0
54
50
2
6
12
0
50
5
30
53
49
20
54
0
21
44
6
6
53
47
48
51
50
47
0
50
46
47
12
18
45
55
25
53
43
49
51
52
48
50
49
49
10
49
48
50
51
28
46
52
50
6
47
46
51
51
49
49
46
50
51
47
54
51
48
47
47
50
49
24
52
43
48
47
44
50
52
49
0
51
51
17
9
27
48
51
48
47
48
49
48
50
6
50
54
54
47
46
49
51
50
0
52
49
49
50
52
50
45
45
46
45
46
48
49
0
40
52
3
51
50
50
16
22
10
44
0
3
0
47
43
44
16
0
45
0
19
1
22
48
46
0
41
29
52
51
18
47
51
7
40
46
45
49
41
39
45
49
7
50
46
48
51
47
2
17
49
52
47
49
46
46
49
50
53
44
48
1
48
49
47
47
25
51
48
15
5
27
48
43
46
44
52
38
49
12
46
44
49
49
39
46
47
48
12
49
0
45
46
52
47
43
46
51
0
1
45
46
46
49
49
43
44
48
46
49
49
48
52
46
42
39
48
48
41
49
50
43
27
46
49
27
9
45
45
38
47
0
7
38
50
46
0
48
41
46
46
49
9
43
47
45
13
49
46
43
1
46
47
21
46
42
21
47
47
37
4
41
44
47
27
16
39
46
48
46
48
46
47
49
44
49
49
4
46
46
27
7
47
46
5
44
22
11
16
46
18
49
11
42
49
46
47
48
49
46
44
46
42
46
12
32
45
49
46
30
45
50
48
47
46
45
46
47
45
18
46
47
37
42
49
1
17
44
46
42
47
44
43
43
42
45
0
42
50
45
43
2
18
2
0
6
42
32
25
42
21
39
43
49
46
23
39
42
16
44
43
29
40
8
44
46
40
45
44
44
44
45
38
27
43
45
19
44
8
42
42
46
45
44
42
45
47
41
45
41
45
44
43
46
49
45
44
43
48
44
46
47
42
43
45
1
44
18
5
46
44
45
14
15
40
42
43
48
41
43
14
45
0
44
43
43
45
46
43
10
43
40
45
43
43
45
43
40
46
43
43
45
46
42
40
44
43
44
42
41
7
16
44
42
44
44
44
43
46
46
46
43
43
17
39
45
47
45
45
46
42
23
37
15
16
46
9
39
40
13
46
41
42
43
42
34
46
9
2
5
7
47
21
45
14
9
45
2
39
42
39
36
45
43
42
40
42
42
45
36
46
12
45
11
43
40
43
45
42
41
38
45
42
42
42
43
35
43
2
41
42
45
44
39
44
40
15
40
43
38
3
40
21
39
45
7
11
45
40
41
13
40
0
44
42
0
44
40
44
40
43
36
1
35
36
45
42
38
42
43
41
41
45
42
4
44
42
36
0
41
42
43
42
45
40
0
42
42
42
44
37
41
12
35
42
44
45
45
41
43
44
42
42
43
41
36
5
40
22
45
8
39
40
36
40
43
36
45
41
18
3
37
18
39
21
23
45
30
45
42
41
38
20
43
38
6
11
41
7
38
44
37
40
41
42
40
45
3
44
37
38
39
15
42
43
42
36
4
38
42
43
42
37
41
2
43
37
39
43
40
41
45
45
43
39
39
37
39
14
41
5
8
15
42
22
40
40
18
36
33
1
43
37
36
10
40
41
40
42
10
40
10
40
37
36
34
0
39
40
32
44
37
16
37
42
38
44
34
40
40
0
38
34
40
38
42
42
41
37
25
19
32
40
22
40
42
40
40
32
40
22
10
5
37
40
41
43
39
22
0
41
40
39
36
18
12
43
7
36
38
38
33
38
12
41
39
38
39
42
35
37
41
5
39
39
40
41
38
41
39
11
39
1
40
36
39
37
40
43
39
39
40
36
35
33
39
38
36
43
34
39
43
40
34
39
39
41
14
40
37
39
40
38
40
41
3
37
37
3
0
41
15
39
3
21
35
16
36
34
2
4
41
38
39
38
36
36
37
36
40
20
35
35
38
37
39
41
38
39
41
40
40
32
42
37
40
37
35
36
4
37
40
2
41
39
38
1
39
25
42
27
42
39
39
38
37
39
40
39
40
41
40
36
36
37
35
38
34
41
7
37
10
37
2
32
35
10
0
39
3
2
36
36
38
38
40
38
0
35
3
9
6
37
35
3
3
18
35
41
37
33
7
7
39
39
39
35
5
32
37
37
36
35
40
36
38
36
37
39
37
36
39
37
39
6
36
39
37
0
39
38
37
34
40
40
41
40
37
40
37
7
11
35
38
33
38
37
39
34
33
2
17
11
5
39
22
1
36
33
36
40
7
40
37
35
40
33
2
37
39
37
5
40
35
9
39
0
37
31
38
40
35
36
15
38
10
32
32
18
35
40
40
32
38
35
37
15
38
38
35
36
38
34
35
34
39
35
35
35
34
37
36
36
40
37
40
38
36
29
37
35
33
5
40
28
39
35
36
37
36
36
1
35
14
17
15
16
37
38
2
36
37
4
25
0
10
38
34
35
32
37
37
35
30
36
36
5
0
39
33
34
2
36
5
16
35
34
36
33
38
34
32
36
15
33
34
29
5
33
38
31
34
35
33
32
34
36
36
34
35
2
33
30
25
35
35
33
32
32
31
37
35
1
34
39
28
2
36
12
29
33
3
0
0
2
9
29
36
35
13
32
10
34
32
34
36
37
4
35
34
34
36
38
30
37
38
0
36
34
35
35
35
17
14
38
35
35
36
5
31
35
14
35
35
35
36
35
31
35
11
36
35
38
34
33
37
4
6
36
33
1
31
8
36
32
33
36
35
0
33
33
30
36
31
37
38
36
33
36
35
35
38
31
34
36
35
38
38
38
4
32
35
38
32
32
38
34
37
35
34
36
30
34
32
33
13
7
7
30
30
2
37
33
0
30
5
31
34
35
7
34
32
36
37
9
30
34
29
28
0
31
34
37
34
35
34
34
33
22
31
32
34
37
34
7
31
27
33
34
32
2
35
33
31
6
32
33
33
33
37
31
30
34
35
33
33
34
30
35
33
36
33
34
32
32
34
26
36
34
37
34
34
30
33
32
32
33
15
30
36
1
15
36
36
33
36
36
0
7
36
4
35
35
6
35
32
35
34
12
35
32
27
33
30
14
32
35
33
36
33
32
34
32
33
26
35
32
35
34
33
9
7
33
2
3
33
32
31
30
35
28
30
35
9
3
34
36
33
34
33
32
36
28
28
36
30
9
35
14
32
35
33
32
1
33
34
35
35
32
32
32
33
5
33
36
34
33
32
32
32
34
33
33
32
33
33
32
33
33
7
6
3
33
35
35
28
9
32
31
4
29
10
31
31
27
32
28
35
33
31
8
35
25
35
25
23
34
31
32
31
26
35
30
32
34
3
35
2
31
34
30
30
32
13
30
32
33
28
30
33
33
29
28
32
33
31
35
10
33
32
35
31
6
34
29
29
31
34
30
31
31
29
33
26
35
25
35
33
32
30
34
32
29
32
33
34
25
32
26
11
5
27
30
24
33
4
32
33
8
1
33
34
33
30
32
34
30
32
14
0
22
0
29
31
33
30
31
29
30
11
29
25
31
29
28
26
24
27
29
34
31
29
29
30
31
32
23
32
29
32
31
31
1
26
5
33
32
34
33
30
28
31
1
34
27
6
26
31
27
2
30
29
31
31
31
31
27
27
31
31
28
29
32
10
28
30
6
31
33
13
30
32
34
28
31
31
33
32
31
34
29
32
32
27
31
32
30
34
30
29
34
30
32
32
31
28
10
28
29
28
27
33
33
31
33
26
0
27
32
27
0
32
28
6
11
28
30
27
25
31
33
28
9
25
0
31
9
6
30
29
31
4
31
0
5
29
31
13
33
33
9
25
31
33
2
11
29
32
33
2
30
22
27
25
30
28
32
30
1
29
32
5
29
33
33
30
3
28
28
29
29
30
33
31
31
12
32
31
31
32
1
30
27
29
29
31
31
29
9
30
29
10
31
31
29
33
29
1
32
27
30
33
30
27
4
32
26
31
33
28
28
1
30
1
25
27
1
28
31
29
31
30
28
29
30
11
27
25
4
28
29
10
6
29
22
3
27
32
23
1
0
6
3
23
30
32
2
29
28
29
29
29
31
30
29
27
3
31
1
7
28
29
30
32
28
31
32
2
31
30
27
23
26
0
25
26
32
30
10
28
30
28
30
30
29
26
30
30
27
26
6
32
27
25
29
30
29
27
30
32
5
28
25
28
31
31
30
29
29
31
24
29
30
21
31
30
32
27
30
29
31
32
30
30
26
3
29
28
28
29
25
27
31
27
30
30
29
2
30
31
25
26
30
23
26
29
29
29
29
31
22
29
27
29
9
2
31
5
4
1
30
28
28
28
28
28
30
0
30
30
27
29
28
31
30
25
30
3
30
23
1
27
25
27
27
31
30
27
30
3
26
23
28
28
2
26
28
27
29
5
29
11
27
31
26
29
27
27
30
6
24
18
26
28
30
30
29
22
24
29
1
28
27
26
2
31
25
24
30
28
29
30
28
23
7
22
30
27
27
31
31
26
30
16
26
27
29
28
27
26
26
30
21
24
9
3
24
27
4
20
30
7
27
26
29
30
30
25
29
24
7
29
29
27
28
29
27
5
2
24
20
27
29
21
30
26
25
30
25
27
27
22
29
24
0
28
25
28
27
25
26
27
30
28
30
28
29
26
10
30
28
27
2
30
29
30
30
27
23
30
27
28
26
27
2
25
28
23
26
30
30
22
27
30
29
27
28
1
29
27
24
30
25
27
30
27
25
27
27
27
27
22
27
25
26
30
28
29
28
28
29
21
24
28
7
26
26
4
28
0
26
7
2
24
22
22
27
25
26
28
29
2
27
29
27
29
25
29
28
25
29
15
20
28
27
28
24
27
25
27
28
16
27
23
28
26
16
19
23
28
20
0
1
27
28
29
2
25
6
28
27
26
29
26
26
26
27
22
25
24
27
28
28
28
26
29
26
28
26
27
29
28
26
28
28
28
28
28
28
27
24
25
25
25
25
28
8
27
27
26
27
25
28
24
28
26
28
15
29
25
26
26
28
25
28
27
3
28
27
24
5
25
24
28
28
24
7
21
28
26
27
27
13
28
28
28
27
26
22
23
28
22
0
26
24
0
27
27
27
23
28
28
26
26
28
22
28
25
28
27
28
7
19
25
6
27
24
28
26
27
27
27
23
27
23
27
8
24
24
24
28
25
0
24
27
24
27
25
24
5
26
28
22
24
27
26
26
26
26
2
26
28
26
5
0
6
25
1
26
28
27
25
23
2
25
28
26
27
25
26
21
22
19
26
22
26
25
26
22
25
27
26
25
27
28
26
26
25
28
25
28
25
24
28
24
26
26
26
25
26
27
24
24
1
25
24
0
27
20
7
20
22
24
26
26
0
15
5
25
26
27
24
27
1
18
6
27
24
4
26
0
2
24
23
23
25
21
23
25
22
21
4
22
24
25
27
24
1
27
0
3
25
23
23
4
25
27
3
25
25
25
23
23
24
24
22
27
26
26
22
27
21
27
23
2
23
20
25
26
23
4
19
2
1
21
20
23
24
26
25
27
19
20
27
20
22
26
25
23
20
23
24
27
24
25
26
27
27
24
27
22
27
27
27
23
25
23
21
26
20
3
25
27
27
26
23
27
23
26
27
27
21
23
3
24
22
25
25
5
24
27
27
27
26
23
22
22
26
21
23
23
22
26
23
1
20
0
21
22
26
20
24
26
20
22
26
26
1
24
26
26
20
23
26
15
25
26
26
26
26
22
23
26
26
18
25
23
14
24
15
21
23
25
23
25
21
23
21
26
25
4
22
25
23
22
20
25
26
25
3
21
25
0
20
20
21
23
26
24
24
25
21
23
26
20
26
25
24
26
24
26
24
21
25
24
22
23
1
17
26
0
23
26
23
19
22
23
25
25
20
23
26
22
22
24
23
23
23
25
24
26
23
22
20
25
24
25
23
25
25
25
13
23
20
22
23
22
22
21
24
26
22
2
23
23
22
0
22
24
23
24
25
0
17
22
22
23
22
22
2
5
23
23
23
23
24
22
3
24
22
25
24
25
0
22
22
23
21
23
25
23
2
20
25
23
21
23
20
24
22
0
16
1
25
25
23
23
24
25
24
22
0
24
25
24
17
24
19
2
20
21
19
23
23
25
25
24
22
0
22
24
23
23
24
25
24
22
25
23
21
25
23
24
23
25
22
23
20
22
23
22
21
24
24
24
2
25
18
24
23
24
23
24
23
24
23
21
24
22
21
25
21
18
22
23
19
23
25
24
25
19
20
19
25
20
5
21
24
20
24
23
21
19
23
23
3
11
22
25
24
24
22
25
25
16
24
23
23
24
24
1
24
19
4
3
21
19
20
23
23
20
0
0
22
23
4
1
22
23
22
20
17
0
18
23
22
21
24
24
19
18
14
23
24
23
22
24
22
20
23
24
23
23
24
23
22
22
24
19
23
1
22
24
15
1
2
24
24
16
22
22
23
20
21
0
17
24
24
3
3
22
0
23
20
23
21
20
9
22
24
23
21
21
22
22
24
24
23
19
23
24
21
20
6
22
21
23
19
22
23
23
18
24
22
2
22
24
22
24
22
22
21
24
23
22
24
22
23
22
24
20
21
20
24
21
22
24
22
23
22
21
24
20
21
21
22
13
23
20
11
18
24
13
21
19
24
24
22
23
21
24
23
21
17
23
20
23
23
19
22
22
19
23
23
17
0
19
13
17
23
22
23
21
23
23
2
23
22
20
22
20
21
11
19
22
19
21
21
19
23
23
23
22
0
0
23
20
22
22
21
18
22
22
23
17
21
21
22
21
2
23
22
22
22
22
18
20
9
15
20
2
22
21
19
21
23
21
22
20
22
22
21
22
23
22
18
23
23
22
21
23
22
3
17
22
17
20
19
22
23
22
22
21
20
21
23
18
21
17
20
22
22
21
19
20
22
16
23
22
23
19
22
23
20
20
13
19
21
21
22
19
22
23
19
18
19
3
18
18
22
15
12
22
23
20
17
20
20
22
22
19
23
15
23
20
20
20
23
23
20
18
21
19
20
22
21
22
22
14
20
18
21
21
18
20
20
22
0
20
20
17
22
2
20
0
22
22
22
11
19
0
17
21
19
21
21
22
21
21
18
22
21
20
20
21
22
19
20
0
20
21
22
22
22
18
22
22
20
14
20
19
21
19
17
22
22
19
17
19
22
0
0
22
18
14
20
22
18
21
18
21
22
22
22
22
20
19
2
22
20
17
19
20
22
20
16
21
19
21
20
21
8
21
20
22
21
21
20
19
22
11
17
20
21
22
19
20
20
22
20
20
18
21
18
22
19
21
18
22
20
20
21
22
22
22
21
21
20
19
22
22
21
22
21
19
21
21
22
20
21
1
21
11
14
18
19
21
20
20
21
17
20
0
17
17
19
18
22
21
21
19
22
21
21
21
18
20
18
19
18
20
21
22
15
19
22
21
20
20
19
21
21
20
19
22
19
18
19
19
18
22
21
18
21
20
21
16
18
21
1
18
18
20
19
18
17
21
21
21
21
21
19
20
18
0
0
19
20
20
19
21
16
15
17
16
18
20
21
16
1
19
16
21
21
19
19
5
19
18
21
20
18
19
19
20
18
17
15
17
19
21
19
17
21
14
21
20
17
17
19
20
21
18
20
0
21
17
13
17
19
0
12
19
16
19
21
19
21
21
20
21
18
21
20
20
21
21
18
21
19
15
19
19
19
19
18
20
17
21
18
17
16
18
18
20
16
21
19
18
18
21
20
17
21
17
15
19
18
20
18
17
21
13
21
21
15
21
21
20
20
19
19
21
19
21
19
19
19
21
18
19
19
17
21
21
20
20
21
15
21
21
21
17
21
18
17
14
20
19
21
18
19
17
21
18
20
21
17
11
20
17
19
17
21
19
16
20
21
12
18
21
19
20
12
16
18
17
20
16
19
18
17
20
12
17
17
18
20
17
19
20
19
20
18
18
20
19
20
20
18
19
20
14
20
19
19
18
16
19
19
20
17
19
18
20
20
18
20
20
18
15
20
20
19
16
19
20
19
16
16
20
20
17
17
17
20
16
19
20
18
19
14
19
17
17
17
20
19
20
20
17
19
12
20
18
18
18
19
18
0
20
20
20
18
14
19
18
20
20
17
16
16
20
19
19
19
20
19
16
17
17
18
17
19
18
19
15
17
15
20
18
18
13
18
18
19
20
13
19
18
18
20
9
18
16
18
20
20
14
19
19
16
20
20
19
18
18
17
20
19
20
20
18
18
18
20
20
19
19
18
18
17
19
20
18
19
17
17
19
20
17
18
18
17
20
18
19
19
19
19
17
16
17
20
17
19
18
20
20
20
20
18
17
20
20
20
18
20
18
20
0
0
0
0
0
0
0
0
0
0
0
0
0
0
0
0
0
0
0
0
0
0
0
0
0
0
0
0
0
0
0
0
0
0
0
0
0
0
0
0
0
0
0
0
0
0
0
0
0
0
0
0
0
0
0
0
0
0
0
0
0
0
0
0
0
0
0
0
0
0
0
0
0
0
0
0
0
0
0
0
0
0
0
0
0
0
0
0
0
0
0
0
0
0
0
0
0
0
0
0
0
0
0
0
0
0
0
0
0
0
0
0
0
0
0
0
0
0
0
0
0
0
0
0
0
0
0
0
0
0
0
0
0
0
0
0
0
0
0
0
0
0
0
0
0
0
0
0
0
0
0
0
0
0
0
0
0
0
0
0
0
0
0
0
0
0
0
0
0
0
0
0
0
0
0
0
0
0
0
0
0
0
0
0
0
0
0
0
0
0
0
0
0
0
0
0
0
0
0
0
0
0
0
0
0
0
0
0
0
0
0
0
0
0
0
0
0
0
0
0
0
0
0
0
0
0
0
0
0
0
0
0
0
0
0
0
0
0
0
0
0
0
0
0
0
0
0
0
0
0
0
0
0
0
0
0
0
0
0
0
0
0
0
0
0
0
0
0
0
0
0
0
0
0
0
0
0
0
0
0
0
0
0
0
0
0
0
0
0
0
0
0
0
0
0
0
0
0
0
0
0
0
0
0
0
0
0
0
0
0
0
0
0
0
0
0
0
0
0
0
0
0
0
0
0
0
0
0
0
0
0
0
0
0
0
0
0
0
0
0
0
0
0
0
0
0
0
0
0
0
0
0
0
0
0
0
0
0
0
0
0
0
0
0
0
0
0
0
0
0
0
0
0
0
0
0
0
0
0
0
0
0
0
0
0
0
0
0
0
0
0
0
0
0
0
0
0
0
0
0
0
0
0
0
0
0
0
0
0
0
0
0
0
0
0
0
0
0
0
0
0
0
0
0
0
0
0
0
0
0
0
0
0
0
0
0
0
0
0
0
0
0
0
0
0
0
0
0
0
0
0
0
0
0
0
0
0
0
0
0
0
0
0
0
0
0
0
0
0
0
0
0
0
0
0
0
0
0
0
0
0
0
0
0
0
0
0
0
0
0
0
0
0
0
0
0
0
0
0
0
0
0
0
0
0
0
0
0
0
0
0
0
0
0
0
0
0
0
0
0
0
0
0
0
0
0
0
0
0
0
0
0
0
0
0
0
0
0
0
0
0
0
0
0
0
0
0
0
0
0
0
0
0
0
0
0
0
0
0
0
0
0
0
0
0
0
0
0
0
0
0
0
0
0
0
0
0
0
0
0
0
0
0
0
0
0
0
0
0
0
0
0
0
0
0
0
0
0
0
0
0
0
0
0
0
0
0
0
0
0
0
0
0
0
0
0
0
0
0
0
0
0
0
0
0
0
0
0
0
0
0
0
0
0
0
0
0
0
0
0
0
0
0
0
0
0
0
0
0
0
0
0
0
0
0
0
0
0
0
0
0
0
0
0
0
0
0
0
0
0
0
0
0
0
0
0
0
0
0
0
0
0
0
0
0
0
0
0
0
0
0
0
0
0
0
0
0
0
0
0
0
0
0
0
0
0
0
0
0
0
0
0
0
0
0
0
0
0
0
0
0
0
0
0
0
0
0
0
0
0
0
0
0
0
0
0
0
0
0
0
0
0
0
0
0
0
0
0
0
0
0
0
0
0
0
0
0
0
0
0
0
0
0
0
0
0
0
0
0
0
0
0
0
0
0
0
0
0
0
0
0
0
0
0
0
0
0
0
0
0
0
0
0
0
0
0
0
0
0
0
0
0
0
0
0
0
0
0
0
0
0
0
0
0
0
0
0
0
0
0
0
0
0
0
0
0
0
0
0
0
0
0
0
0
0
0
0
0
0
0
0
0
0
0
0
0
0
0
0
0
0
0
0
0
0
0
0
0
0
0
0
0
0
0
0
0
0
0
0
0
0
0
0
0
0
0
0
0
0
0
0
0
0
0
0
0
0
0
0
0
0
0
0
0
0
0
0
0
0
0
0
0
0
0
0
0
0
0
0
0
0
0
0
0
0
0
0
0
0
0
0
0
0
0
0
0
0
0
0
0
0
0
0
0
0
0
0
0
0
0
0
0
0
0
0
0
0
0
0
0
0
0
0
0
0
0
0
0
0
0
0
0
0
0
0
0
0
0
0
0
0
0
0
0
0
0
0
0
0
0
0
0
0
0
0
0
0
0
0
0
0
0
0
0
0
0
0
0
0
0
0
0
0
0
0
0
0
0
0
0
0
0
0
0
0
0
0
0
0
0
0
0
0
0
0
0
0
0
0
0
0
0
0
0
0
0
0
0
0
0
0
0
0
0
0
0
0
0
0
0
0
0
0
0
0
0
0
0
0
0
0
0
0
0
0
0
0
0
0
0
0
0
0
0
0
0
0
0
0
0
0
0
0
0
0
0
0
0
0
0
0
0
0
0
0
0
0
0
0
0
0
0
0
0
0
0
0
0
0
0
0
0
0
0
0
0
0
0
0
0
0
0
0
0
0
0
0
0
0
0
0
0
0
0
0
0
0
0
0
0
0
0
0
0
0
0
0
0
0
0
0
0
0
0
0
0
0
0
0
0
0
0
0
0
0
0
0
0
0
0
0
0
0
0
0
0
0
0
0
0
0
0
0
0
0
0
0
0
0
0
0
0
0
0
0
0
0
0
0
0
0
0
0
0
0
0
0
0
0
0
0
0
0
0
0
0
0
0
0
0
0
0
0
0
0
0
0
0
0
0
0
0
0
0
0
0
0
0
0
0
0
0
0
0
0
0
0
0
0
0
0
0
0
0
0
0
0
0
0
0
0
0
0
0
0
0
0
0
0
0
0
0
0
0
0
0
0
0
0
0
0
0
0
0
0
0
0
0
0
0
0
0
0
0
0
0
0
0
0
0
0
0
0
0
0
0
0
0
0
0
0
0
0
0
0
0
0
0
0
0
0
0
0
0
0
0
0
0
0
0
0
0
0
0
0
0
0
0
0
0
0
0
0
0
0
0
0
0
0
0
0
0
0
0
0
0
0
0
0
0
0
0
0
0
0
0
0
0
0
0
0
0
0
0
0
0
0
0
0
0
0
0
0
0
0
0
0
0
0
0
0
0
0
0
0
0
0
0
0
0
0
0
0
0
0
0
0
0
0
0
0
0
0
0
0
0
0
0
0
0
0
0
0
0
0
0
0
0
0
0
0
0
0
0
0
0
0
0
0
0
0
0
0
0
0
0
0
0
0
0
0
0
0
0
0
0
0
0
0
0
0
0
0
0
0
0
0
0
0
0
0
0
0
0
0
0
0
0
0
0
0
0
0
0
0
0
0
0
0
0
0
0
0
0
0
0
0
0
0
0
0
0
0
0
0
0
0
0
0
0
0
0
0
0
0
0
0
0
0
0
0
0
0
0
0
0
0
0
0
0
0
0
0
0
0
0
0
0
0
0
0
0
0
0
0
0
0
0
0
0
0
0
0
0
0
0
0
0
0
0
0
0
0
0
0
0
0
0
0
0
0
0
0
0
0
0
0
0
0
0
0
0
0
0
0
0
0
0
0
0
0
0
0
0
0
0
0
0
0
0
0
0
0
0
0
0
0
0
0
0
0
0
0
0
0
0
0
0
0
0
0
0
0
0
0
0
0
0
0
0
0
0
0
0
0
0
0
0
0
0
0
0
0
0
0
0
0
0
0
0
0
0
0
0
0
0
0
0
0
0
0
0
0
0
0
0
0
0
0
0
0
0
0
0
0
0
0
0
0
0
0
0
0
0
0
0
0
0
0
0
0
0
0
0
0
0
0
0
0
0
0
0
0
0
0
0
0
0
0
0
0
0
0
0
0
0
0
0
0
0
0
0
0
0
0
0
0
0
0
0
0
0
0
0
0
0
0
0
0
0
0
0
0
0
0
0
0
0
0
0
0
0
0
0
0
0
0
0
0
0
0
0
0
0
0
0
0
0
0
0
0
0
0
0
0
0
0
0
0
0
0
0
0
0
0
0
0
0
0
0
0
0
0
0
0
0
0
0
0
0
0
0
0
0
0
0
0
0
0
0
0
0
0
0
0
0
0
0
0
0
0
0
0
0
0
0
0
0
0
0
0
0
0
0
0
0
0
0
0
0
0
0
0
0
0
0
0
0
0
0
0
0
0
0
0
0
0
0
0
0
0
0
0
0
0
0
0
0
0
0
0
0
0
0
0
0
0
0
0
0
0
0
0
0
0
0
0
0
0
0
0
0
0
0
0
0
0
0
0
0
0
0
0
0
0
0
0
0
0
0
0
0
0
0
0
0
0
0
0
0
0
0
0
0
0
0
0
0
0
0
0
0
0
0
0
0
0
0
0
0
0
0
0
0
0
0
0
0
0
0
0
0
0
0
0
0
0
0
0
0
0
0
0
0
0
0
0
0
0
0
0
0
0
0
0
0
0
0
0
0
0
0
0
0
0
0
0
0
0
0
0
0
0
0
0
0
0
0
0
0
0
0
0
0
0
0
0
0
0
0
0
0
0
0
0
0
0
0
0
0
0
0
0
0
0
0
0
0
0
0
0
0
0
0
0
0
0
0
0
0
0
0
0
0
0
0
0
0
0
0
0
0
0
0
0
0
0
0
0
0
0
0
0
0
0
0
0
0
0
0
0
0
0
0
0
0
0
0
0
0
0
0
0
0
0
0
0
0
0
0
0
0
0
0
0
0
0
0
0
0
0
0
0
0
0
0
0
0
0
0
0
0
0
0
0
0
0
0
0
0
0
0
0
0
0
0
0
0
0
0
0
0
0
0
0
0
0
0
0
0
0
0
0
0
0
0
0
0
0
0
0
0
0
0
0
0
0
0
0
0
0
0
0
0
0
0
0
0
0
0
0
0
0
0
0
0
0
0
0
0
0
0
0
0
0
0
0
0
0
0
0
0
0
0
0
0
0
0
0
0
0
0
0
0
0
0
0
0
0
0
0
0
0
0
0
0
0
0
0
0
0
0
0
0
0
0
0
0
0
0
0
0
0
0
0
0
0
0
0
0
0
0
0
0
0
0
0
0
0
0
0
0
0
0
0
0
0
0
0
0
0
0
0
0
0
0
0
0
0
0
0
0
0
0
0
0
0
0
0
0
0
0
0
0
0
0
0
0
0
0
0
0
0
0
0
0
0
0
0
0
0
0
0
0
0
0
0
0
0
0
0
0
0
0
0
0
0
0
0
0
0
0
0
0
0
0
0
0
0
0
0
0
0
0
0
0
0
0
0
0
0
0
0
0
0
0
0
0
0
0
0
0
0
0
0
0
0
0
0
0
0
0
0
0
0
0
0
0
0
0
0
0
0
0
0
0
0
0
0
0
0
0
0
0
0
0
0
0
0
0
0
0
0
0
0
0
0
0
0
0
0
0
0
0
0
0
0
0
0
0
0
0
0
0
0
0
0
0
0
0
0
0
0
0
0
0
0
0
0
0
0
0
0
0
0
0
0
0
0
0
0
0
0
0
0
0
0
0
0
0
0
0
0
0
0
0
0
0
0
0
0
0
0
0
0
0
0
0
0
0
0
0
0
0
0
0
0
0
0
0
0
0
0
0
0
0
0
0
0
0
0
0
0
0
0
0
0
0
0
0
0
0
0
0
0
0
0
0
0
0
0
0
0
0
0
0
0
0
0
0
0
0
0
0
0
0
0
0
0
0
0
0
0
0
0
0
0
0
0
0
0
0
0
0
0
0
0
0
0
0
0
0
0
0
0
0
0
0
0
0
0
0
0
0
0
0
0
0
0
0
0
0
0
0
0
0
0
0
0
0
0
0
0
0
0
0
0
0
0
0
0
0
0
0
0
0
0
0
0
0
0
0
0
0
0
0
0
0
0
0
0
0
0
0
0
0
0
0
0
0
0
0
0
0
0
0
0
0
0
0
0
0
0
0
0
0
0
0
0
0
0
0
0
0
0
0
0
0
0
0
0
0
0
0
0
0
0
0
0
0
0
0
0
0
0
0
0
0
0
0
0
0
0
0
0
0
0
0
0
0
0
0
0
0
0
0
0
0
0
0
0
0
0
0
0
0
0
0
0
0
0
0
0
0
0
0
0
0
0
0
0
0
0
0
0
0
0
0
0
0
0
0
0
0
0
0
0
0
0
0
0
0
0
0
0
0
0
0
0
0
0
0
0
0
0
0
0
0
0
0
0
0
0
0
0
0
0
0
0
0
0
0
0
0
0
0
0
0
0
0
0
0
0
0
0
0
0
0
0
0
0
0
0
0
0
0
0
0
0
0
0
0
0
0
0
0
0
0
0
0
0
0
0
0
0
0
0
0
0
0
0
0
0
0
0
0
0
0
0
0
0
0
0
0
0
0
0
0
0
0
0
0
0
0
0
0
0
0
0
0
0
0
0
0
0
0
0
0
0
0
0
0
0
0
0
0
0
0
0
0
0
0
0
0
0
0
0
0
0
0
0
0
0
0
0
0
0
0
0
0
0
0
0
0
0
0
0
0
0
0
0
0
0
0
0
0
0
0
0
0
0
0
0
0
0
0
0
0
0
0
0
0
0
0
0
0
0
0
0
0
0
0
0
0
0
0
0
0
0
0
0
0
0
0
0
0
0
0
0
0
0
0
0
0
0
0
0
0
0
0
0
0
0
0
0
0
0
0
0
0
0
0
0
0
0
0
0
0
0
0
0
0
0
0
0
0
0
0
0
0
0
0
0
0
0
0
0
0
0
0
0
0
0
0
0
0
0
0
0
0
0
0
0
0
0
0
0
0
0
0
0
0
0
0
0
0
0
0
0
0
0
0
0
0
0
0
0
0
0
0
0
0
0
0
0
0
0
0
0
0
0
0
0
0
0
0
0
0
0
0
0
0
0
0
0
0
0
0
0
0
0
0
0
0
0
0
0
0
0
0
0
0
0
0
0
0
0
0
0
0
0
0
0
0
0
0
0
0
0
0
0
0
0
0
0
0
0
0
0
0
0
0
0
0
0
0
0
0
0
0
0
0
0
0
0
0
0
0
0
0
0
0
0
0
0
0
0
0
0
0
0
0
0
0
0
0
0
0
0
0
0
0
0
0
0
0
0
0
0
0
0
0
0
0
0
0
0
0
0
0
0
0
0
0
0
0
0
0
0
0
0
0
0
0
0
0
0
0
0
0
0
0
0
0
0
0
0
0
0
0
0
0
0
0
0
0
0
0
0
0
0
0
0
0
0
0
0
0
0
0
0
0
0
0
0
0
0
0
0
0
0
0
0
0
0
0
0
0
0
0
0
0
0
0
0
0
0
0
0
0
0
0
0
0
0
0
0
0
0
0
0
0
0
0
0
0
0
0
0
0
0
0
0
0
0
0
0
0
0
0
0
0
0
0
0
0
0
0
0
0
0
0
0
0
0
0
0
0
0
0
0
0
0
0
0
0
0
0
0
0
0
0
0
0
0
0
0
0
0
0
0
0
0
0
0
0
0
0
0
0
0
0
0
0
0
0
0
0
0
0
0
0
0
0
0
0
0
0
0
0
0
0
0
0
0
0
0
0
0
0
0
0
0
0
0
0
0
0
0
0
0
0
0
0
0
0
0
0
0
0
0
0
0
0
0
0
0
0
0
0
0
0
0
0
0
0
0
0
0
0
0
0
0
0
0
0
0
0
0
0
0
0
0
0
0
0
0
0
0
0
0
0
0
0
0
0
0
0
0
0
0
0
0
0
0
0
0
0
0
0
0
0
0
0
0
0
0
0
0
0
0
0
0
0
0
0
0
0
0
0
0
0
0
0
0
0
0
0
0
0
0
0
0
0
0
0
0
0
0
0
0
0
0
