1983192812
2624265
2624265
0
1774158
1305624
56
356
6
237522
18751
18751
110
26
13750000
51744
41530266
347
6409
9746
4350
34656
1921
2920
820
470
410
811
96541
6608
37
163161
2088
10371
3459
4861
1435
3577
908
2026
1072
4719
788
1834
3990
755
999
1990
90
1753
9268
4542
291
474
3625
4350
577
560
70
23193
4010
7147
10534
26315
2847
8447
10753
13238
177
6118
14721
6568
4381
19164
10678
317
12923
13308
15883
9393
2838
3999
2190
19888
3333
927
202
50
56175488
177
45
445984
14927
32372
674
34522
167
21774
10008
3073
1067
10748
20357
3364
2796
1336
2235
48548
4887
396
71
1147
745
367
256
0
988
72315
1910
18268
10609
18636
6261
4782
4193
133
1063
0
232503
2351
201
141
14466
35503
9770
17
9655
13930
123
2823
11678
29139
307
20393
463681
2918
106778
156560
8392
22326
4409
1669
49203
490253
83
18689
485
11658
259
2246
4447
1754
9458
73306
9170
7684
185
11638
2415
2443
473
2025
344
1415
752
415
2915
476
652
15395
16
204
1481
315
980
3195
933
2155773
6261
10454
24758
937
21208
16204
2625
1216
366557
51719
296
94681
5533
1116
5919
3003
2297
55222
4148
1981
1258
4653
2116
1085
975
1217
7700
1272
907
296
6206
167
250
3150
3810
2553
2859
95
15514
932
1988
11227
4545
130
1731
3475
1858
368
34217
1638
141
2786
1068
1987
7955
1564
4179
8510
0
6130
401
2316
458
3089
1531
313
261
54
321
421
1016
3504
7249
601
2180
295
4514
237
255
70362
5002
2417
2722
2685
540
1322
166449
4016
1435
144741
54309
1259
10227
3000
266
7871
1265
6567
1296
81
1915
260404
255
13440
23526
6483
2970
2656
11340
2312
10966
247
172
8004
104833
183
9
76097
10795
147
11369
2076
4
4973
298210
313
755
1981
127
7201
0
3183
34
5041
1786
30
877
2014
22151
2871
730
32038
2658
192
13983
2054
19747
4653
4234
974
773
78
9333
390
13626
1308
21
3237
222
273
76
85
4043
66
3267
318
6997
1647
475450
6281
314
1097
4244
2744
1233
4
105168
3813
3342
5020
60896
2297
946
336
233637
5631
3236
34297
725
29155
8609
22
958
10619
9550
3681
19803
2621
2832
59820
964
5950
515
309
271
135
7053
1238
128095
8381
106309
1896
3055
2105
1321
2447
6323
1182
209
26431
164
268
3115
57
1915
3731
673891
10389
5672
1943
25973
53
1216
691
42605
2447
10001
8594
26262
16084
7986
267
2
79788
1895
14026
158359
3025
252
206
12677
8314
7142
4821
2580
82
4793
54050
7090
31402
5971
106716
4469
2777
4008
10482
39600
431
3144
2820
3392
97
154
2974
120
3481
281
6915
12015
2436
11413
2371
151
2983
19184
535
8793
342
298
943
606
4422
4286
0
5770
81
1548
488
786
159
17
283
263
19840
1399
198
1347
3800
6335
700
111
1840
10943
141
270
76
13101
152
2232
1250
1659
98
1486
101
32
327
1631
1395
99
123
114979
14709
42733
6104
13432
1854
13892
58261
2156
43683
2140
2972
6671
5121
1736
6782
4879
148
509
3644
81217
3459
7515
5060
7230
15687
1239
16706
10189
2575
44351
10227
8465
252
4354
317
1739
106606
16853
1880
5458
14882
2196
968
21208
3604
8970
413281
8695
8812
5940
212
10958
2500
2301
1182
10479
77
46796
5119
5939
5937
2493
857
508
514
4488
2612
72
12939
1572
526
125
232
2008
34187
732
19908
287526
13209
249
1085
2565
0
188443
6867
66448
71489
9867
10113
5891
8093
87008
19771
133985
1260
532
26529
2384
2439
2030
11964
18489
12938
733
1948
42158
6465
5301
845
1408
687
4008
949
4827
38
21925
18572
6255
790
4148
6079
5387
1235
24459
721
4927
6838
477
3064
2549
141626
121113
91
23
15098
25234
43090
25937
713
3097
19733
7779
1469
18425
3545
3300
31268
3381
260
31548
1321
77333
228
739
260
7168
648
25871
2820
16408
1017
611
4047
137
59907
3503
12654
4724
19426
100
260
3323
0
766
650
1048
37322
10364
3680
25659
22566
27986
682
533
10669
24637
3065
45109
8555
34523
10010
8292
930
7791
60
1618
1328
815
54985
5639
14956
16809
6339
2087
1314
1392
1923
28439
405
100908
21054
4821
777
4680
17402
6024
22662
790
200
688
18750
3253
102913
17064
475
19829
48406
7975
5870
474
5703
120334
12344
279
127
199
237
66384
3292
32489
35138
1488
5214
1299
1971
2125
169
138
25146
1057
14447
60913
6733
5968
10892
253
393
7868
7966
613
16947
7018
1837
1858
10623
407
12065
73
1485
652
2548
119
160
3606
258
421
176
153
2138
647
5728
595
148
7325
736
2331
352
41
293
4111
1705
9356
3781
15
191
1653
2793
5850
2662
2119
10622
257
124
55
96864
7367
14153
29036
906
9172
1671
338
40
53901
0
89253
36715
3128
5200
59069
78
12139
5003
52
1132
44
318
181
72
715
181441
6231
2319
48340
60
13640
4502
1554
4567
4769
40970
41522
254
5820
3091
2335
713
13111
679
11131
5889
281
20959
2923
1078
72413
17097
18981
5710
1033
188
314
6014
2551
1843
2623
5884
355
1377
529
59
119112
3022
9354
232
14440
8848
424
5799
742
883
14099
247
76
1364
835
15467
194
183
3463
387
5283
5109
5038
158
853
55
270
4874
118902
4625
5150
17933
144
2862
6899
1339
9143
104875
27182
49712
37
57371
1311
31093
4663
518
6736
656
17021
3401
4869
3188
139
5920
6737
312
338
59
171
4576
3798
7376
880
499
874
1276
1615
2008
1112
247
1850
550
537
528
1671
1498
1224
863
5096
436
3794
4267
1020
1322
121
8238
15375
610
258
1069
2664
681
203274
13430
42539
7384
124
30803
590
2086
1745
47797
22721
4660
5069
22849
2463
21544
6761
1185
86
519
803
361227
16418
674
314
2107
332
67
24492
840
745
4829
211182
847
15709
136
273
10525
1113
8103
6207
11770
614
26157
2034
0
95
726822
1802
24940
15394
5888
893
1739
69133
9892
827
25412
17543
3826
6144
364
2592
16695
15420
1147
3964
194
9792
415
807
124239
2666
22126
31137
244
579
133
2848
16824
972
443985
664
6520
4582
62
12151
15037
151701
471
140
3019
11928
3320
223414
8630
28884
70484
3068
41673
58789
19154
2180
19562
4049
68176
32421
8612
3397
11745
391
3380
525
2858
424
208
81
334
176
29602
138
1609
6196
955
5472
6394
20820
5814
490
289
810
124
148
140
27613
465
60
805644
790356
157
36033
1961
115074
540976
1266560
2551
197229
98725
2493
5136
17401
20589
2886
31986
4971
1776
8443
298254
21467
16695
67
38369
16018
24853
556
40
63183
339
21164
15205
1063
301
3502
935
606
205
10275
167
92
95
103367
20209
37358
22147
2342
15810
10540
760
64956
4301
125408
2509
6487
5976
685
928
82
56713
24574
52681
6459
16269
4179
22071
199
17181
114
3771
2417
2416
137756
88663
6041
33812
72456
8699
140
267
12080
37730
13046
99
8514
1647
378
93
1260
113
22367
3049
392
1866
309
1002
11879
552728
9992
96343
82
91906
232
9575
39923
5934
2675
4358
1139
746
4666
6949
999
1007
70
963
1108
1705
1855
3071
4901
49
1528
666
935
9676
1390
109
619
186
95
932
19771
172
858
1065
2117
2389
254
859
176
252
287
2802
95
6015
5501
1723
1630
470
74
308
1455
2962
50954
11906
5905
1961
3635
19544
79
2095
2203
21924
10187
11057
29142
359
281
891
73
78
335
615
9806
1770
15840
9008
779
1789
6984
11708
27581
4384
65
71
16450
9672
11251
5781
2629
417
53
4450
87
1249
1349
164
28920
8951
2367
15793
10075
1067
3280
8902
9397
5368
3887
4133
3974
2851
469
5996
80120
1894
21611
28449
6756
3899
2769
1148
33031
1217
1645
5758
512
194
4018
3660
1550
3302
809
5146
0
75
18639
1558
2041
2675
8852
3070
91
2118
7996
556
4350
4395
11505
144
2413
188
10319
23486
305
6481
1648
3453
1362
2011
8636
458
326
7173
4733
3765
1012
84
576
1618
1843
1433
1467
8360
1937
601
192
2395
42132
522754
16439
4166
507
313
32865
1289
6311
3784
4692
3540
2938
3337
24073
5173
2933
5229
620
9578
6614
25
122
4195
9721
8269
2103
170
1763
1764
232
6309
44917
2173
3538
8530
273
274
1100
14477
355
3245
5685
772
90
239
686
31081
5892
594
1003
131937
5311
30096
480
17414
899
3660
1043
1044
129
11008
1068
4504
135
200
690
6891
1494
241
72108
2619
6003
1892
8940
571
126
605
33380
493
6575
5247
128842
2886
53
3170
42642
436
1408
25163
13890
848
10665
263
3841
1779
11662
903
8504
1887
4552
4390
17944
3018
3375
743
930
1302
2327
18126
102
4183
1604
558
4783
53
671
15521
95
450
9903
1251
33802
4030
2389
10092
1411
1675
458
12058
524
7862
4083
3340
18356
18411
180
558
4342
54
160
304
54065
2715
13697
4178
60
57721
3234
15176
2779
2325
3454
407
9749
63468
8059
420930
244430
411
11382
11528
1486
12523
299296
95
3415
2762
1836
29724
19716
5688
6397
1965
615
1040
5967
2486
255
4331
73
5679
3997
13
847
26671
8281
185
74
1426
10092
13526
8504
35249
7608
4140
2043
517
10860
4666
46449
3550
5358
7111
6287
112
14336
2125
466
274
815
9491
1016
823
2272
257
1430
348
386
330
6708
2149
1089
11
5229
743
3153
1018
2755
591
7011
279
1381
3355
207
2966
2942
56802
12750
8347
6923
4340
106
53
24723
97960
84920
36791
1610174
144172
237103
91270
4614815
16778
135866
218444
105967
3750753
158629
342692
2780814
2622824
477253
153722
325576
4403
401423
75626
22202
4172
59427
2736561
149911
438347
51505
288205
1896381
181104
88468
169637
2462106
30687
2271471
187901
357324
2344820
169819
95614
2204714
52650
80820
495520
2068955
37507
281978
40663
71897
1726012
89670
118612
34785
1985169
1966667
118611
16968
45916
29637
109134
219520
28156
59097
54407
1675055
75976
35567
1636545
1636432
36071
102788
46
26795
73966
51246
1084904
38822
481700
214885
417322
1433520
239686
1437302
57461
31612
436518
1347709
62208
25164
57613
24864
867071
3326
26390
125908
141473
207713
1199332
38445
34108
26574
155033
939836
109757
69611
79801
27231
857330
908999
824146
180227
90501
334219
111905
31868
36829
129786
71850
11613
54484
39177
220863
27137
89819
49876
51548
575140
72494
54653
937545
47582
720661
37974
924159
931158
802817
140041
105643
117310
76895
912242
180273
79306
39020
3497
46961
145353
13358
25038
509954
135433
859324
105225
43776
101290
745853
40646
143210
49732
50574
25123
54705
24025
39718
24986
761509
233552
129386
10454
24000
32544
544617
18611
40637
721291
721079
194860
7724
694976
3480
34304
681834
28048
51638
656935
651505
15219
646265
624999
52595
637869
164821
153237
140722
81967
621996
24173
26046
55049
366350
50125
104460
598582
127362
35480
66776
20439
25205
92759
473873
19081
69803
168071
10798
81977
26413
32989
228460
9369
22007
23693
543272
44286
17685
539809
18979
539087
27077
534107
243528
528614
29736
522588
62405
154204
391858
83940
58664
8640
172168
37797
59768
88214
436565
492860
12642
491739
487599
490603
51561
248698
21377
30710
33809
52835
62917
61753
466388
7440
128867
36073
463808
44994
2510
72408
427844
20560
22010
38692
448044
442099
30960
440503
44732
65090
437430
437339
20772
54359
85869
24864
430772
39275
424948
424954
15719
389386
422297
20883
416883
117046
7105
414664
42238
64333
72157
409479
51577
50009
16548
34478
13359
196556
31302
35435
402997
58526
309350
30698
394117
52022
115812
377565
391736
388924
386327
166772
383252
378805
54676
27038
106424
26335
17540
298712
62086
20073
41304
365890
364571
37447
362790
42103
6991
356931
202704
11215
31944
15972
14657
45
103922
165687
26034
18566
13645
230640
9372
3488
341308
249003
17604
522
339980
339427
33855
31772
5853
42936
329306
670
11340
46573
24
28697
321222
320935
28128
319435
49375
277122
42208
317487
28233
33962
18873
40041
14794
34154
313757
50640
312991
307781
66220
309946
28575
142335
7806
1810
50401
58644
28793
308003
42139
306723
302915
30415
92544
43283
304205
13377
68155
301669
30547
766
192115
30818
299875
299591
48719
26247
13996
295641
298229
57466
86265
289210
17644
294481
57836
67326
13729
46439
46642
73
141457
6686
289206
23878
288248
287970
17231
18239
286315
125689
51498
285509
16869
23067
74230
23905
234218
56667
16781
26761
2551
139565
272674
56242
276182
76037
182013
29240
39371
18644
52804
273727
31743
271489
269923
269593
269021
206473
267959
97766
55031
16710
10897
30183
109357
40090
63050
47055
260014
39214
4279
26844
15537
51386
245566
256056
255737
254420
39265
189360
14331
33791
252534
42127
252351
25718
187458
251322
20747
23540
17503
18366
69388
247100
247006
246870
246779
31296
52988
245758
3749
70660
110950
52649
243921
243963
89624
242825
14684
242540
241782
36158
180482
20845
23124
13684
41318
38173
238195
12598
7030
15627
231290
134414
230738
230699
230582
143976
83500
34397
32129
11682
19741
3853
47598
72872
12067
223202
34475
222930
222876
6838
34275
221935
27131
22149
219939
105969
17424
28352
54769
55125
87107
216799
29226
215952
24236
1974
19860
175490
57353
39193
200552
7798
22939
73516
6574
211214
210961
35200
48710
28568
6780
10089
19752
202641
28112
89081
205988
150787
19178
11723
2766
33675
9319
153753
8909
71727
201039
14071
52931
4621
10481
117644
15772
198625
48854
47
53721
197497
2286
37536
196460
102008
9420
25276
11290
42875
194779
25072
17513
11999
146653
40554
193657
14036
30123
25510
193362
193216
12767
92424
27848
112987
57515
7143
191528
190687
190589
13404
190444
190178
34785
11819
190211
161753
189603
170436
12758
12218
119097
6252
187135
44510
52091
14992
185286
185092
43589
19328
184135
49874
16741
5855
29667
183140
2650
62270
1105
20514
181445
181274
39847
20844
57835
27659
4810
328
119913
40769
27500
13328
32989
103393
147890
23304
0
172398
76177
24953
0
41084
30238
174255
11839
13101
24587
19821
173872
173671
173617
32521
26798
61371
13760
172778
172698
122825
644
138618
62252
33105
118926
164573
97909
161164
170018
169834
47581
169671
169634
18480
1
169280
168742
118866
122351
31984
51133
34863
167684
45288
7001
133597
7500
55524
18916
1748
30696
164778
163852
20
121931
163564
162934
11161
31328
162304
161921
16474
161518
160597
30175
159792
14727
17856
18385
48011
46386
157835
157830
157688
157493
30788
32241
156696
156348
31714
6050
6577
10439
19264
45388
8071
9457
154059
139748
15743
153138
32300
152648
152579
74403
151832
151765
108954
151391
36550
19235
150800
26667
149453
149362
61017
149381
148977
145311
148686
148467
148507
148230
2945
10899
147576
20915
0
15410
146428
146282
27558
43161
62714
20752
144540
144419
43258
144226
18909
49343
143819
29509
66826
143662
143155
35367
142877
142611
142446
142448
13011
111779
55055
141260
5536
107181
140920
65804
140719
136681
7686
24789
19927
28593
14067
29432
9039
27455
1966
137908
137728
137696
124201
1234
137458
10432
136665
13309
135992
135956
20331
36325
132251
40995
21833
134676
15507
116574
20968
134224
18186
8693
133972
24213
107886
133347
29049
133039
14336
36442
132001
131991
132014
13426
131894
120605
114897
131826
56409
10186
126284
12153
130950
127687
36262
9965
107430
14232
46669
129873
17519
129605
8423
129479
129410
128988
8638
128893
121251
29534
9785
128394
30382
128293
22568
128096
40006
21908
127873
127867
15171
29338
127209
19277
29133
127098
25944
6727
126936
126812
14003
4351
38148
126222
126189
126194
37807
125804
35074
13482
53553
125344
124827
124760
124697
10099
21568
124510
15694
43933
81329
48602
19892
22657
123183
22112
30496
22187
2934
113337
27546
9612
121548
94149
121114
5170
21280
120692
35883
119974
16441
11762
38512
108153
33054
118904
25402
17663
12075
118229
21746
118113
19790
117764
117802
32936
100142
35441
117005
116935
116806
54602
33862
18354
27480
116392
5886
87542
3686
24842
681
43926
115220
115067
15151
35073
19551
13227
106923
114477
114422
30760
27459
22684
113809
5541
101081
29471
83868
113421
113300
25846
7483
113139
20310
35286
78107
10623
24903
5607
112105
38732
8069
111558
111413
111048
62333
110761
110609
11874
7084
110472
27105
13362
1388
28174
110223
97016
22394
109897
28480
13317
24457
109215
12526
84654
20890
108014
14235
14233
32696
17469
88954
107143
4164
107023
32345
27539
3931
30600
33564
51270
29463
8318
46957
106098
79544
106071
105739
8076
46206
105069
21689
104905
14970
32899
104659
104663
104450
104445
18416
104211
67607
104189
71953
104041
11624
27482
27649
103779
52739
103716
17218
30498
59048
10107
103462
1
103237
28554
17609
33696
102383
10693
102376
102386
51362
102155
101988
101882
101458
78855
20381
24721
45612
100654
22418
34288
81637
47011
14047
22
68368
99812
2318
7587
45048
99525
294
16588
0
17950
99009
22163
28828
98972
9239
37086
98802
98698
98701
25263
58394
27098
23676
49102
24366
7208
20127
97809
1303
97365
4355
97195
5
8942
96646
96632
96617
27235
67148
93271
23157
25150
4972
27542
96251
96156
21407
21171
95929
22912
88575
11146
25533
42971
95083
36398
94835
73091
73239
45003
94363
94258
58852
94122
18316
873
93821
93743
46543
93681
93546
93527
23278
10573
93395
27410
8953
93019
92956
17408
40072
2989
92346
39208
92127
23739
18142
92027
91838
91804
31726
646
91735
8039
91361
91269
91009
90953
90948
29078
90859
19536
90834
74186
90614
90465
90480
7986
76303
8648
90164
90101
19718
89954
34267
89726
18949
89697
89610
89604
26687
89387
89329
89275
23535
5831
17900
33146
89085
88910
8073
21874
88770
88734
52664
38326
88447
87974
26177
87921
84404
39684
31898
21101
17504
17814
87080
40012
37364
86847
86825
86760
15669
86366
55180
23427
28740
86238
361
86025
86012
28457
9994
21662
54
85502
55190
17521
16534
81116
36749
31558
36064
52264
25977
84933
18363
5921
43819
84808
84760
84735
84653
11205
84623
72604
27927
25863
69937
84313
84181
83872
48317
83862
22127
30355
14000
15288
83394
15450
83240
83226
30128
41288
83005
83033
82984
82889
5702
37322
23390
6614
54337
81992
18395
28733
81745
81708
9349
18670
21494
81646
12450
81176
19749
81083
17776
80820
80815
80687
32308
80608
80548
66724
16235
15744
80279
80132
80061
21406
20926
79947
59923
79775
79659
79638
79637
79462
16908
29811
8207
68726
12523
53714
27571
19479
68101
78702
66065
78629
78560
78535
78453
78424
58273
78198
33770
5317
73614
77886
54950
77725
77685
77598
8391
4325
10743
77336
77294
20118
14044
76910
76909
18232
76712
17267
69667
39396
4506
3669
76365
9862
76002
10348
20956
75772
75741
75721
75717
34075
52821
10420
56140
75521
21550
23
34627
20545
75086
13301
74895
7920
36833
74823
74789
58701
12899
36920
15594
14428
24384
49504
21040
30565
28595
73874
9661
39542
73687
23678
4733
54888
73224
13729
14848
72909
72745
23367
22709
72482
53831
72369
72325
14528
43884
17500
4382
71979
8389
36384
71873
15816
71808
71749
71695
71648
20
71496
71478
42151
4274
71231
29305
67890
71113
71081
39766
47602
71029
71040
67871
70816
70791
70777
15254
70446
14622
70271
70172
70149
70132
65651
70056
70030
69991
69929
69946
69861
11193
23456
37786
69524
9950
69307
69285
12941
30171
69140
69134
20572
69039
15132
41527
8083
68850
56105
18311
15606
68616
28049
15400
32167
68243
5315
68242
28847
30982
45120
67963
67876
16882
67787
67747
67726
3691
36719
19593
67417
67435
67173
33239
35237
17304
63106
18941
66825
14489
1862
66630
66541
66514
10320
10476
26168
66280
66155
24622
8435
66086
2935
24193
65925
65887
65906
1803
10501
14047
65566
22230
65490
65462
19948
49342
0
65325
30752
65309
65144
15406
8262
64986
51714
64759
64752
7668
34364
23575
41686
10519
64322
3143
20253
2721
10635
64169
64099
7818
63773
63764
1682
63741
60379
63647
63580
63561
63518
63534
63408
108
63394
63242
63247
15948
19352
63134
63068
63093
12929
48334
62995
37362
31195
15571
62741
32088
2726
62659
62606
62581
11704
62484
19748
30597
774
41386
62280
8988
62160
62116
31585
7805
13303
61949
61848
61819
20604
50315
770
61612
57369
61569
61526
61474
61465
61405
40364
61359
61265
12894
29627
5341
61093
61035
61067
21129
20213
47383
60900
15654
60840
60814
60796
60783
11917
60668
8939
48165
23614
60428
7817
60381
23228
44669
60271
60292
60240
60181
4796
38964
14512
28039
38167
8045
29618
19853
28202
27697
6498
59502
13750
11827
59423
59388
59406
23862
59324
6587
51443
54796
46259
59032
2
23013
34481
58911
17245
8970
58646
12366
23231
28758
58477
58386
58345
54758
22789
58125
58115
22688
9199
6
42494
4965
18110
36901
24224
57709
54390
57632
7294
57459
25570
6505
57396
57293
57233
57170
38562
57036
3
10516
7
18500
56994
8212
21017
17417
24508
14547
56616
56631
56583
40666
24508
18797
56421
31080
21637
19854
56199
13099
1401
56114
56000
13385
55907
55880
55829
33057
55800
14063
55645
14722
14945
8746
6578
7946
55405
29004
0
18068
55311
55131
55128
55130
55115
54988
25947
8529
12056
54902
54855
6178
54742
54730
0
26403
54632
54604
1
54551
54575
54534
39916
54479
14212
54405
54355
10427
54307
3723
54184
54217
13230
54129
0
54035
13699
603
4139
22166
53643
53618
53623
53602
28302
5681
1964
4851
53465
53395
31996
31987
35292
12834
49231
53258
50082
53141
53121
13502
1402
15818
52885
52855
30973
33236
52822
52757
19394
52625
52620
39945
52537
32490
19311
52397
52383
52366
14340
52291
52254
8608
40312
10972
52157
52178
2956
52137
52102
52043
52099
52019
25714
4241
51932
6064
51903
51889
20542
51847
40555
44751
15426
1679
51549
51530
21108
10224
51252
24943
51159
51170
51078
51051
51034
20201
13793
34592
2354
50784
50693
14023
50638
25606
34860
50445
50412
18270
50356
50311
50266
35604
39690
50033
10422
35616
49956
44106
49843
49857
49841
9762
49842
991
13675
49807
13856
21685
20852
14913
49529
49521
12354
5252
49386
12739
43464
49281
49297
49276
49110
49114
25613
16728
36062
20452
48875
11801
45540
48807
48723
15814
12112
642
48664
19779
27452
48561
48526
48507
48487
13598
48460
48427
22440
10076
5087
15176
48299
48287
44303
10270
48249
48176
48130
48098
48117
10709
47924
5312
47832
44074
13657
47669
47653
15080
47501
15305
9679
47416
47386
26851
47261
47230
18298
4387
47250
20774
4086
1514
46904
46872
46818
46778
24944
6722
46621
20135
3342
46585
8378
46413
46401
46430
46391
46310
46294
18800
46215
46149
46024
6737
46048
20083
46009
6436
18197
45913
21940
10292
45839
45827
30341
20711
36959
45613
45574
45553
21666
13183
17825
18518
45353
45319
45328
45337
4268
42194
41088
14932
19942
45200
45192
10228
12031
45164
35646
6803
9358
9258
45050
45048
45041
20158
12724
19512
44909
38561
44799
2465
31006
1167
44738
44729
18279
44657
29707
44472
44478
19615
10384
6045
5178
44298
44298
20245
39746
25
17907
16770
43958
38412
15454
9791
19224
211
43610
8678
3282
43553
43504
43524
25683
43404
16169
43363
17541
484
43350
36362
43303
43226
43177
38247
23309
37807
42968
13747
42936
42943
42865
42829
42788
4444
42744
19714
42684
14647
4807
42597
37110
39528
42566
42523
6191
42482
11769
42465
9381
42350
42301
13967
42288
42300
8766
22632
42253
42226
42189
42182
1253
2732
42153
18252
7335
42050
16860
33567
28024
41953
28662
41835
41848
9602
41824
41711
5159
41636
2133
41619
41625
19512
19076
41567
30456
41543
20089
41504
41480
22156
41411
26357
41380
41369
19543
7552
17934
28881
127
11000
795
12091
41012
41006
41018
40971
40951
17213
40866
24197
40859
40842
40775
40766
17000
10789
40713
21276
6253
40694
2592
15857
20081
25488
12359
40602
40576
23857
40557
27256
32879
16630
40474
40440
40406
40388
8414
40337
5160
9743
15615
21561
23338
40150
40128
9490
40028
39997
8866
39997
39962
39932
14989
39858
39818
19567
29130
25918
35291
24465
4281
11292
39531
32231
39441
9166
11488
39400
39352
39355
39320
39279
19182
39263
11675
39203
25872
7508
15632
39130
39127
15975
39036
12378
38916
38868
38853
35147
38858
22866
38825
8558
38811
38752
17410
38722
38730
38721
38713
38693
2787
18302
22033
4
742
38589
38581
32668
25389
38439
38392
38324
38263
38249
16981
35160
110
10619
18607
38072
38023
38050
37987
19141
0
32227
26072
27502
9816
8115
37893
37895
37828
37797
17157
37708
27928
15698
19559
10086
37604
4799
37551
5527
37509
7190
34252
18548
6998
16317
37372
11888
37317
19580
37331
15978
3526
37311
17356
32952
37174
37130
37135
37122
37107
37107
37086
37088
4310
4
20734
225
37027
37033
13019
7580
23396
36975
1606
36985
36948
36883
36824
15239
36837
11156
36735
31268
36625
36599
21647
19560
36576
36528
36501
36478
24011
36460
36426
36379
36379
36362
36291
36270
28585
36225
36215
25110
36140
36109
5810
36087
36046
36026
4996
36010
32049
35989
35997
35977
35948
35959
35862
17290
1607
32579
35844
24775
17257
35802
35738
35663
35690
20113
35679
3609
18251
7153
35584
35531
2715
35549
35535
32243
19664
6844
9084
35433
35422
17113
35449
35388
13185
23922
21028
35360
35364
3898
13934
35322
14403
35261
35228
5859
35124
12324
15366
30998
35059
3442
14820
35012
15548
22669
17168
26760
2597
34917
4535
708
3714
5383
34822
16123
9658
34736
34724
34706
34741
5921
34690
34645
34612
31288
34562
2781
3349
34544
6849
15415
34526
34520
34496
8170
34427
15891
8321
4662
34403
34388
34325
34294
34263
34244
8570
13285
34179
14252
14912
4123
34075
34048
34051
22474
34066
16548
34039
34026
33990
16753
14323
17977
4991
5350
3133
33913
33849
33849
33765
5121
33750
33734
2610
27594
8304
23562
33655
33648
16499
12897
33595
11450
6396
23283
13632
33511
17457
16550
25725
15650
7015
9247
401
11294
33328
33239
33200
17993
33211
14757
33202
18177
33174
33156
33142
33135
5101
33105
33107
4676
4929
33086
7565
8232
33028
16476
20395
33027
32967
4253
3156
26951
32918
32873
7585
14904
32835
8715
15150
12219
5809
32794
6686
32775
32755
32731
27
7351
23686
32673
32630
8162
6064
11799
7589
29088
11133
5156
28913
9659
32403
32399
5154
6276
7127
32345
32338
32322
4515
32307
3484
32267
32282
11985
4788
32215
32161
13083
32118
11586
12436
32013
17082
8934
9503
18478
31978
31964
27501
31923
31911
31872
31876
31865
31872
8574
31824
31789
15548
3142
7095
31725
16001
26784
31695
16955
22618
31647
31677
24657
31606
31568
5513
6180
13282
4324
31487
17923
27493
13335
2372
7303
31397
31422
31348
31346
31342
31308
25814
5251
31286
31242
15759
31208
31216
31196
2449
12231
18037
19092
2913
31030
10732
31002
10966
30949
20093
3127
12582
24034
30850
4525
30827
5929
30858
30804
27649
30801
30779
18307
30712
14801
30686
15547
30641
30610
30621
9924
30611
6254
30565
30550
30547
30545
30516
21210
30482
30466
30468
30468
7830
30417
6797
4
18271
30314
30305
30321
30316
14726
30297
25087
17457
30220
30237
18568
10794
30178
30152
970
30143
30115
30104
30072
30081
30076
6268
11184
17611
19381
16617
14381
13426
16715
11150
29863
21105
29851
29846
8860
29809
5639
19364
15796
24274
29752
767
29745
29758
29754
17908
29712
29723
3802
19312
29708
29683
1341
29673
29656
29659
29650
29648
19022
19738
29616
29619
29585
14909
29560
680
29558
29552
8665
29540
29507
22676
11760
29465
29475
12419
15226
29439
25431
26346
29396
15903
29372
29376
29364
29346
29353
29356
24324
8529
14751
29257
12388
10813
7080
29167
29156
29150
29135
17884
29132
18150
29091
29039
25558
19441
8915
6028
29031
5797
2948
29003
16123
28979
28916
28975
28965
13270
28967
28936
28926
28938
28923
28902
28879
17835
28834
606
28803
28811
13655
28777
7960
28778
8100
14334
24047
28713
6847
28700
8413
6460
11008
18371
22601
6923
7833
28624
15
15252
28536
4104
21933
12669
28485
28480
28442
9653
28444
19640
28412
28391
28350
28357
588
12671
28294
28303
4355
23004
3710
28242
28197
28173
28161
12139
24024
28115
28139
28100
28110
28070
19001
28049
87
28036
23298
28001
28005
27954
6503
16863
20787
27957
27937
3437
27924
27924
24795
14993
27866
27852
27846
27802
3678
5780
20762
852
12183
27746
16896
27704
27695
15916
27671
17191
27631
27634
27600
27563
11248
20506
27534
4507
27519
27514
27485
11073
27427
27471
10639
27466
6145
7096
18579
27379
7024
14510
27343
5275
27295
27296
27224
27206
4077
27179
16693
27138
11522
27125
27137
27143
27124
5779
27
16559
27086
27067
27086
27071
27056
10627
27028
27032
23480
27036
27027
27019
26999
17382
27013
26981
26969
26960
19356
13374
26925
26907
26900
26894
6983
22252
2889
8724
3046
19906
26776
23010
26780
26765
26740
26696
12605
26677
26650
10482
26632
26624
16021
26601
26588
26539
26540
26557
26547
26533
26536
26502
16753
26498
26479
26470
26461
26452
26465
26417
13676
26364
5917
26364
10744
26379
22808
26340
26331
6146
17776
26319
17746
26306
12222
7727
7726
26241
1926
22812
8974
26208
3265
18148
26172
884
26153
26135
26147
13165
9986
26107
19758
26105
26086
8127
18283
26051
26037
16544
5562
9280
25995
25977
2969
13727
2663
13721
7601
14826
25899
25900
6469
25863
10235
25861
15686
20263
25867
15914
19521
16890
25805
15053
25762
25769
25790
12562
17406
25747
21908
25766
25717
25723
10785
25709
25721
25706
8006
7026
15994
25631
25626
5697
25580
25595
11081
25549
25552
13111
25533
3894
25475
25480
8117
25462
1378
25441
25437
25418
17785
17150
25410
25396
25398
25397
25405
713
25390
14190
25362
25347
25352
25343
2436
25355
25339
25337
25316
10081
25297
8025
17521
13844
25259
13380
25242
25240
25238
25228
12269
25191
25196
25199
46
19111
25126
25150
9877
14992
5498
25094
25077
25078
25090
15118
16250
18043
17669
24997
24990
24995
24968
24956
20998
17079
24940
11496
9924
24905
24917
24889
6986
106
7028
24826
24822
18488
6141
3331
24773
7437
24731
19276
18669
12037
24690
24694
24680
24677
12023
12182
24645
9908
24580
20662
24542
24556
1648
8855
24517
24491
4696
24512
24455
24454
10380
19090
24406
12684
24416
17847
24346
24344
24288
4853
9147
24280
24260
6773
24233
24228
6006
7415
24188
4482
24185
24158
24171
24153
24155
12203
24135
3416
18031
24055
16275
24095
24082
24089
8501
5093
24085
9140
8021
5729
14389
24018
13327
14442
24008
23987
23979
23979
23963
267
9689
18050
2327
20126
23927
23905
23894
23878
2101
1691
5059
11593
23821
23804
16669
15408
8022
23777
18806
23761
8480
23746
13882
23718
13
23698
390
23698
17817
6734
9935
15852
23632
13780
9995
23584
23530
23558
19953
23563
8994
23511
23515
8770
12237
23448
23441
23423
23432
23424
23429
3021
17699
6454
23415
11347
23382
19987
7854
23357
23319
6418
4769
23321
23315
15448
12603
23289
23271
23261
14025
23248
23226
23241
12184
8655
23171
23143
23138
23136
10238
23113
23106
23104
14162
23070
23073
23078
23072
23006
4925
23028
23028
17111
23002
18270
7219
23011
22980
4756
22965
22942
4028
22923
11363
10547
3990
4429
22916
22898
4168
22894
22890
8859
22876
22830
12539
22852
22799
22777
22796
8855
22767
22754
22751
22753
22722
17778
22700
22692
22684
22675
11383
5508
22638
22630
13494
8574
22590
22600
10168
15189
22562
22544
22506
22543
22525
22525
22516
5214
9253
10955
13538
22453
11146
41
22411
22390
4902
22401
22382
22387
22355
17961
22379
22355
22342
22345
22323
10173
22317
22306
2508
531
22291
22236
22242
2956
22207
22202
18768
22158
18989
15817
22127
22139
48
2924
22148
10753
17986
10319
22095
6652
22075
22099
6126
22044
22018
22016
22020
10344
9675
22025
21959
21972
2286
21956
8745
21987
15232
21918
21907
8465
4795
21875
21837
14623
21821
21829
21824
21826
21802
21804
21815
21805
21804
21797
8114
21800
17599
4683
5090
21770
21756
21756
21734
21726
5065
15880
21691
21697
21677
21677
21691
12833
21654
6243
1803
21637
21645
12644
21624
21622
21598
13808
17960
21571
21580
3125
21542
21522
11335
8740
1325
16636
8414
21425
21412
14285
21408
11613
16053
11988
7255
21399
21378
12749
2847
21329
21352
21361
4458
21367
21360
21338
5661
21318
21298
10185
2686
21303
21268
21259
6373
11979
21253
12867
21258
21225
7958
21219
17330
21191
21176
21163
8290
11685
21154
21147
21132
21119
21111
21097
12182
21077
21067
21048
21054
21049
21035
21003
14044
1634
21012
20962
20991
20990
20967
4684
16318
20941
10931
20951
4396
20921
20914
1949
14986
20882
20880
13931
20850
12956
20833
20834
20817
20822
384
12805
20788
20794
5995
20780
20776
8515
20720
20758
20764
119
8413
9092
8323
20719
20706
20711
5953
20683
20656
20649
6453
20658
20640
20618
20603
20586
20596
8
8039
10564
16223
20592
8597
20562
20538
9879
20519
20516
5484
11929
20502
20508
6100
9873
20458
20443
20449
7825
20421
20426
20379
6056
20384
20374
20360
20378
13155
20336
17201
8719
20323
1983
20294
20301
13185
15797
20246
12209
17203
20193
20181
20188
20167
8404
20169
5596
20151
16179
20142
13318
20111
20104
20082
15155
10234
15634
4183
20037
12501
20046
20071
20036
4128
20003
17002
19996
14023
20001
8106
14998
19940
19957
5414
8872
19931
3054
19922
19912
19891
19897
19897
2403
11454
13858
19839
19837
19846
19793
19804
19804
19793
11057
19790
19772
19776
19774
8220
11165
19758
19755
19754
19745
19739
19750
19732
12960
19720
19714
19709
19689
15978
19679
19692
9635
19657
19669
19647
14420
19649
12704
12499
12472
19612
19623
19617
19605
19595
19581
16316
19574
6618
19540
19524
19541
19539
19526
19515
19516
6504
16496
10342
16361
19500
3783
8337
19476
11240
2667
19450
19444
19421
19432
3128
2668
8262
19408
15525
19398
19399
6812
10628
19368
19372
19369
6869
16017
19347
19342
15958
5788
19328
0
19311
6675
11261
19268
12658
11381
19269
19242
19253
19252
19249
3224
19229
8025
8667
19201
3758
19194
19176
10
19186
19184
19161
19164
1122
11524
19147
16090
19110
19124
4321
19135
19111
6490
11303
19117
19120
11737
19078
9380
19067
19053
12462
4047
19055
19056
6009
7417
19041
19026
19036
19041
19019
19018
19013
5064
9066
18957
18955
10046
18937
4909
18924
18919
18905
4307
9265
18871
18865
18838
18832
3598
18853
3744
18799
18798
11931
18772
5805
18762
6129
18744
15209
7631
1
18706
3267
9802
7215
18677
11370
14249
10631
18659
18648
10010
3980
18634
18616
18608
18591
3432
12165
1098
9854
11894
18555
5065
15538
18549
18538
0
18525
18515
18514
18517
4538
18501
11871
13117
2484
18491
18489
18467
3400
18456
10149
18459
15088
18437
18439
18415
14711
18428
18421
10426
14567
18407
13489
18398
18375
18380
18355
18355
18349
14896
18332
18346
8221
18320
18304
18285
6600
18265
18272
18276
18258
18264
3253
11056
18240
18225
18231
11753
18227
6464
3397
18186
18186
18171
12438
1068
7634
18166
8127
7328
8966
13805
18121
18121
18123
18116
9949
18099
18095
18099
18070
5709
6540
18054
4616
3892
6604
18012
17997
9995
17955
8433
17954
17976
7625
17922
17908
2050
17905
11195
17884
2416
1388
14094
17877
17869
17868
8265
17859
17858
17838
17847
6850
3476
10919
6
17839
10926
2981
17831
17808
4655
12562
17794
7226
17797
1264
17761
17735
2006
17720
17726
107
17723
17709
17713
17703
6822
17713
17676
17672
10329
7527
17651
17644
17640
17638
14527
14077
17607
17597
4268
17613
17579
17567
17550
17552
17565
17552
17537
17555
17541
6304
8932
12059
5623
17523
6996
17506
17496
17489
17490
14484
4361
14192
12361
13603
17440
17448
4351
7506
17422
17426
17431
17416
7687
17419
17406
17387
5693
8079
4328
17368
13829
17361
12623
3529
17330
17317
6506
17278
17296
17306
17292
17280
12284
17289
17272
5224
17261
8357
7476
17258
17229
17243
17235
11282
17229
643
17189
17170
17166
17149
9091
4518
17149
17143
17155
10457
12190
13710
17118
17106
17111
4203
2151
17121
3709
17098
17101
17108
7789
9171
17093
17089
17096
12985
17060
5315
17058
17054
17049
1768
17042
17037
17031
17028
17023
2815
3536
16999
13306
16996
16989
4064
16976
11403
16967
16967
6939
16961
16944
3833
16938
6822
16914
16938
16927
5065
3243
16903
16908
16876
16883
16889
10461
16869
16876
9214
16860
10068
11354
16880
9451
16838
16828
8304
16813
5903
2
16826
8610
16818
16819
16810
12923
16806
16819
9609
16800
16785
12540
16783
16800
16777
16779
16773
12502
16770
16766
16752
16762
16748
16741
16714
16723
7127
16720
16714
16704
3376
2344
16675
4168
16669
16665
16618
16622
16611
13439
9462
16591
16573
12235
12800
9226
16564
1803
16573
3428
16532
16545
16546
10228
16511
16515
16498
395
16510
16511
16491
16490
16494
16479
16453
16487
16483
16479
16470
16448
16451
16429
16448
16434
16422
16408
16409
16411
16421
16419
16421
16400
16399
16393
6188
16404
16371
16369
16382
16376
16333
16378
16364
16357
1790
3306
16346
16341
9469
16332
16331
3786
16325
16313
16304
16295
16295
8560
12672
12336
16296
8495
5439
16252
10018
16257
9005
16262
16232
11363
16242
4083
16239
16222
6820
6920
16209
16222
16222
10152
16220
3459
16188
8541
11999
5965
16170
12231
16180
16188
13186
16160
16159
16168
16172
7001
4387
16147
16175
10175
3517
16141
16119
16140
16129
16118
10224
9102
16122
11003
16099
16090
12961
1201
16079
10091
3475
16076
11452
16045
16044
10532
16032
0
5749
16022
15990
8130
15987
15977
15970
15963
3467
2521
6443
12618
15960
15930
5105
12116
15903
6016
15905
15896
15911
15875
3396
2870
5209
7688
2634
5385
10828
9772
15831
5845
10571
15811
15821
15825
15798
1178
15786
15779
8755
6489
15744
6326
15741
4777
15721
15721
15714
15707
4430
15692
15705
9535
15700
12281
15696
15706
4434
6710
9380
5174
15663
11449
7198
8577
15659
8357
15644
15649
15640
15617
15630
15627
8153
15615
15608
3821
15579
15571
15585
10425
15576
15556
15557
1934
15539
15545
6407
15537
15527
15508
15540
4036
15529
15538
15534
7011
2275
15513
7191
6690
2363
15504
15480
15483
15477
15458
5659
4609
6130
15442
11626
15412
15408
15404
15427
3115
7483
7768
15391
15388
7012
15378
15325
15342
3055
2373
15344
10292
15322
10264
15327
15319
1844
15314
15309
10815
15290
15290
15282
15298
605
15276
15262
15259
15264
12017
15236
11489
15243
15242
15233
15228
8461
15208
15203
15194
6214
15189
921
15183
15181
15163
15149
5070
15146
15155
15135
15138
15127
15130
15135
15130
15128
15113
15115
15123
15112
15107
15113
15113
3702
15086
7971
15087
15071
15081
15098
15067
15067
15049
15058
15030
15037
15036
4070
15038
5228
15020
15013
15002
15039
15006
14990
14944
3360
14979
14970
14975
14958
14961
14960
5467
14956
14945
14944
14936
14948
14906
6423
14905
5500
14918
9902
14914
14909
14923
14920
14921
14885
11049
8163
14894
9966
14898
14884
0
14888
3932
14854
11848
14840
14826
14807
6737
14813
14799
9345
4597
14799
2440
14777
5479
14788
6833
14774
14776
14799
1277
14763
14765
14759
14763
5055
9756
14743
14736
14741
6446
14734
14738
2033
14724
14718
14718
11126
14713
3847
10995
14701
1397
14673
14683
10581
6420
14653
7361
14664
14670
14651
9567
14653
6340
14642
2816
14635
14629
14627
14618
14613
14613
6505
14597
14594
14586
14589
2286
14584
14583
4756
14569
10271
14580
14567
10691
14573
14558
14560
5126
6096
14542
1015
14565
14544
14541
14529
4396
10227
14483
14534
11195
8915
10589
14515
14500
3362
14512
14500
7288
14490
14470
14463
11422
6753
4275
9621
14441
14440
14459
14443
14442
7171
14424
14437
14427
14437
10929
14412
14392
14393
14399
14389
14338
3878
14382
14379
7080
5116
14384
5132
14378
5003
14373
9223
14346
3884
14320
14338
14334
8880
3822
14330
14306
14307
14300
14299
0
2616
14274
14290
14272
14255
14245
9544
14245
14255
14252
14254
14245
14214
10671
5590
14199
14187
4248
14183
14182
14183
14180
14160
14178
10694
14159
14148
14151
14155
14153
14136
8759
8812
7805
14132
14134
14110
10003
14109
14103
8450
14102
14100
14064
14064
4741
14040
14060
14058
14048
14044
14031
14029
14018
14025
9039
14011
14011
13991
3301
14010
8420
7705
13975
13980
13973
3763
13971
13970
1351
13951
13950
13931
13942
13939
13946
9511
13925
13919
7776
13919
4630
10704
13916
1976
13860
13861
13856
5272
3385
3122
13853
13833
6000
13809
13811
13804
13806
13790
13806
13773
13779
13753
13784
10258
13763
13769
13766
13772
2850
13743
13740
3520
8210
6721
13724
13717
5720
13719
13710
9603
13705
8815
13697
13678
13690
6250
13689
903
13685
13668
13675
13669
13667
13662
9722
13653
13648
13656
13653
13646
13640
7639
13637
13637
6240
13609
13625
13603
13599
13611
0
10470
13589
13595
5405
5087
3752
10454
13570
5902
13582
13579
13566
13576
13580
587
7397
13569
13552
13565
10547
13534
13545
516
13539
7196
13542
1609
13510
13506
13488
13475
6868
7294
1720
13487
10270
6236
13465
9821
13449
916
13458
4254
13451
13428
13436
2118
8293
13426
4249
13407
6193
13397
13396
10233
6033
746
90
9107
13360
13376
13358
13359
13364
13366
13368
13367
13358
13362
13357
13351
4850
13354
13327
8407
7220
13350
13327
4648
13322
4474
13335
13314
13309
13298
13318
798
5413
10016
13275
2363
8992
13257
13262
13279
13272
5463
13263
9136
10190
8881
13243
5722
13238
13248
3459
13242
13239
13232
13228
4531
13202
5252
2028
13225
3249
13193
13202
13199
13190
13198
9110
13175
13160
4820
3847
2587
13184
7776
13169
13165
13162
13159
13159
13131
13137
13121
8480
13113
13107
13116
13106
13111
13123
13106
13098
13099
2285
13086
13073
13067
7685
13058
13054
5334
3636
13063
5207
13051
13039
7256
9735
9171
13037
13023
2780
12997
3882
13013
8664
8900
12994
12995
5421
8685
12993
12982
12981
8441
12978
7149
12960
12973
1189
12964
12957
233
12954
12942
12934
12922
2149
9426
3879
12925
12907
12902
12910
12898
12906
5626
12889
12896
12889
900
4345
7195
12886
12882
12879
12855
12881
12870
12862
12868
12853
12866
12848
6723
12856
12851
12842
12843
12840
9462
12829
12842
12831
12831
12830
4486
5079
7122
12811
12817
9143
2800
12802
12794
12802
12809
9237
12799
12803
12800
12797
12765
12772
12783
7868
3177
12762
5793
12768
12764
12766
12767
8185
12759
12745
12751
12718
9717
12737
12736
12740
8282
12729
9458
8331
12719
9203
9534
12716
12714
12716
12711
12709
7641
12698
5867
3009
12684
2007
12682
201
6702
12658
5317
12651
12671
12654
12657
12647
4411
12636
64
12636
12633
2830
12627
12610
12596
9349
12624
12606
12605
2119
7108
12607
5424
7871
12584
12589
12589
12572
12586
12571
12575
12577
12571
8353
12566
3794
12574
8682
12554
12552
12549
12540
12551
12544
12540
8092
12524
12535
12537
12526
12528
12518
5758
12525
12520
12512
12505
12519
2102
12511
12502
1980
12503
12493
12491
5118
5713
12479
12485
12469
12473
358
8194
12468
12472
12462
12462
6164
12450
12460
12461
12438
12427
8104
12404
8506
5815
12395
4560
8890
4156
12382
12385
12388
3145
12376
4146
12369
12358
12352
8382
12340
12347
12363
12362
12360
12338
12343
12340
3894
198
12337
12345
12343
12323
5375
12354
12332
12335
1762
12312
12314
12304
12309
12316
12300
12320
8504
12291
12299
12308
12305
12292
12311
4969
12295
12278
12283
12285
12280
12284
12271
12277
7372
6931
5639
2202
12269
12269
12275
5729
12247
12238
12252
12230
12235
12221
12230
12226
8123
12223
12204
12221
8317
1824
12204
12225
12209
12213
12218
12215
12199
12191
12193
12186
12190
12184
8227
12161
2290
12153
12148
12147
12142
12145
12146
12141
12141
12145
12132
12116
8969
12117
12125
12123
5804
12095
12096
8105
12098
1683
8974
12091
12089
7961
12079
12087
5444
4737
12077
12065
12056
12062
12042
12037
7248
8241
12018
8341
12038
12032
3814
12028
2292
12016
12018
11997
6683
12009
11979
12000
6034
5611
11987
8441
11993
11983
11984
2130
11969
11961
11970
6221
11950
11948
2862
3968
11930
2855
1276
11929
11904
11900
11898
1824
7326
11893
11894
8311
11883
11887
8488
11881
11867
6945
11860
11866
11865
11863
11856
11867
8457
11854
6342
11855
11854
5970
11835
5333
143
11837
11837
11833
7679
11822
7430
11824
1925
11797
11793
6869
7515
11793
11804
11760
11781
11781
11773
7639
11778
11766
11769
11758
11756
11761
11745
11752
11742
11749
11727
11714
11742
11733
11732
11720
11705
7400
11713
11710
963
11702
11705
4
11708
11710
1591
11679
6501
11659
11646
7829
11644
11628
11634
705
11621
11613
6571
11612
11621
11616
11616
11605
11599
11594
11615
11601
11574
8446
5356
11573
11573
11585
11583
11576
5103
11577
11553
6742
5198
11561
11563
11551
11558
1541
11551
5552
11557
8152
11548
11544
11540
11538
11527
11529
2013
11525
11535
11515
11517
8391
11505
11511
7149
11502
3280
11499
11477
11480
11486
11478
11462
11467
11459
11455
11433
11429
11428
7136
11419
3312
11406
11411
11408
11401
11397
11407
11389
6739
11395
3878
11379
11390
2270
11391
11372
11362
3625
433
11364
11347
11366
8060
11369
11351
11352
1968
11351
11345
2000
4349
11344
11352
6515
11324
11336
2499
11324
11310
11333
11330
11305
4406
11315
7240
11306
11303
11294
11301
11299
11293
11296
11278
11299
11284
11286
11283
7021
11275
5693
7973
735
11267
11261
11258
7651
11262
7894
11248
11234
11247
7765
11229
11242
8117
11227
11212
11213
11212
11221
11220
6747
11219
11207
7784
11191
11181
11195
11179
11194
11193
11188
3123
5200
11173
11188
11179
11177
11181
11177
2571
1510
11158
11152
11158
11162
11149
7496
11149
11151
11160
11155
7846
11126
6723
11120
11108
11109
11102
2497
11084
11089
11079
11069
11066
11066
11050
11067
11064
11054
6641
6970
11054
11056
11044
7447
11040
11044
11027
7596
5331
11019
3513
11015
3861
11014
10999
7958
7767
10997
11000
10996
10991
11000
10997
10982
10989
10985
10988
10978
10974
10971
10975
10972
10956
10961
10959
6084
10958
7717
6102
10957
10952
10931
2436
10952
10935
10948
10936
10947
10942
5570
4606
10931
10934
6079
10934
10922
10932
10914
10920
10915
10910
10892
10907
75
6880
1737
10886
10895
445
10895
10880
3850
10883
10883
10875
10873
6823
10873
6347
10855
10855
10850
7376
10850
10870
10846
10866
2856
10845
10853
10850
10837
10845
10836
10837
10834
10827
7326
10826
10816
10831
10805
10802
10804
10796
10783
10794
10782
10762
10770
2601
2552
10763
10748
10750
10751
10747
10744
10720
10738
10743
7515
2663
7546
10734
10721
10729
10719
10717
10695
10710
10712
6887
7103
10710
48
10696
10685
2719
10680
10667
10667
10665
10668
10679
10671
10667
10665
10654
10669
10647
10645
10640
10652
10640
10634
10635
10627
10621
10623
10616
10618
10607
10618
10603
10607
10604
3430
10599
10597
10583
10590
10591
10587
10577
10570
10586
10577
10561
10561
10573
10567
10569
10564
10556
10569
10571
5265
10551
7
10513
10541
10530
10539
2493
10507
878
10505
10507
10504
10523
2580
10517
10509
7371
10507
10499
10490
4372
4140
5586
10494
10490
10486
10493
10475
10477
10476
10479
10471
10470
4299
389
5322
6773
10437
2888
10447
10443
10432
10439
10439
10432
3933
10425
10392
5372
5319
10404
10407
10405
10395
10392
10393
4495
3682
10398
10370
10373
10379
1691
10372
5557
10378
10355
10367
10357
4122
10337
10349
10331
7287
10337
10340
10336
10337
10327
10332
10328
10327
10324
10326
479
10324
10326
10324
10321
10296
10308
10293
10312
10302
507
10289
10297
10289
5292
10277
10276
10278
10278
7203
5721
10263
10267
10260
5863
10266
10261
10247
10256
10252
10252
10244
10256
10248
10237
10246
3459
10233
4498
10233
10221
10223
10225
10228
10226
10220
10224
6318
10196
6747
10209
10200
10202
10194
10200
10195
7124
5867
10186
10176
10166
10171
10186
10172
10170
1160
10168
10168
10156
10141
10146
10146
2662
10143
10143
10149
4728
0
10124
6998
10133
10126
10129
10134
4059
10125
10129
10133
10108
10117
10115
10104
10101
10111
10085
3315
10108
1651
10100
10090
10075
6629
10080
10069
10074
4704
10067
10070
10075
10074
3519
4705
10050
10046
6692
10061
2019
10039
10050
10051
10040
10039
10023
4658
10035
10027
5541
10032
10037
10029
10024
10023
447
10001
10006
10006
10012
6727
1790
9998
10005
10003
9988
1672
9984
5259
10002
9988
9979
9990
9975
6208
9952
9981
9967
9965
9963
9963
9954
9967
9973
9960
9949
9939
4286
1588
6781
5219
9941
9931
2315
9915
6706
2544
9915
9919
9911
9917
9912
9909
9904
6138
9913
9906
9895
9889
9896
9890
5411
9891
9892
6717
9889
9882
9885
5746
9876
6775
3328
6646
9866
9865
2136
9857
9851
9871
2158
5900
9862
6676
9859
5539
9838
2400
9839
9839
9844
9841
9830
413
6131
9834
9812
9812
9814
9808
4235
9814
9817
9808
9826
9810
9795
9800
9796
9811
9791
310
9800
4202
6785
9791
9792
9787
9793
9776
4478
9770
4241
9771
9768
9750
9769
9741
9752
9751
9749
2571
9746
9736
9745
9749
9734
9735
9744
6278
9731
13
9720
9717
5767
9710
9723
9701
9704
9717
9705
9717
9708
9703
9707
9704
9706
9698
9710
9692
9713
9697
9701
9673
9681
9690
9686
9675
2
9685
9674
9676
5978
9683
9675
1861
2134
9667
9662
9650
9650
1741
9654
9654
1821
9646
3804
9634
9626
9617
9629
9621
9621
9608
4577
9629
6582
9621
9613
9609
9619
1149
9600
9600
9598
6596
9594
9586
9582
9569
1274
9565
9569
9563
9569
9565
5178
1813
9566
9562
9578
9564
9564
9564
9568
5519
2366
9549
9556
9556
9559
9545
9539
9546
9537
9552
9550
9547
4779
6263
9538
9536
9533
9526
4620
9523
9514
9521
9504
9506
9511
9509
9498
4364
9496
9504
9504
9496
9488
9494
9492
9488
9492
9484
9485
9465
9465
9477
9479
9473
9467
9469
9470
1265
5967
9471
9459
9450
6105
9465
2124
9434
9440
9433
9431
9415
9429
3896
9416
9424
6164
6310
9416
9418
9424
9418
9409
9404
9402
9411
9379
6195
9404
9414
9404
9409
9401
9397
9389
9386
9394
9392
9378
9391
9375
9372
9
1367
9354
9368
9354
9361
9365
9355
9357
9347
9349
9354
9348
4202
9346
9348
9348
9355
9342
2794
9332
9343
9332
5112
9339
1806
9327
6305
2010
9314
9320
9326
9322
9327
3761
9310
9308
9302
9309
9304
9301
9294
5079
3850
9293
9303
9302
9309
9292
5494
9293
9287
9293
9287
9287
9280
9284
9282
9276
1896
9268
9253
9264
9257
9258
9256
9251
9253
5927
9253
9247
9249
9241
4919
9249
9241
9222
9237
9223
5171
9220
9229
9220
1262
9219
9210
9211
9208
9209
9211
9186
9194
9192
9195
9181
9178
1683
9188
9198
9190
9176
9171
9187
9179
9169
9167
9181
9163
9165
9157
9148
9151
9133
5720
5306
9153
9154
9146
9142
9144
9138
9138
9137
9136
3865
9137
9117
9123
9126
9114
1160
9095
2126
9113
9105
9104
9104
9090
9104
9094
4134
9083
9076
9076
9078
9092
9081
9092
9075
9074
9077
9064
4037
9071
9049
9
9054
9049
264
9056
9049
9052
9039
9046
9043
9039
9027
9030
9031
9032
9017
9020
9018
9019
5042
9014
9004
8997
8989
8995
8982
8984
8987
8970
8986
8965
8985
8981
8975
8967
8971
8965
115
8953
8960
8959
8947
8953
8938
4976
8945
8945
8933
8939
8935
8936
2795
8926
8928
8898
8924
8909
8912
8898
8910
605
8887
8904
8898
8898
8890
8893
8895
8900
8892
8897
8883
8891
8865
8884
8882
8886
8888
8865
4913
8863
8869
8865
8865
8854
8860
8859
8846
8841
8835
8862
1293
5804
3322
8839
8835
8825
8834
8829
8832
8830
8824
8813
8813
8809
8817
8810
5006
8819
8811
8802
8799
5756
8803
5718
8806
8792
8792
907
8790
8789
8786
25
1267
8770
8762
2812
8779
2942
8770
4259
8771
8762
8765
4990
8766
8763
8753
8744
8753
8738
8740
8743
8759
8746
8744
8752
8734
8723
8736
8731
8709
8733
1475
8720
8740
8727
8691
8718
8725
8700
8704
8702
8708
5674
8704
8693
8700
8688
8703
8699
8689
8685
8670
8676
1157
8661
8662
8667
8667
4381
8658
8654
4529
8641
8657
8638
8642
8637
8647
8637
4798
8632
8628
8622
8630
8624
8618
8625
4357
8623
8613
8609
8605
8620
8602
8609
8602
5562
8588
8592
8609
8604
8605
8591
8594
8587
8608
2642
8589
8592
8594
8581
8589
8588
4703
4003
8579
8574
8572
8561
8573
8569
8573
8568
8555
8556
8552
8555
8558
8557
8555
8559
8547
8532
8534
8547
8548
8515
2158
8537
2031
8527
8526
4789
8527
8514
8514
8518
4186
8511
8517
8509
8513
8503
8507
8507
8506
8499
2267
8500
8485
8502
4803
4760
8499
8495
8491
8493
8489
8496
8480
1047
8472
4711
8465
8478
8482
8461
8468
8469
8468
8459
8457
8451
3668
8450
4975
8441
8451
8438
8433
8443
8440
8433
8429
8427
8431
8414
8422
8428
8424
8418
8415
8418
8396
8404
8406
8414
8405
8396
8393
8395
8399
8396
8386
8382
8389
8383
8376
8373
8381
8364
8365
8370
8369
8360
8363
607
8362
8363
8363
8366
8342
8336
8340
8339
8347
8345
8332
8331
8340
8334
8329
8330
4207
8327
8318
8311
8333
8318
8324
8318
8320
8323
8316
8320
8315
8328
8315
8302
8317
8320
8325
8302
8305
8313
8305
8305
8282
3107
8305
4924
8303
8290
8292
8287
8292
4623
8282
8287
8263
8280
8287
8275
8286
2284
8276
8275
8275
8266
8274
2472
5098
8260
8263
8254
8244
8243
8253
8253
1911
8246
8244
8250
4029
8232
8234
8228
8222
8226
8229
8220
3707
8234
8212
8221
8212
8215
8209
8210
8210
8222
8216
8201
8212
8207
8204
8202
780
2067
8193
8197
4689
8191
8189
8185
8188
8182
8186
8190
8178
4958
672
8166
8186
8159
8167
2727
8168
8159
8178
8166
8156
4950
8165
3821
4595
8159
8147
8137
8137
8142
8131
8135
8134
8130
8131
8126
8116
8123
8125
8128
8120
8116
8103
8102
1400
8106
8108
8096
8105
8102
8100
8093
8095
8093
8088
8085
8095
8088
8088
8089
8056
8081
8073
8083
8067
8069
8073
8074
8071
8064
8057
8050
8044
499
8050
8046
12
3540
8041
4912
8036
8047
8041
8030
8038
2696
8014
8026
8021
8026
8024
8010
4428
8012
8007
8011
8001
8008
8001
8003
8008
7996
7992
8008
4347
1947
8003
7985
3986
7991
7977
7994
7998
7990
2277
7979
7974
7981
7964
7958
7969
7979
7970
7965
7965
7969
7969
4539
7958
7950
3736
7945
7954
7951
7949
7950
7939
7953
7937
7942
7936
7940
7935
7934
7931
7937
7923
4274
7918
7930
7919
7922
7923
7920
7928
7913
7918
7922
7910
7913
7906
7909
1989
7905
7909
7907
7901
7896
7888
7876
7892
7891
7901
7885
7892
2015
7882
7877
7878
7868
7878
617
7882
7871
7873
3577
7866
7864
7860
3362
7863
7853
7849
7843
7841
7849
7828
7846
7848
7835
2309
7842
7836
7830
353
7833
7836
7835
1822
7828
3038
7817
7812
4385
7824
7813
7811
450
7810
7808
7810
7804
7790
4105
7797
1247
7804
7790
7786
7801
7793
7794
7795
4111
1833
7780
7793
7789
7790
7785
7787
7778
7778
7769
7775
7776
3891
7774
7769
1835
1472
7775
7766
3972
7754
7766
7767
7767
7771
7771
7754
102
7760
7753
7761
7757
7753
7740
7748
7741
7756
7749
7751
7748
7747
7740
7741
7743
7741
7731
7730
4477
7720
7726
7723
3978
7726
7723
7726
7708
1065
7715
7717
7707
7713
7718
7709
7704
7710
7712
7708
7708
7692
7700
7687
7687
7693
7678
7673
7689
7695
3415
7680
7679
3919
7676
7681
7684
7687
7681
7671
7678
7666
7668
4508
7662
7656
7656
7654
7647
7647
7652
7648
7644
7647
7641
7634
7646
7642
7639
7642
7628
7630
7634
7634
7622
3901
7626
7614
3284
7622
7620
3225
7614
7623
7616
7608
7608
7612
7608
7611
7604
7597
4385
3822
7591
3091
7597
7593
7584
7590
7588
7580
7580
7568
7587
7593
2462
7570
7562
7568
7566
7570
7559
7549
7552
7550
7544
7556
7547
7551
7545
7534
7541
7528
7542
7523
7542
1829
7536
7532
7520
1216
7536
7535
7517
4418
7518
3715
7527
7513
7508
7519
7528
7533
7535
7523
7517
556
7499
7517
7508
7507
7509
7514
7512
7519
2802
7507
7501
7513
7508
7486
728
4185
7495
7500
7491
539
7495
7491
7493
7502
7495
7493
7484
7492
7490
7489
7479
7490
7471
7480
7470
7468
7472
7469
7469
7460
7473
7472
7467
7457
7457
7461
7450
7443
7454
7443
7436
7445
7445
7439
7429
7440
7437
7435
7437
7427
7432
7433
7431
7437
7429
7425
7409
7421
7427
7419
871
7406
7415
7404
7416
7406
7412
7399
7410
1838
7400
7391
7393
7403
7388
7388
7383
7382
7377
7373
3597
7373
7368
7367
7379
7367
7375
7371
7366
2810
7349
7345
7349
7358
7350
834
7355
7348
7347
7344
7349
7342
7339
7344
7341
7339
7338
7336
7334
7328
7335
7328
7310
7320
7316
7314
1622
7314
7305
7306
7311
7305
7302
7302
3970
7299
7296
7290
7304
7295
7295
7297
7292
7282
7291
7294
7286
7293
7278
7271
7281
7272
7276
7275
7265
7268
7262
7276
7262
7259
7255
7254
7245
7238
988
7247
7248
7248
7247
2401
7256
7250
7249
7246
7247
7235
7239
7246
7226
7231
3539
7224
7224
7237
7216
7226
7235
7236
2701
7228
7220
7225
7217
7211
7218
7202
7217
2314
7200
3224
7210
7200
3611
7199
7203
7214
3146
7192
7212
770
7203
7203
7196
7203
7187
7197
860
3518
7195
7191
7200
7196
7189
7177
7166
7169
7184
3108
1756
7175
7169
7170
7163
7171
7169
7169
7163
7164
7165
7155
7156
7152
7162
7158
2801
7152
7146
7142
7149
7144
7142
7144
2856
7130
7125
3345
7137
7124
7127
7137
7125
7131
7130
7134
7125
7115
7121
7116
2104
7118
7117
7098
7125
7106
7108
7116
7108
7109
7110
7098
7107
7101
7103
7103
7094
7096
7099
3769
7096
3137
7093
7110
7093
7100
7066
7085
7089
7087
7085
7079
7081
7077
473
7074
7078
7081
7067
7078
7069
2726
7061
7059
7064
7049
7053
7069
7058
7049
7062
7063
7053
7058
2958
7059
7051
7050
7046
7039
7043
7041
7046
7045
7049
7033
7029
7034
7035
7036
7031
7029
7020
7023
7031
7021
7029
7021
7021
7021
7019
3784
7018
7018
7024
7007
7014
7021
7015
7018
7007
7011
7006
7011
7002
7017
7002
7011
7008
7000
7007
7006
7001
6996
6998
6995
6998
2631
6985
6985
3827
6981
6986
6975
6966
6968
6976
6957
2633
1854
6971
3518
6961
6956
6954
6958
6956
6954
9
6960
6951
6941
485
6955
6933
6927
6939
6915
6930
6914
6921
3522
6919
6925
6918
6920
6913
6912
6916
6915
6911
6910
6905
6909
6909
6905
6903
6911
6902
6911
6900
6894
6903
6903
6898
6895
6898
3121
6881
6881
6876
6884
6885
6871
6874
6869
6882
6877
2850
6870
6850
6873
6866
6866
6863
6861
6865
6866
6863
6858
6854
6858
6845
6855
6839
6850
6855
6845
2062
3458
6835
6839
6844
6839
6848
6838
6836
6836
6834
6830
6829
6825
6807
6828
2627
6824
6821
6818
6813
6813
6808
6805
6807
2396
6801
6807
6794
6794
6796
6792
6797
6808
6799
2082
6797
6791
1989
6786
6800
6786
2198
6779
6784
6776
6796
6773
6783
6777
6774
6779
6768
6786
6773
6767
6763
6762
6759
6776
6764
6770
6766
6763
6761
6754
6754
6754
6754
5560
6753
6749
6743
6747
6745
1314
6731
6743
6721
6732
6736
6728
6729
6719
6728
2149
6731
6723
6726
1904
2842
2984
6718
6722
6714
3675
6717
6715
6725
6720
6710
6720
6710
6706
6714
6722
6715
6703
6696
6688
6695
6691
6678
6678
6692
6688
6680
6673
6680
6676
6681
2656
6671
2899
6665
6673
6671
6673
6661
6660
6661
6652
6661
6661
6661
6658
6649
6654
6653
3618
6650
6654
6650
2631
1954
6656
2741
6642
6650
6650
6642
6648
6649
6644
2571
6642
6638
2797
6634
6644
6641
6626
6638
6637
6642
6625
6629
6634
6625
6627
6629
6622
3868
6618
6619
6625
6614
6614
3475
6627
6602
6611
606
6612
6609
6606
6607
2552
6623
6605
6597
6604
6601
6602
6598
6603
6600
6595
1437
6597
6587
6598
6593
6590
6572
3445
6579
6580
6582
6588
6577
2652
6570
6579
6571
6572
6569
6561
6555
6556
6559
6553
6557
6549
6557
6547
6552
6551
6547
6544
6548
6541
6549
6532
6541
6536
2331
6539
6521
6538
3378
6528
6528
6529
6526
6522
6532
6523
6515
6523
2151
6529
6514
6521
6517
6515
6509
6522
6506
6515
6505
6521
6511
6516
6518
6510
6502
6500
6499
6510
6504
6503
6494
6496
6497
6499
6487
1541
6485
3285
6473
6478
6470
6482
6486
6480
6476
6474
6470
6473
6476
6477
6480
6477
6472
6472
6465
6468
6459
6464
6457
6460
6458
6464
6459
6457
2206
6451
6454
6445
6446
6454
6443
6452
6448
6442
6433
6424
6438
6438
6444
6437
6441
2831
6433
6433
6432
6432
6417
6412
6412
6422
6419
6416
6413
6413
6412
6406
6411
6416
6421
6399
6400
3369
6406
796
6400
6406
6396
6394
6391
6395
6386
6388
6391
6382
6384
6375
6373
6381
6368
6370
6381
6378
6374
6379
6371
6367
6371
6366
6364
6366
6360
6366
6347
6363
6356
6354
6356
1592
6356
6348
6352
6348
6346
6345
6343
3049
6340
6351
6353
6342
6348
6354
3275
6340
6335
6334
6332
6327
6334
6327
6328
6331
6335
6330
6344
6329
6336
6335
715
6321
6323
6324
6322
6323
6323
6323
6325
6313
6318
6322
6323
6314
6317
6317
6319
6316
6314
6312
6304
6299
6299
6307
6308
6297
6292
6294
6290
6303
6298
6299
6289
6294
6299
6292
6291
6288
6286
6301
6276
6282
6277
6289
6277
2497
6277
6270
6276
3074
6279
6273
712
6275
6270
6276
6257
1458
6277
6280
6264
1546
6268
1105
6257
6259
6252
6234
6259
6257
6260
6255
6257
6256
6245
6241
6246
6244
6256
6240
1724
6232
6244
2949
6251
6238
6230
6239
6231
6232
6222
6231
1914
6226
6225
6223
6220
6217
6225
6217
6217
6219
6216
6208
6208
6211
6195
6209
6203
6213
6211
6202
6208
6207
6206
6204
6201
6196
6190
6200
6196
6195
6190
6192
6187
6192
321
6193
6186
6184
6200
2989
6194
6182
1785
6179
2747
1202
6181
6177
6163
6160
6166
2817
6179
6172
6159
6162
6158
1439
6158
6154
6144
6147
6141
6137
2101
6136
6138
6148
6131
6141
6133
6123
6127
6115
6121
6118
6124
6129
6127
6123
6118
6113
6121
6100
6108
6111
6114
6108
6111
6111
6108
6106
6108
6108
6112
6086
6105
6092
1405
2816
6096
6086
6075
6082
6074
6083
6080
6092
6079
6083
6084
6079
6074
6079
6076
6070
6077
6071
6073
6079
6078
6060
6069
6068
6064
2993
6066
6063
6059
2706
6064
6065
6065
2900
6061
6047
6052
6055
6061
6053
6054
6047
6046
6042
6044
6045
6042
6036
6040
6032
6043
6048
6043
6042
6031
6033
6039
6036
6030
6035
6020
6030
6016
6019
6024
6025
3029
6021
6018
6013
6020
6026
6015
2902
6018
6017
6011
6006
2541
6013
6014
5996
6007
5992
6003
2083
6001
6008
5995
5989
5996
5994
5990
5993
5992
6000
5994
5977
1536
5986
5990
5992
5993
5987
5984
5988
5976
5987
5978
5976
5976
5979
5981
5973
5970
5969
5973
5965
5966
5974
5987
5965
5973
2944
5959
5966
5961
5972
5959
5959
5963
5958
5962
5946
5954
5958
5953
5959
2847
5955
5951
5947
5944
5939
5948
5941
5950
5953
5949
5948
5935
5949
5944
5946
5944
5930
1655
272
5936
5933
5933
5929
5936
5937
5933
5922
5927
5935
5923
5920
5917
5917
5916
5920
5922
5917
5914
2548
5915
5916
5911
5908
5909
5906
5904
5911
5907
5893
5903
5898
5902
5897
5904
5896
5896
5894
5901
5890
5894
5903
1337
5893
5892
5889
5895
5892
5887
5872
5870
5886
5883
5882
5875
5872
5879
5871
5887
5878
5874
5865
5874
5873
1658
5867
1865
547
604
5866
5860
5862
5847
1906
5859
5864
5852
5855
5836
5849
5845
5854
5855
5848
5849
5845
5822
5843
5847
5844
5842
5836
5843
5849
4955
5836
5832
5836
5838
5843
5830
5826
5827
5824
5828
5831
5818
5818
5821
5830
5828
5823
5825
5825
5822
5820
5826
5820
5820
5821
5824
5823
5815
5813
5826
5822
5823
5817
5822
5808
5810
5820
5817
5808
5812
5810
5806
5816
5806
5807
5816
2682
5804
5814
5798
5788
5801
2157
1946
5794
5792
5803
1171
5790
5803
5783
5777
5789
5780
5799
5780
5781
5781
5787
5769
2425
5766
5773
5784
5768
5778
5774
5774
5781
5755
5764
5766
5766
5767
5771
5762
5762
5764
946
5762
5758
5753
5752
5756
5746
5751
5753
5749
5749
5749
5739
5740
5740
5749
5747
5742
5746
5740
5738
5739
5728
5741
5729
5727
5721
5734
5720
5734
5727
5733
5727
5726
5727
5721
5724
5724
5724
5713
5718
5721
5715
5708
5714
5713
5724
5713
5709
5706
5699
5711
5710
5704
5698
5700
5703
2617
5705
5702
1510
5703
5689
5702
5694
5690
5688
5686
5697
5695
5685
5685
5688
5693
5690
5688
5687
5687
5678
5685
5673
5687
5679
5667
5670
5674
5666
1622
5678
5671
5665
5663
5670
5667
5668
5674
5662
5667
5664
5656
5668
5669
5665
5661
5664
234
5654
5651
5646
5650
5663
1930
2399
5646
5650
5655
5649
5634
5651
5645
5643
2607
5646
5637
5639
5644
5651
5635
5639
5630
5644
5637
5630
320
2088
2539
5633
5630
5628
2543
5628
5628
5627
5627
5620
5625
5620
5628
5622
5613
5624
5618
5620
5617
5617
5612
5608
5622
5608
5611
1907
5615
5604
5604
5603
5597
5594
1953
5614
5598
5604
5589
5600
2314
5596
5588
5591
751
5589
5597
5587
5591
5583
5587
5586
5592
5585
5580
5586
5575
5579
5579
5578
5586
5580
5578
5579
5574
5573
5562
5571
5566
5574
5566
5564
5570
5564
5573
5562
5559
5566
5552
5559
5559
5559
5563
5542
5553
5548
5548
5553
5543
5553
5544
5542
5548
5542
5543
5543
5536
5536
5533
5538
1016
5534
5540
5533
5522
5530
5535
5529
5511
5524
5510
5520
267
5522
5526
5513
5521
5519
5528
5520
5518
1535
5516
5508
5515
768
5512
5515
5509
5508
5497
5515
5492
5510
5505
5518
5508
5495
5489
5500
5504
5503
5499
5497
5510
5503
5499
5497
5492
5495
5488
5496
2082
5484
5489
5491
2490
5489
5497
5497
5485
5482
5490
5485
5476
5470
5472
5472
5489
5476
5478
5476
5473
5467
5479
2285
5476
5476
5475
5476
5457
5469
2196
5462
5468
5465
5463
5474
5465
5476
5460
5469
5472
5460
5455
5468
5456
5457
5456
5466
1654
5444
5456
5451
5452
5447
5450
5462
5446
5451
5453
5439
5454
5451
5438
5451
5442
5446
5441
5440
5452
5441
5439
5432
5449
5439
5414
5432
5430
5427
5427
5428
5425
5428
1785
5421
5425
5422
5420
1172
5411
5423
5421
5413
5412
5419
5428
5422
5414
5410
5414
5414
5412
5408
5417
5415
5417
5405
5414
5409
5400
5403
5401
5413
5410
5405
5406
5393
5396
5399
5407
5403
988
2729
5404
5402
261
5397
5402
5400
5393
5398
5392
5395
5376
5400
5392
5391
5383
5389
5380
5382
5380
5392
5386
5386
5382
5387
5368
5379
5380
5386
5386
5392
5381
5381
5373
5374
5379
5371
5374
5379
5383
5376
5373
5369
5375
5379
5373
5366
5362
5363
5370
5365
5361
5368
5358
5362
5365
5359
5350
5354
5351
5350
5342
5355
5348
5354
5336
5352
5345
5343
5345
5344
5340
5348
5336
5332
5337
5330
5336
5335
5333
5331
5327
5328
5331
5327
5331
5333
5328
5325
5331
5325
5317
5319
5327
5327
5317
5309
5319
5315
5317
5295
259
5320
5305
5311
5310
5310
5306
5305
1701
5306
5302
5295
5307
5313
5305
5302
5288
5297
5303
5295
5299
5294
5287
5291
5275
5286
5282
5292
5283
5281
5281
5277
5291
5285
5279
5281
5276
5281
5275
5267
5269
739
5279
5279
5280
5265
5272
5269
5269
5262
5269
5260
5272
313
5268
5262
5257
5262
5253
5262
5268
5258
5265
5264
5267
5257
5263
5248
5252
5256
5256
5260
5256
5266
5256
5251
5261
5255
5252
5246
5249
5250
5249
1341
5241
5254
5247
5252
5245
5239
5246
5241
5235
5245
5241
5234
5236
5236
5233
5232
5229
5226
5231
5232
5222
5225
5231
5222
5225
5230
5224
5230
5228
5227
5226
5222
5219
5215
5220
5213
5218
5223
5213
5217
5209
5197
5207
5215
5198
5204
5205
5203
5205
5199
5205
5197
5200
5194
5205
5192
5202
5199
5197
5190
5183
5190
5184
5187
5190
5190
1795
5187
5183
5180
5188
5178
5183
5174
5170
5150
5155
5165
5164
5166
5162
5167
5154
5161
5164
5158
5164
5144
5155
5148
5150
5157
5147
1482
5142
5137
5141
5147
1583
5138
5140
5142
5135
5143
5134
5144
5146
5138
5136
5136
5140
5128
5130
5123
5127
5130
5139
5135
5133
5132
2063
5125
5129
5128
5129
5118
5126
5117
5118
5114
5111
5120
5121
5120
5120
5117
5109
5115
5119
5108
5118
5110
5110
5111
5108
5106
5102
5099
5094
5102
5102
5098
5090
5101
5102
5097
5094
5096
5078
5084
1213
2086
5084
5096
1164
5079
5077
5080
5086
5081
5079
5078
5078
1639
5076
5079
5080
5082
5079
5066
5072
5073
5068
5076
5056
5079
1408
5063
5065
5070
5066
5065
5059
5063
5056
5060
5064
5051
5049
5056
5053
5057
5063
5051
5051
5053
5051
5049
5048
5055
5048
5054
5051
5045
5046
5043
5042
5043
5049
5057
5045
5046
5039
5043
5040
5038
5041
1280
5034
5042
5039
5036
5026
5033
384
5032
330
5031
5025
5019
5025
5028
5013
5026
5015
5023
5011
5021
5012
5017
5016
5012
5016
5007
5005
5013
5014
4992
5004
5002
5005
5007
5006
5004
4997
5005
5008
4999
5003
4996
5007
4996
5004
4985
4988
4994
5004
4994
4983
1912
4995
4986
4988
4986
4977
4991
4986
4994
4989
4989
4977
4990
4981
4980
4981
4966
4975
4975
4963
4973
4964
4970
4960
4967
4956
4969
4962
4970
4963
4961
4960
4943
4952
4957
4951
4949
4946
4946
4951
4935
4947
1532
4945
4938
4938
4936
4939
4933
4928
4927
4928
4926
4936
4935
1020
4937
4932
4930
4930
4932
4929
731
4926
4922
4929
4929
4924
4923
4921
4925
4928
4922
4921
4909
4911
4911
4919
4912
4915
4895
4904
4906
4900
4912
4894
4887
4910
4902
4903
4888
4895
4903
4902
4899
4894
4895
4888
4896
4892
4884
4895
4882
4890
4888
4899
4894
4878
4884
4880
4891
4881
4885
4878
4884
4874
4875
4872
4880
4874
4868
4859
4876
4877
4870
565
4871
4870
4875
4863
4858
4860
4866
4861
4869
4853
4854
4853
4856
4859
4858
4853
4855
4851
4842
4847
4847
4846
4848
1653
4846
4846
4841
4841
4829
4843
4839
4836
4836
4845
4837
4836
4839
4833
4819
4831
4832
4833
4822
4828
1111
4824
4821
4820
4828
4819
4825
4830
4823
4814
4819
4815
4824
4825
4819
4820
4811
4820
4818
4814
4821
4819
4818
4811
4816
4811
4809
4815
1302
4814
4814
4810
4810
4808
4818
4802
4806
4800
4809
4811
4810
4811
4821
4799
4809
1690
4808
4806
4794
4806
4811
4798
4802
4801
4790
4801
4797
4790
4796
4807
4798
4797
4797
856
4778
4799
4793
4780
4785
4781
4785
4784
4785
4779
4787
4795
4783
4777
4772
4773
4778
4773
4762
4770
4778
4767
4767
4764
4771
4765
4764
4769
4769
4755
4757
4765
4760
4758
4765
4754
4762
4761
4753
4755
4755
4751
4745
4756
4752
4762
4750
4753
4748
4756
4750
4753
4752
4749
4749
4739
4744
4735
4740
4750
4740
4730
4735
4734
4725
4730
4727
4738
4734
4723
4728
4726
4727
4729
4731
4728
4723
4718
4721
4724
4726
4718
412
4716
4715
4714
4723
4713
4710
4710
4720
4714
4706
4716
4713
4714
4709
4714
4711
4710
4709
4705
4714
4717
4703
4705
4701
4705
4704
4697
4703
4701
4703
4702
1412
4677
4698
4684
4696
4689
4691
4697
4695
4687
4693
4696
1119
4688
4684
4692
4686
654
4680
4692
4679
4681
4674
4681
4679
4683
4688
4680
4688
4678
4673
4683
4672
4670
4672
4671
4668
4668
4677
4665
4665
4665
4663
4662
4661
4653
4662
4658
4650
4645
4659
4652
4657
4657
4650
4660
4651
4645
4652
4657
4642
4639
4640
4644
4644
4641
4644
4641
4642
4642
4635
1600
4640
4639
4642
4632
4631
4641
4631
1190
4620
4632
4626
4628
4628
4634
4621
4623
4627
4633
4621
4622
4627
1324
4621
4618
4624
4621
4618
4620
4615
4606
4618
4619
4620
4614
4617
4612
4611
4610
4613
4612
4598
4608
1411
4605
4606
4603
4601
957
4598
4596
4604
4606
4597
4596
4599
4596
4600
4599
4592
4594
4587
4587
4586
4582
4587
4583
534
4574
4583
4580
4579
4577
4583
626
4579
4570
4570
4575
4579
4577
4567
4570
4580
4564
4576
4567
4566
4564
4570
4568
4570
4572
4564
4560
4566
4556
4562
4562
4562
4561
4562
4542
4534
4556
4561
4555
4560
4552
4555
4549
4556
4554
4553
4556
4551
4552
4545
4546
4551
4541
4540
4548
4547
1117
4541
4542
4544
4540
4543
4541
4533
4532
4542
4540
4535
4538
4541
4538
4531
4541
4539
4523
4532
4535
4534
1477
4533
4528
4536
4518
4524
4522
4519
4517
4520
4528
4525
4521
4523
4529
4521
4530
4523
4524
4518
4510
468
4517
4512
518
4512
4519
4513
4519
4509
4517
4517
4508
4504
4520
4506
4507
4511
4507
4494
4505
4498
4507
4506
4506
4509
4505
4504
4502
4499
4497
4495
4497
4487
4496
4491
4484
4498
4485
4494
4487
4487
4486
4483
4476
4484
4484
4483
4488
4481
4484
4474
4489
4484
4477
4476
4476
4484
4490
4470
4481
4474
4482
4484
4479
4472
4472
4468
4465
4465
4473
4467
4464
4466
4466
4464
4462
4463
4472
4468
4465
4467
4463
4453
4459
4457
4454
4457
4459
4457
4457
4459
4454
4443
4453
4462
4449
4437
4453
4443
4449
4451
4451
4450
4448
4446
4446
4452
4446
4445
4444
4440
4440
4430
4441
4443
4450
4446
4438
4442
4441
4442
4441
1299
4439
4436
4430
4437
4435
4425
4425
4431
4426
4434
4438
4429
4426
4431
4426
4432
4417
4429
1070
4427
4424
4426
4421
4420
4417
4418
4418
4412
4415
4417
4413
4415
4401
4406
4410
4407
4398
4413
4412
4405
759
4406
4395
4404
4398
4404
4408
4399
4399
4402
1260
4395
4406
4407
4399
4399
4398
4387
4394
4396
4387
4393
4383
4395
4391
1227
4393
4392
4383
4389
4386
4384
4378
4386
4385
4380
4377
4387
4377
4387
4382
4379
4377
4376
4377
4384
4359
4381
4371
4374
4376
4368
4372
4375
4374
4369
4362
4378
4368
4370
4360
4362
4366
4362
4362
4366
4360
4365
4354
2196
4356
392
4358
4352
4357
4360
4352
4349
4362
4347
4347
4344
4352
4350
4344
4345
4358
4351
4344
4348
4347
4340
4342
4355
4343
4343
4341
4344
4338
4340
4339
4342
4334
4335
1147
4340
4343
943
4338
4328
523
4325
4332
4326
4325
4328
4327
4325
4325
4323
4325
4307
4315
4315
4320
4315
4317
4320
4314
4317
4296
4319
4315
4308
4317
4322
4316
4314
4311
4315
4303
4308
842
4306
4313
4307
4311
4297
4310
4303
4307
4301
4309
4310
4297
4304
4306
4299
4297
4295
4291
4303
4286
4299
4289
4295
4290
4303
4287
4288
4292
4290
4291
4288
4286
4291
4290
4279
4279
4284
4280
4282
4265
4264
4284
4271
4283
4278
4274
4274
4279
4275
4275
4276
4270
4269
4278
4264
4271
4267
4274
4259
4267
4274
4275
4268
4270
4265
4265
4272
4260
4262
4270
4263
4267
4256
4253
4258
4262
4272
4261
4252
4260
4264
4268
4258
4254
4260
4250
4248
4262
4256
4257
4247
4262
4254
4243
4243
4249
4248
4249
4252
4241
4252
4245
4244
4250
4250
4248
4239
4243
4240
4244
4249
4236
4242
4238
4230
4235
4240
4241
4240
4235
4229
4238
4229
4228
4235
4235
4232
4226
4230
4229
4228
4239
4226
4229
4231
4222
4231
4225
4226
4222
4231
4230
4224
4224
4218
4222
4219
798
4215
4216
4220
4219
4213
4211
4212
4211
4216
4208
4211
4216
4198
4207
4204
4211
4206
4204
4200
4204
4208
4209
4203
4199
4202
4204
4197
4197
4199
4203
4203
4193
4197
4200
4199
4200
4202
4201
676
4197
4195
4193
4200
4196
4193
4193
4193
4189
4188
4191
4198
4189
4191
4191
4187
4186
4191
4188
4184
4180
4184
4184
4187
4185
4185
4182
4183
4181
4189
4184
4178
4178
4179
527
1164
4171
4171
4176
4172
4171
4160
4175
4171
4168
4171
4166
4165
4173
4163
4169
4167
4168
4165
4148
4160
4158
4149
4159
4157
4158
4158
4162
4149
4154
4163
4154
4151
4140
4143
4152
4144
4154
4152
4149
4151
4149
4141
4145
4150
4142
4145
4143
4137
4142
4144
4135
4130
4133
4134
4137
4138
4131
4137
4136
4129
4134
4142
4133
4133
4131
4139
4125
4128
4127
4133
4130
4124
4125
4133
4123
4122
4114
4123
4117
1023
881
4116
4117
4116
4126
4114
4113
4109
4116
4115
4117
4114
4109
4115
4112
4094
4115
4106
4105
4104
887
4112
4108
4103
4110
4102
4108
4109
4107
4109
4103
4097
4104
4100
4099
4100
4110
4100
4099
4103
4096
4107
4105
4094
4100
4083
4087
4098
4081
4094
4086
4090
4077
4087
4085
4083
4088
4079
4086
4085
4092
4086
4086
4083
4081
4087
4069
4075
4080
4076
4079
4077
4080
4080
4078
4073
4074
4069
4068
4070
4072
4078
4073
4068
4069
4064
4063
4063
4064
4060
4066
4068
4066
4070
1068
4064
4069
4068
4066
4060
4060
4064
4066
4057
4058
4059
4053
4059
4061
4064
4049
4050
4050
4054
4053
4051
4051
4055
4048
4052
4052
4048
4051
4054
4040
4045
4048
4048
4039
4044
4048
4049
4048
4049
4046
4053
4035
4043
4042
4034
4034
4040
4037
4036
4039
4040
4029
4039
4042
4038
4032
4035
4029
4027
4031
822
4017
4024
4026
4029
4024
4023
4027
4018
4022
4027
4027
4020
4017
4027
4013
4013
3997
4016
4012
4015
4009
4013
4014
4014
4013
4013
4009
3989
4007
2014
4012
4010
4010
3999
4010
377
4003
4003
4006
4009
4007
3996
4006
3998
4001
4003
4010
3994
3996
3998
3999
4007
3990
3996
3998
3995
3989
762
3992
3991
3992
3985
3986
3982
3982
3989
3984
3987
3994
3982
3980
3988
3978
3984
3987
3986
3985
3974
3975
3986
3974
3982
3972
3977
3976
3976
3975
286
3975
3975
3972
3979
3968
3963
3968
3967
3970
3967
3961
3970
3965
3973
3959
3965
3971
3954
3967
3964
3967
3961
3962
3955
3959
3958
3957
3964
3953
3954
3957
3942
3941
3956
3946
3956
3960
3953
3952
3950
3948
3946
3949
3953
3948
3950
3940
3949
3938
3951
3949
3942
3950
3948
3942
3945
3939
3945
3936
3938
3947
3936
3939
3949
3936
3938
3945
3940
3935
3939
3935
3940
886
3930
3940
3936
3938
3934
3927
3937
3928
3930
3920
3930
3920
3922
3925
3924
3930
3928
3928
3919
3919
3922
3922
3920
3922
3917
3918
3914
3917
3918
3921
3910
3916
3916
3922
3910
3914
3914
3904
3909
3907
3905
3904
3913
3910
3915
3901
3910
3905
3900
3899
3905
3900
3908
3896
3902
3903
3897
3897
3896
3890
3905
3898
3901
3904
3889
3891
3889
3898
3888
3892
3894
3895
3894
3890
3889
3890
3885
3877
3889
3888
3887
3883
3885
3882
3895
3891
3883
3879
3881
3883
3884
3888
3882
3885
3876
3868
3881
3872
3877
3868
3868
3867
3874
3871
3867
3872
3870
3870
3874
3871
3864
3857
3870
3862
3867
3864
3865
3860
3865
3860
3857
3859
3855
3856
3862
3855
3849
3852
3858
3858
3855
3860
3855
3852
3846
3851
3845
3850
3840
3846
3850
3848
3830
3846
3846
3845
3844
3841
3848
3839
3844
3841
3838
3835
3833
3836
3838
3832
3838
3834
3832
3832
3824
3828
3829
3829
3826
3831
3830
3827
3831
3821
3828
3830
3824
3822
3817
3826
3828
3821
3828
3821
3831
3826
3825
3815
3818
3806
3817
3818
3822
3817
3819
3818
3812
3816
3815
3812
3808
3809
3813
3809
3812
3812
3809
3814
3810
3806
3806
3799
3790
3802
3807
3813
3807
3816
3806
3806
3809
3811
3804
3799
3803
3808
3804
3805
3795
3788
3798
3787
3797
3795
3791
3795
3791
3794
3789
3790
3792
3791
3791
3795
3789
3785
3787
3794
3785
3788
3795
3788
3788
3790
3789
3788
3793
3790
3783
3790
3783
3789
3789
3783
3786
3788
3773
3781
3785
3787
3776
3780
3785
315
3776
3777
3774
3777
3765
3767
3783
3775
3772
3765
3771
3775
3774
3776
3772
3778
3773
3768
3764
3770
3772
3767
3763
3770
3766
3769
3763
3767
3762
3765
3763
3769
3761
3759
3754
3759
3758
3753
3762
3754
3757
3759
3752
3751
3759
3753
3757
3752
3751
3755
3756
3757
3742
3751
3752
3744
3753
3750
3741
3742
3739
3744
3746
3743
3744
3745
3743
3748
3737
3744
3747
3740
3741
3739
3737
3739
3734
3733
3735
3739
3731
3738
3738
3730
3729
3735
3735
3729
3724
3734
3732
3729
3735
3722
3724
3728
3723
3722
3719
3728
3723
3730
3724
3715
3720
3727
3721
3723
3728
3723
3725
3718
3712
3710
3725
3722
3721
3717
3706
3717
3713
3715
3708
3708
3718
3714
3714
3715
3709
3712
3708
3702
3707
3711
3710
3700
3710
3707
3706
3693
3700
3704
3695
3699
3697
3703
3697
3700
3699
3703
3701
3702
3702
3709
3696
3702
3697
3698
3691
3695
3687
3692
3691
3690
3686
3689
3687
3683
3683
3688
678
3690
3689
3688
3682
3684
3689
3680
3679
3686
3664
3681
3679
3675
3680
3682
3680
3679
3682
3680
3681
3667
3682
3677
3674
3673
3675
3679
3667
3676
3671
3677
3672
3673
3670
3675
3676
3664
3674
3667
3670
3666
3668
3669
3663
3665
3656
3665
3660
3654
3664
3659
3664
3660
3662
3658
3661
3652
3662
3660
3660
3662
3657
3655
3658
3648
3660
3658
3646
3653
3656
3649
3651
3654
3654
3650
3649
3653
3651
3648
3657
3654
3648
3647
3639
3643
3650
3648
3647
3638
3646
3641
3641
3645
3648
3646
3633
3631
3632
3637
3639
3638
3634
3629
3624
3627
3631
3633
3625
3629
3635
3632
3623
3629
3627
3628
3633
3624
3623
15
3624
3627
3620
3624
3621
3625
3617
3622
3622
3626
3618
3619
3620
3615
3624
3615
3612
3620
3607
3614
3614
3612
3614
3612
3616
3609
3612
3614
3611
3611
3604
3610
3613
3613
3606
3609
3608
3609
3610
3603
3606
3606
3606
3605
3597
3599
3595
3601
3596
3603
3593
3594
3598
3593
3595
3599
3596
3598
3587
3590
3598
3589
3592
3592
3589
3597
3590
3591
3595
3585
3590
3587
3589
3582
3593
3583
3590
3590
3589
3591
3591
3591
3582
3588
3573
3583
3586
3577
3585
3584
3576
3582
3583
3585
3585
3580
3584
3578
3581
3576
3578
3576
3576
3575
3580
3578
3573
3576
3574
3577
3573
3579
3584
3570
3574
3570
3569
3575
3570
3567
3571
3569
3568
3561
3569
174
3566
3566
3568
3560
3559
3562
3563
3557
3559
3565
3561
3555
3563
3558
3556
3559
3553
3555
3555
3556
3555
3554
3555
3555
3553
3553
3544
3552
3553
3552
3550
3550
3547
3544
3545
3543
3550
3544
3543
3541
3550
3544
3542
3544
3539
3537
3537
3540
3537
3534
3548
3541
3536
3538
3542
3541
3537
3537
3536
3533
3532
3533
3533
3529
3525
3530
3528
3532
3532
3533
3529
3533
3534
3531
3529
3531
3525
3531
3525
3521
3525
3520
3522
3521
3509
3526
3527
3520
3521
3519
3517
3521
3521
3520
3519
3518
3516
3517
3510
3522
3519
3511
3516
3513
3512
3513
3509
3513
3511
3514
3515
3505
3509
3508
3509
3510
3506
3498
3509
3512
3501
3506
3505
3505
3506
3504
3498
3502
3503
3503
3501
3497
3501
3505
3502
3501
3497
3493
3493
3498
3496
3493
3500
3498
3495
3492
3497
3486
3497
3488
3478
3494
395
3497
3488
3495
3488
3486
3496
3486
3488
3489
3484
3487
3480
3487
3484
3479
3487
3479
3483
3476
3475
3479
3466
3470
3481
3480
3466
3472
3460
3472
3471
3473
3478
3469
3464
3475
3467
3473
3465
3466
3469
3467
3470
3470
3462
3468
3465
3457
3469
3459
359
3453
3461
3458
3454
3457
3467
3455
3451
3459
3453
3455
3448
3444
3448
3447
3448
3446
3447
3443
3446
3440
3447
3436
3442
3448
3440
3444
3443
3439
3443
3439
3444
3430
3444
3433
3426
3439
3431
3429
3438
3434
3433
3432
3426
3429
3432
3433
3427
3433
3431
3429
3426
3427
3428
3428
3423
3420
3425
3425
3423
3419
3423
3427
3418
3419
3422
3424
3427
3419
3424
3415
3410
3421
3420
3418
3419
3415
3418
3408
3420
3415
3420
3410
3417
3412
3415
3421
3417
3409
3415
3415
3411
3412
3415
3405
3411
3403
3410
3413
3407
3405
3404
3404
3412
3405
3408
3406
3408
3395
3404
3407
3398
3408
3405
3397
123
3401
3404
3404
3397
3402
3401
3397
3391
3401
3396
3399
3396
3398
3391
3397
3396
3394
3398
3394
3395
3392
3392
3397
3390
3386
3390
3389
3391
3392
3393
3391
3389
3387
3382
3389
3388
3388
3387
3381
3387
3381
3385
3383
3382
3376
3379
3381
3377
3375
3378
3386
3384
3376
3383
3377
3375
3376
3373
3378
3369
3373
3370
3365
3368
3369
3361
185
3374
3361
3365
3368
3354
3364
3361
3370
3365
3361
3361
3363
3357
3362
3357
3359
3354
3361
3360
3355
3353
3358
3357
3353
3360
3358
3350
3356
3350
3342
3351
3345
3352
3348
3344
3352
3347
3345
3346
3348
3349
3343
3351
3343
3337
3347
3338
3346
3345
3345
3347
3344
3339
3343
3339
3338
3346
3340
3337
3337
3340
3341
3340
3343
3337
3344
3342
3330
3336
3336
3325
3336
3337
3332
3329
3332
3328
3334
3329
3335
3332
3331
3329
3327
3325
3335
3322
3326
3327
3324
3329
3325
3318
3320
3317
3320
3321
3320
3319
3320
3311
3317
3314
3318
3313
3314
3316
3319
3315
3311
3319
3305
3322
3317
3308
3314
3312
3308
3317
3310
3310
3298
3305
3314
3306
3300
3307
3304
3303
3305
3302
3303
3310
3302
3306
3299
3303
3304
3297
3300
3300
3303
3301
3296
3297
3303
3301
3298
3287
3299
3292
3292
3294
3292
3297
3297
3297
3292
3289
3293
3286
3284
3295
3292
3285
3290
3293
3282
3288
3289
3287
3291
3288
3276
3286
3276
3281
3286
3283
3274
3287
3282
3276
3283
3278
3282
3280
3281
3276
3280
3277
3282
3269
3279
3276
3275
3275
3273
3276
3269
3273
3272
3272
3274
3269
3270
3274
3269
3274
3270
3271
3271
3272
3274
3273
3266
3267
3263
3268
3274
3265
3276
3266
3267
3268
3263
3265
3268
3263
3266
3267
3267
3266
3266
3256
3266
3259
3256
3261
3256
3262
3266
3260
3263
3254
3260
3260
3256
3264
3256
3257
3258
3259
3254
3253
3252
3259
3257
3253
3257
3249
3255
3255
3245
3250
3245
3240
3249
3246
3250
3250
3253
3240
3250
3250
3251
3246
3236
3248
3250
3244
3244
3244
3249
3239
3241
3244
3245
3241
3240
3237
3238
3237
3240
3236
3238
3230
3236
3238
3235
3241
3236
3241
3228
3237
3238
3238
3239
3233
3228
3228
3230
3225
3234
3232
3236
3220
3229
3230
3225
3227
3223
3221
3223
3220
3223
3222
3216
3216
3220
3218
3216
3214
3217
3220
3220
3213
3218
3215
3216
3220
3216
3218
3217
3218
3217
3222
3214
3208
3219
3215
3212
3217
3209
3217
3218
3206
3207
3219
3205
3211
3212
3213
3212
3206
3202
3204
3206
3207
3208
3200
3207
3212
3202
3204
3204
3202
3202
3205
3197
3203
3201
3203
3191
3200
3201
3204
3202
3198
3189
3198
3198
3198
3198
3201
3187
3196
3192
3195
3199
3189
3197
3195
3199
3192
3191
3193
3196
3193
3191
3198
3185
3194
3195
3190
3192
3188
3188
3193
3186
3187
3188
3185
3187
3179
3181
3188
3188
3179
3179
3179
3178
3183
3184
3186
3179
3182
3175
3175
3179
3180
3173
3184
3175
3182
3170
3163
3170
3167
3173
3174
3168
3173
3173
3170
3172
3167
3178
3172
3175
3169
3171
3163
3164
3168
3167
3172
3170
3162
3166
3167
3169
3164
3169
3165
3165
3160
3159
3162
3160
3160
3159
3160
3158
3155
3159
3152
3157
3162
3163
3162
3153
3155
3154
3153
3158
3152
3156
3154
3152
3150
3155
3156
3156
3152
3157
3157
3156
3154
3156
3159
3154
3143
3152
3153
3153
3160
3153
3145
3153
3145
3145
3150
3153
3148
3145
3139
3148
3145
3139
3146
3147
3141
3141
3142
3147
3141
3140
3140
3140
3138
3141
3138
3138
3140
3136
3140
3138
3142
3136
3130
3137
3137
3140
3127
3123
3130
3129
3127
3138
3132
3134
3135
3131
3133
3128
3131
3125
3123
3119
3126
3121
3122
3119
3117
3126
3121
3121
3119
3124
3118
3123
3127
3119
3118
3114
3124
3118
3116
3121
3116
3118
3117
3112
3104
3119
3119
3111
3108
3112
3113
3115
3118
3111
3109
3116
3111
3115
3116
3111
3112
3115
3105
3110
3107
3105
3112
3108
3104
3104
3099
3103
3102
3104
3103
3100
3101
3107
3096
3098
3094
3096
3104
3097
3100
3100
3089
3097
3097
3099
3097
3091
3094
3095
3097
3098
3086
3092
3089
3096
3088
3087
3084
3089
3092
3087
3091
3089
3087
3087
3089
3090
3084
3086
3090
3086
3082
3082
3084
3082
3087
3086
3083
3070
3085
3091
3067
3076
3074
3080
3077
3081
3080
3073
3079
3082
3079
3078
3084
3080
3076
3081
3081
3082
3085
3082
3072
3077
3076
3079
3073
3076
3076
3075
3062
3066
3068
3078
3075
3058
3065
3069
3074
3068
3071
3071
3074
3062
3074
3065
3063
3062
3060
3067
3063
3060
3065
3065
3060
3067
3070
3058
3053
3062
3066
3066
3061
3059
3061
3058
3063
3055
3060
3059
3057
3060
3057
3062
3056
3056
3054
3054
3056
3054
3051
3053
3057
3053
3051
3047
3049
3055
3048
3054
3050
3054
3044
3046
3046
3050
3047
3047
3052
3050
3050
3042
3040
3044
3038
3042
3039
3048
3047
3039
3047
3044
3044
3038
3047
3039
3044
3039
3039
3038
3033
3029
3032
3037
3036
3039
3037
3036
3034
3040
3040
3035
3039
3029
3031
3033
3029
3035
3035
3033
3027
3027
3035
3029
3031
3027
3029
3032
3026
3031
3018
3024
3026
3024
3024
3020
3021
3018
3022
3018
3017
3026
3012
3018
3026
3020
3022
3021
3019
3020
3017
3020
3016
3015
3017
3014
3020
3012
3020
3012
3017
3011
3013
3010
3009
3010
3012
3012
3016
3011
3015
3010
3008
3012
3007
3012
3012
3007
3008
3010
3006
3011
3005
3003
3004
3005
3001
2986
3006
3007
3004
2998
3002
3004
2998
3001
3005
3001
3005
3000
2989
2998
3004
2998
2994
3005
3002
2998
3001
3001
2996
2995
3002
2994
3000
2993
3004
2998
2996
2999
2994
2995
2987
2995
2996
2989
2997
2996
2998
2988
0
2996
2996
2997
2996
2989
2992
2995
2992
2994
2977
2984
2997
2988
2996
2986
2992
2988
