2582508857
4050125
4050125
0
573
10821804
175712
26
1
15233
293
282
5737
20
16084603
20532
61356306
19
2486
2829
1239
3729
1025
1407
357
216
140
74
5433595
4
8
146789
274239
7593
5046
4464
1864
3679
2847
2997
2327
2184
362
3169
3506
2214
6809
4978
269
5174
3939
2815
1775
1768
847
93
593340
1343
324
324
34116
5427
6916
4533
15380
6935
5104
4738
6224
2157
2011
5626
5398
7459
11242
6981
0
7505
12035
4524
4770
3492
1144
895
269514
3945
113006
3508
425
106
183
29
228
12682
6556
894
5460
1969
32
1
74250577
0
5537
2182
2107
1639
9359824
508918
2662
17661
8349
1158
13494
1686
6965
18093835
37038
177
1165731
3712
9294
345
7120544
10537
10383638
1328
79771
2121
2073751
1719
1186
5590
12983602
1154089
10049858
12188
121
171928
11454712
9776
416
2615
4205
10264078
10342
3387
2337
12195
8999175
1129
4269003
1309
4733519
7594940
2039
8140678
6774008
112
5716047
63915
5757544
8380
2237
7321604
1467
1434
1116
5590166
5017030
7673
20
12241
1656
6391291
1626
10172
6026935
5873216
2625
22285
49
4061199
544
2197
18007
3355
3497
37307
5168960
875
1082
3473890
3085281
4866143
3442977
2215
71717
4589047
6177
4319892
516409
10242
4399563
5297
2749
409
3244
4211263
17957
4205409
1465
9
7342
4081160
118
4622
131
2715350
2541867
87831
5307
3834798
183
224
3543990
4671
0
1862
2524125
1285
2187
800
3397003
3490789
1194679
3418540
3376104
3258360
3169708
3265708
3257314
3235885
3212893
8798
852
1264
1782
1803
906
92
87
2612527
0
2823533
2790480
43667
2599249
2
9011
788869
2659863
2773
2443528
2080382
147791
446
596
1543
538136
561
0
469
646824
2207073
1711
84793
1891
50402
476
2095095
2094151
2767
47
585
452
1258638
1375583
2323
1890608
6860
2803
5492
849
1809313
1224766
5343
1692676
1785
3512
245586
6892
1001
1165807
246
1664057
957
1457207
1536189
1338
1557013
171
2689
632
308
1798
1531628
723
354
1938
1570
4721
722
1649
634
5202
184
23
865721
1401234
1250897
61
1328123
7623
13067
580
275
1621
822
1341440
2446
1
1293865
2575
21325
4645
886396
8657
317
1262719
573
3444
239
380
1550
1212305
8
1228008
456381
1223355
1211072
1115205
69855
1074217
859705
249
1057
822655
1167124
4410
3566
9009
277324
321
251
694
1280
1129037
2053
758
463
1481
337
941960
69608
1048604
106
769642
476
1054235
345
1761
3043
8363
1040040
1031438
2380
1894
44
902808
917771
1973
682704
966229
847448
453809
972968
965270
963162
927772
7177
1053
956534
2975
2189
948455
268
442806
2528
646270
1878
98653
900576
2412
2044
177
798493
584151
3501
11
893337
0
885973
148
1078
1162
216077
868351
856085
716923
1103
5
1775
841844
293
4001
1024
834265
589
820684
289927
665
550
771734
1485
544
1960
790415
86931
24134
784919
782542
2755
685
318133
598396
11593
767663
36
758857
758683
778
651931
489
5868
742447
1476
734800
6928
2128
81767
713
629
709782
3178
528
3174
569
8
1648
0
358
27343
27206
0
281629
694958
11
362
309
687493
1908
1821
977
387140
677305
1303
2895
710
637391
665587
993
1175
4069
2267
364
590
128333
332
646822
944
282
251
638259
187
525308
4103
330
10374
631217
346
23987
629144
624280
214
622945
618253
577599
1596
613107
6
297
2703
699
607770
606087
0
603213
4648
353951
207
530022
3284
1650
22
1323
587740
572884
40
590
1039
16
574324
570831
569365
567862
71
567683
3065
811
258
123588
98
454182
506922
555131
509102
531927
522380
542535
548518
546426
1362
1384
1276
19
537761
537486
1214
1245
535052
532804
532423
0
10
528036
0
215
0
523854
523567
300
523103
352326
494097
1013
438068
387
308
215537
362
490435
8085
465898
2004
447817
498036
238088
496804
126350
642
2543
480704
3284
481284
639
474483
2153
2517
1358
2192
472656
612
0
469114
11921
97
461595
458465
287
456231
14086
504
450641
6206
447019
810
439024
1393
116
1240
437949
596
1475
431437
0
223131
3137
436104
79
433439
1389
431289
0
328
3639
424161
461
0
296
795
3298
281044
415268
789
268
410775
410843
410052
549
406405
380
402402
430
398189
397918
397611
1699
397438
73
2450
54483
787
46
384303
705
381191
264
380867
366168
433
379793
1222
379408
378497
102
364322
5303
393
362674
362212
823
360336
217220
513
1264
1887
281718
354005
1093
287
345067
11760
1585
350906
112
349830
5
1499
554
1358
346431
266172
344853
80400
344667
0
281
10
242
326371
341457
165727
409
18
1786
335455
333975
659
333906
129
234428
43
325699
3671
2050
329
320822
471
636
316179
86
314486
976
1376
310666
309020
1918
140
308213
554
5393
283940
226213
303560
303497
303259
303148
2754
1113
290336
277844
298778
0
295709
294919
808
260943
291148
102
624
290038
290006
270192
289564
2537
3098
288611
715
3144
273989
617
179488
415
282772
282822
189
149047
280813
261
280092
2259
1156
277421
186151
752
192992
275752
275175
2
30
84
1547
311
846
39
1592
12
268911
1855
268499
5638
267867
8142
639
428
266181
265402
264444
4633
827
116219
262667
698
0
697
34
259688
259109
194651
70
16340
257998
1683
257198
274
256698
531
280
254762
253732
35789
251573
8437
227
3271
250495
229268
249740
249432
146
2437
247761
247607
247318
1152
3
1443
245675
1951
7238
1488
241296
2240
3243
516
10
228871
236204
69179
1012
778
91
450
211896
271
1128
230714
1964
2628
229203
121944
383
1221
248
703
224221
487
602
223517
1746
222879
39
663
660
220339
511
50
937
437
607
1710
217505
217695
7262
217180
1
163227
2155
636
1347
188600
73352
213850
2391
301
33
187637
883
249
1954
581
750
238
210257
209691
1113
281
1551
208474
24151
521
416
2620
790
169000
204835
176741
937
203609
203327
358
202780
802
201093
150
135657
458
1346
199007
199281
199280
198749
193657
1433
4658
197829
266
196987
195602
309
195555
13
1315
569
2
186339
191657
191045
190475
154
99
111221
393
535
770
2999
652
16926
189062
0
6994
39354
187656
704
42
374
976
185764
79057
818
836
331
809
2031
40
722
14
182215
182123
640
2
1316
181462
1919
109
263
1615
179446
1025
179287
178866
178616
1415
177975
177809
177594
339
206
177038
91550
658
225
175711
91
175403
42
172667
16126
174177
173962
173074
123084
993
4227
120196
171696
377
171289
171162
249
170898
340
2324
792
37
809
5717
100094
580
846
1218
218
167561
184
162964
166189
4128
2589
164951
164939
164900
0
226
163440
219
46978
1259
161638
943
16909
161285
850
161294
1430
22
139201
10246
117
159900
159884
0
159589
158860
158743
156763
55
157791
136755
65
271
35
1597
156789
1254
133931
827
154501
154378
154179
154070
153476
297
13
153019
254
152459
152320
160
2290
152079
150776
150665
201
150477
149548
127920
148578
43866
148379
148341
148307
148300
9271
147948
147936
147771
147600
526
815
1657
146801
146572
47
145612
86
108751
38
707
140933
144835
144369
98072
118025
101023
18457
91096
143707
143679
164
40049
141856
1262
141783
141558
10
751
201
8
130393
0
140809
243
78648
4225
140375
60
140042
139875
139615
44
139187
138742
402
1082
138390
138136
1623
92745
1442
98971
390
137248
276
450
9604
715
136201
1014
951
570
8380
531
135004
134902
13972
134855
134474
114079
10
10
0
101534
133017
132789
2815
132410
132242
131827
131797
1009
130640
1820
106
130142
292
129772
129546
129556
662
98485
26990
129039
662
1070
0
128399
961
291
122649
127457
689
114614
127034
171
257
391
126756
2434
26146
126617
126658
126357
668
59
125904
125899
125642
125539
0
140
81007
391
124777
1746
15946
124143
1484
123830
138
114
123696
123552
586
135
1665
110319
121190
1203
120585
1031
120332
120129
120088
120070
119961
684
119630
14185
118808
1
2954
619
96998
116710
0
116552
116433
1665
116058
1517
115918
0
115558
181
115342
0
114726
114689
0
112925
613
572
113853
97
113699
113357
111574
112408
947
162
842
100
83
60085
0
1295
7
111181
111096
545
811
637
1264
0
1
101846
110535
110415
2361
16020
109903
106870
399
109663
37977
51
95
1378
109115
300
1316
617
108568
936
74472
40
107936
83331
283
475
107267
107255
252
106608
106448
371
720
514
105917
104449
55871
105350
105114
105075
105053
104983
104854
104758
104549
104202
41
57
45
193
276
6
103229
8
49959
102930
102860
102772
61669
102546
102484
647
1165
102141
101953
101250
100894
17798
295
100625
100268
100253
100211
42238
1276
125
0
814
489
604
28
25593
99132
99121
99095
99063
66222
98873
1170
98702
971
949
0
9422
98076
83459
25685
29038
41
167
97022
96782
96788
96777
4112
1363
96302
96175
147
96007
507
61163
84646
90830
95477
606
762
1202
51883
94188
532
694
93944
477
0
3
93287
3879
93149
93115
0
78981
926
92935
631
292
2628
92331
92192
643
79715
0
750
38
91035
60716
90811
1173
879
575
90473
90385
48
734
89799
89727
1975
62798
158
89516
89267
89037
0
88429
88372
88405
37007
88283
875
88010
87983
87795
75
7
75275
109
811
87029
86901
29260
86754
385
83220
11
86428
86446
13757
86302
348
74776
86294
449
868
0
85668
309
3349
85506
1413
85294
85313
85286
196
201
2948
909
855
80582
84637
84583
84475
84335
8
84114
36525
9
77939
83742
83595
325
83430
22
83259
79575
1534
82773
83022
74724
290
3286
662
1086
82746
82549
82546
82501
82432
82339
82277
82215
4635
74866
1541
81873
81849
81827
81670
81024
81647
81602
81526
81528
81521
4
23812
269
12007
80527
80440
80237
846
561
80096
0
79969
96
71859
70535
0
220
79822
59130
79723
79732
79707
79460
25602
2369
1714
351
1273
78861
1932
78166
40191
223
235
703
78429
42978
923
1301
78033
618
349
77591
8
41
77595
481
2
77305
77261
77242
77100
76891
430
76823
32292
3
52
185
1413
76449
1091
1094
76106
946
76106
1730
75963
1371
2602
1766
75744
0
335
75444
71309
75285
75222
994
0
74854
53566
74727
0
74574
70582
717
972
542
199
165
520
179
73861
73798
73708
73691
1781
56035
266
63
73253
644
73131
66548
52926
461
72779
16370
1168
3872
4739
72550
1471
72222
66971
72132
71822
71897
71906
71883
71827
71770
783
71586
71576
17219
1124
29
71306
145
934
168
0
1535
71071
1719
70956
70983
70896
70807
309
43639
70741
109
25535
252
109
47489
70573
70559
432
70386
38
70002
415
70140
288
0
69772
58010
69674
69678
456
69449
270
63260
69164
69171
69120
69095
69085
69092
64918
81
810
2908
62005
10758
68851
232
68718
0
68611
68600
443
68469
10479
305
68116
68042
329
67997
67855
67718
67739
67589
67508
67488
49244
357
67380
99
51589
1204
66876
66795
133
109
1331
230
915
876
65721
65604
65609
424
65468
1003
65295
55157
37073
65275
258
246
856
64894
64861
55913
519
162
0
374
507
1562
64696
62150
378
64505
64318
64300
465
52747
442
64099
63964
1341
81
59948
63807
63815
63821
1077
63690
63504
5684
0
63319
63344
766
57177
63063
606
62978
62896
653
242
7
681
62540
0
260
1
57368
232
1547
62352
62229
963
316
62001
61745
61606
61498
61531
2305
0
60466
61396
61327
61201
0
61018
60838
931
123
60778
294
60575
0
42415
7
30313
1124
933
60170
60126
59637
38833
18948
56831
701
251
59803
163
47450
886
243
59669
284
59599
59562
59491
59424
256
1116
59323
1749
1667
59022
183
34870
234
1778
1417
58584
1042
223
50
58037
58381
465
58232
58131
58117
945
58031
57983
1153
57967
57964
57927
326
57800
424
56741
57596
57534
57543
57541
57524
169
57399
165
221
56965
13
56930
106
1312
394
51
55320
50727
56646
56611
56586
56549
56371
52924
56340
3408
56233
448
56179
56151
56041
510
218
55706
79
0
55564
365
52109
55150
20
588
128
20
55008
62
210
2191
54814
54771
465
222
54712
3
54474
54462
54410
59
425
0
390
23664
59
53960
1676
374
52175
44256
0
1437
336
19
53553
53505
251
53398
1039
53272
6
53161
53129
52393
52924
318
52867
52844
34304
148
52728
52683
931
52640
52640
52633
991
52531
52545
549
51252
47268
52365
52244
5501
52094
581
52070
52064
52007
1145
280
1209
43721
51756
36
264
414
845
51354
12
51257
1
20
43360
4523
51083
342
2
47744
669
3
43136
50793
1269
50704
50579
50548
0
26
40217
505
50390
118
7222
50183
50167
85
50124
50083
50095
49938
390
49850
41056
49669
848
265
32
49416
49300
302
49314
256
49283
49064
41401
48919
625
41184
40707
48638
18098
48621
0
40826
336
48500
47668
47982
48146
48087
151
48032
47971
41243
43371
47862
42
47852
114
1
4523
89
47593
47564
47564
43
3
39488
60
17561
466
47277
1350
47210
47233
33690
942
47094
291
44323
86
46914
44721
2090
704
46796
21
39371
44443
46628
46529
37096
42018
544
1153
46351
46294
1103
46268
38189
26811
45526
1005
46094
0
394
45981
45824
492
44984
36
45679
610
45699
45555
199
45428
45413
45425
45405
7391
45365
45323
255
45293
45244
45251
45217
1068
33701
35436
270
45118
26534
24039
2895
44994
44952
44908
5
44863
0
44451
271
494
44525
44416
41328
21778
0
1211
90
44309
43922
30
1
44112
44020
44030
43981
17446
29786
3
1212
43747
43731
43620
43618
43598
199
43590
43438
696
43428
227
0
43394
35515
14
330
43166
43149
264
38680
0
43008
1943
26806
42951
39
236
245
42786
42774
344
247
37159
486
35565
42569
42573
0
384
20
347
975
304
5
10
0
253
25
42182
42137
42109
41981
1054
41951
700
41918
43
41849
41836
35092
351
41759
135
41726
41728
35718
41654
41633
41598
41575
41526
2060
41463
129
41461
41451
41377
41383
41348
41253
17
41137
868
280
41052
40989
258
40879
160
40828
40799
40806
0
40714
40686
40695
40688
40688
40667
175
36795
1205
40462
0
747
40306
478
40230
40209
27
40197
40065
39640
39986
39909
39930
39890
1325
39822
39773
252
39725
39749
31846
39711
39690
689
1541
37055
13186
206
3
37774
28523
39278
39221
39138
39150
952
1132
26077
1218
928
39028
772
243
842
244
1927
424
38882
38866
38795
404
1375
38679
38685
569
38626
38592
20320
38514
38406
38412
0
0
57
38335
38308
455
621
925
0
38156
134
1102
35439
183
38075
463
38066
38058
38001
31
22089
37933
37931
37900
35021
37868
37786
37787
5
37737
0
60
37637
27158
429
16681
37538
37517
37496
37450
37422
37451
37445
66
37388
358
37386
440
0
0
37356
37302
37289
37276
35499
28283
744
37167
277
166
282
723
36962
440
36922
36873
314
36804
0
36767
36746
36703
36682
803
36637
36508
36452
36362
24393
36360
16
26982
224
14
29392
36045
36025
794
35970
421
35869
543
71
35676
35684
2795
81
62
26715
341
33
35424
35359
35331
35293
317
13611
866
534
434
1
35137
35136
6379
0
3014
110
34950
29914
34884
30530
34901
34867
191
34802
34826
34769
34761
33665
16
34634
34660
1349
34596
1399
64
11686
152
700
34483
492
34438
110
34360
34352
34349
64
34319
34360
34287
869
1
34207
180
783
852
34089
34088
34124
34049
530
34024
654
343
33994
34014
9693
0
33969
33957
761
182
33866
459
33812
33798
33685
33710
33672
33653
335
33630
33591
33582
33573
77
33525
150
29
30345
1162
188
33372
33377
161
232
23490
33322
0
255
33266
46
249
1611
47
33114
6
33058
14075
877
33012
0
33009
4
32771
408
754
32700
32680
32675
0
372
32486
0
784
32424
32417
32356
32312
31825
32243
32217
32222
32208
31340
32158
32153
32162
0
292
1393
399
32068
32067
32052
5
36
52
0
917
31943
863
31916
2185
31912
31819
31796
269
31769
31743
31708
19685
3
30293
31679
312
31643
31632
359
31574
23285
26407
31440
133
602
145
12279
263
0
31321
8132
962
31289
31259
527
236
31194
0
23101
28605
0
31022
31054
1194
100
2
30943
30965
30836
6
30835
30789
30792
30772
30700
898
7144
30669
30606
30634
1076
41
30601
30603
30568
30583
27293
0
0
4
2183
275
30447
61
28653
30378
30369
30312
266
30289
30291
30274
23
30223
160
30206
30196
30167
30171
30165
647
26523
30083
30065
0
30012
30000
143
29980
253
29934
241
29917
96
29906
567
29858
29820
325
29820
28467
28478
29754
29737
272
29657
29644
1560
25047
29612
465
627
29555
29500
29529
1126
29526
75
3
29460
353
29442
29463
29415
1467
29403
0
29388
29287
29327
26337
29299
2
29232
29224
29157
778
29052
29020
29023
1
219
28943
28939
28932
28904
28880
9
28831
1840
28794
23916
426
81
18507
28660
28673
28646
28625
72
26114
440
28487
17
28486
28471
992
848
28397
28395
1
28292
25
15632
28286
0
967
60
27684
746
28119
28113
0
0
0
28032
25457
27903
279
27880
27787
12355
27786
2480
25889
626
27716
718
27664
27654
787
27599
27553
26911
0
27400
27380
1
21306
27295
26890
27337
8420
27295
27264
27268
0
473
27208
27197
7
27189
27160
27158
27120
27130
27114
25853
1
27059
758
18115
26969
26609
11
26917
354
26907
0
26863
26865
26829
45
26768
14024
26703
26705
26664
26653
220
97
5
26594
819
336
7876
26537
2286
26477
400
137
26461
26431
26387
273
142
36
1083
26244
1381
26232
26189
647
223
26113
26070
250
26040
25148
26018
26013
0
25961
25917
1422
146
25860
25871
25799
956
303
24
0
25704
585
25705
457
203
25667
25582
25563
9
25550
25539
25476
166
25434
25432
25402
25391
25342
5
25331
25306
25275
25288
25270
25254
196
549
18269
200
851
25169
25163
25139
6
24803
377
10
25082
25051
76
25024
584
24951
2
24960
104
24942
24930
24901
24892
24899
817
33
24860
24864
48
24848
24870
24841
713
266
1242
222
24797
24792
2439
402
23912
168
17
24596
514
24611
24569
93
551
2
23119
0
24539
24557
248
5303
24479
1
24439
24434
5327
23945
24385
24378
24336
24292
21289
24240
24233
24223
463
486
48
24109
40
1200
369
24038
24063
23933
23916
283
802
23898
1
0
23868
23828
23802
17595
634
20696
23777
23784
235
23733
23738
140
586
23709
23221
23616
23615
23601
23529
23536
1566
0
23388
153
23407
23372
11655
223
23309
21653
23304
26
23296
23280
20594
638
8
23183
23127
23136
23117
208
23099
23071
23068
185
23057
23055
23040
23032
17687
18007
22948
252
22934
22919
22893
22856
28
22873
0
22867
22871
22812
22772
22751
22750
274
58
22632
22624
22612
16164
22568
22602
19538
22562
22225
22531
6063
22473
22478
1332
578
22467
10029
0
277
22412
1245
228
22305
22300
22288
22278
288
22268
8
12
242
17100
22208
969
171
22168
22157
27
22096
22105
1386
603
0
22070
22066
680
22011
22012
227
1
21965
197
21898
21892
0
21884
21855
21841
616
21782
21780
21763
21743
459
21734
21732
413
410
1010
21683
21675
21651
16927
21629
30
28
2980
16
21558
21554
21560
144
21465
2668
0
21469
21480
21469
156
21382
23
20890
1
21214
21203
21194
490
13132
82
21144
313
21147
21108
297
21093
9284
826
304
21061
21047
97
21025
21029
19310
93
20977
20977
14774
15421
15
20906
52
20862
0
1451
12818
0
20789
20761
20735
478
20725
20690
20690
221
20672
20664
20661
808
7
14524
20620
20623
149
20582
385
4041
12233
134
19329
20470
2
327
20425
766
20405
20410
1301
1
20386
20391
20356
0
61
19312
20350
20324
20321
20309
20302
818
20241
20228
20221
20221
20201
20193
20197
15764
439
20160
20156
20146
20147
0
20161
20105
20105
20106
233
20072
20060
6
18290
20042
367
7
1417
65
20026
19999
19978
19938
19945
19900
439
19914
19476
19806
5787
19773
624
19744
19743
18173
82
19730
19729
19737
381
822
19733
19706
19719
19697
239
191
19657
8548
11421
19662
19653
19662
19635
19607
0
19578
147
577
19499
19495
19504
52
103
19456
283
0
665
19444
19405
223
0
19368
551
2232
94
19369
19327
15349
19314
19311
19298
19277
19250
19250
19220
11884
19182
19179
19170
19160
18748
19125
164
19117
19128
19079
19038
19015
19025
18994
430
18976
18960
39
18964
6589
18910
234
18922
331
18895
18871
76
0
18842
18468
18837
18818
18817
18798
18802
18767
183
18713
17200
18711
18681
0
18623
18618
18624
18617
362
18591
18543
18558
18547
18555
18535
18525
1467
18447
18420
11396
2248
18365
18364
18339
18322
108
18278
18310
18296
18271
3
624
18217
396
18192
8829
33
18151
18163
58
18123
121
17487
18089
9615
18067
851
18058
469
18051
18022
18017
18027
329
18008
136
2796
17991
17959
17951
664
2506
1187
17885
564
24
0
17847
17821
17817
17813
153
17807
17776
17772
17758
13178
17701
17697
17692
16686
17704
1120
17292
758
17667
13260
203
17660
195
17642
17628
17634
17598
17574
17590
1389
185
17577
17560
41
17541
256
1427
956
17465
17470
17467
17451
17429
17413
17409
0
17409
3823
86
12830
148
526
17341
276
17341
17324
17311
17290
17296
17268
16107
0
13
402
618
0
168
17200
1089
17190
17128
17102
978
662
126
17063
314
17051
1058
17011
56
41
16967
429
16965
12303
16950
16960
16936
16918
6051
16872
16877
16867
1443
388
16856
420
16829
418
16814
2862
16780
16750
16764
16755
1
16752
16739
133
16732
361
14584
16687
14777
16681
16672
287
16647
16627
16636
16615
2651
13578
261
678
16571
253
15648
16550
16541
33
287
368
16486
10108
3216
16434
16410
1429
7281
16321
10948
16315
13242
16261
482
55
554
16227
1392
166
16204
410
84
16120
0
16134
2996
8824
827
593
840
16049
16038
16057
341
454
16042
16037
16037
16018
15531
16009
15995
15958
15965
15956
15934
15943
13803
15873
195
7
15859
528
267
555
15809
15822
335
15810
705
14239
272
7679
1061
348
0
15708
15693
1229
15615
55
15592
15572
1377
1373
15554
15528
15533
15503
15523
298
935
15516
15502
15485
15479
9
15403
2
3
15446
15104
15423
15416
15416
15405
14608
15426
838
15402
196
15354
281
1410
9466
15308
15275
107
624
14100
422
0
15216
15215
111
527
120
84
0
15162
15152
0
85
15124
15112
15102
15088
256
312
1229
0
269
15060
15028
15033
15011
15024
14995
291
14982
14976
14969
2
96
14483
0
110
14942
14900
14886
313
14870
1148
320
14856
14851
14854
14801
522
14799
83
12613
14776
14752
14740
235
12060
469
14719
14708
192
14698
8
13165
1892
333
14655
135
6920
14329
120
78
14633
14624
14634
14607
14576
14589
14575
14553
1269
22
105
104
2350
9614
14519
948
14501
14501
115
658
11796
14486
14457
14437
687
14420
128
14409
282
11509
14380
10888
14354
6
518
14319
14319
7722
418
14332
10612
14304
223
0
0
14253
397
14245
14207
0
14210
14185
14175
14161
14157
14142
14132
14131
12085
63
14111
14114
14112
807
14091
14073
14054
14058
340
12281
14033
14039
14028
453
14017
14006
14006
109
14003
13999
13990
13987
13324
476
10168
1
321
273
135
901
13895
9225
13890
3
14
13860
13860
15
139
12424
13844
13824
244
641
0
13784
98
13740
403
13738
599
267
13712
13720
167
532
0
13703
69
13661
13661
80
644
78
128
13636
13600
13594
13591
13583
13579
13573
13566
170
6958
13558
13548
13551
467
202
13503
4131
13484
13481
13467
782
13475
12362
1244
102
13449
13434
13414
13404
13397
13395
13394
920
9690
13362
13363
13358
13331
13307
13326
56
66
13308
13315
143
13303
13305
380
232
13274
13286
5548
144
8371
13225
125
8154
13223
13217
13203
345
13190
234
13193
13151
13157
328
13170
9386
22
0
13153
0
84
13130
13136
714
13130
13101
124
2
1
12755
13087
384
13052
13047
13049
13027
13025
13039
13030
13007
136
12998
12994
12987
0
12992
55
240
12954
12943
835
477
12934
134
12918
12914
12884
12864
12860
128
137
862
41
12829
12789
12790
6544
12789
12795
12509
45
765
1135
6264
8250
1219
558
12748
12736
93
12745
12720
444
12716
12738
12726
10829
12690
12712
12692
429
100
615
12661
9034
12633
12637
12643
1392
12614
12632
26
599
12621
12613
2235
12601
7406
0
8009
10032
801
79
543
12560
12554
12535
1246
12510
12496
12503
0
2468
12505
314
11950
12471
12438
12458
12452
641
12445
1293
12438
12450
12424
12428
14
12390
12394
355
12367
526
133
12324
12331
1231
12303
0
12291
3219
12288
12279
175
12264
11595
12249
12245
12230
111
12237
12237
695
11761
12202
321
12188
12171
505
12164
1012
355
12149
12135
195
1022
12118
12114
11827
12110
12088
12075
25
12050
1123
4080
110
12055
28
1360
7348
812
12004
11990
11994
457
0
0
11971
11977
11972
0
11957
7037
11949
11940
429
11913
11913
0
11909
326
11896
538
11870
11863
441
194
11833
11820
528
11780
11760
373
11723
241
11730
11687
11690
11677
11681
11675
11676
156
61
11636
9019
11619
24
533
11598
11603
823
11595
12
10467
11582
837
11567
11566
11560
11562
11562
11538
350
11529
373
8882
11511
11508
5493
11507
11500
2
2
11479
11488
11471
11485
11472
11459
11429
11433
3100
11420
11403
11389
11374
497
11338
468
11327
4894
11310
9494
11293
11288
57
11256
100
741
10926
455
11231
35
11216
11224
11194
1182
216
11171
296
7130
11153
9307
4
209
11113
11102
307
11074
5447
11066
11069
212
1093
11019
11007
118
11000
11007
11015
940
11003
1001
273
69
181
10968
112
10960
71
10941
10943
10943
10921
25
10923
10920
199
932
10912
10914
10918
10883
10893
10891
10869
21
839
10878
10881
1027
543
10878
10873
10866
1189
0
0
10809
1134
10823
8244
10806
114
10791
10778
1097
10746
10761
1
69
10729
1184
10730
10717
10710
6167
10704
468
10698
10707
10706
10671
10676
10652
10634
74
4229
10621
10617
18
195
10614
10594
10601
71
10575
10248
10577
10570
10574
10563
10557
703
528
10550
10531
466
10518
10514
10506
10518
1630
10483
10486
1017
10449
10456
10451
10446
10436
10439
4520
10435
9924
529
10403
10377
10378
0
10352
10358
37
10346
10332
9987
10330
10313
533
631
581
10284
10285
12
10285
10274
10277
10280
10284
243
10272
499
196
10216
1
10198
10196
10189
10185
10178
10175
10164
10148
147
10123
10114
10110
10108
8516
10097
266
10085
0
10077
10088
10079
10071
367
178
10058
10
10031
10041
11
10033
10042
6158
10006
10003
9991
9982
15
9984
844
9963
782
9969
8131
9948
500
9453
9926
7534
9923
9925
9913
9914
9914
9903
39
9905
9904
9890
9886
121
1117
9865
69
9855
9845
38
9828
893
1036
74
107
1108
9777
9778
9790
9780
9780
9775
35
9770
572
879
369
9751
9733
423
9728
335
9722
9723
9713
9713
9712
9703
492
1400
9700
9687
9688
7915
8000
347
9662
9661
256
9666
9659
9645
9648
9632
665
1
9622
201
236
8356
100
9588
599
9593
2107
9583
25
9556
3636
72
9557
6
433
9552
9544
9193
9538
9530
9517
9509
9520
9502
9500
9492
8777
9466
294
1086
4583
9445
9453
379
1128
7370
9424
9417
9401
168
628
248
9387
1554
196
9382
9357
9355
9343
9342
9348
9353
8131
9338
9334
9312
9286
358
9274
9268
9254
9258
9237
9242
9226
1159
1275
9235
9215
837
50
9220
916
15
752
25
9196
9185
9188
5640
9184
9179
86
249
276
9145
214
108
9115
587
419
895
0
9108
256
387
9096
8796
727
500
1067
0
9077
8384
8547
9046
9040
200
779
0
9023
5353
9005
8985
152
8996
5110
8992
8975
8975
196
0
15
8928
325
8932
8919
8907
8912
8912
2
8907
8906
7206
8899
170
570
8880
8564
927
8861
8854
8869
4103
8871
66
8848
8854
8847
8828
560
8828
8810
604
5
5675
8796
8796
8778
8772
289
8774
0
0
693
6452
3058
8765
8751
9
8749
8747
8735
8727
0
8718
8712
0
8715
344
3450
489
8710
438
8709
8715
8689
8670
8687
8678
8678
7990
0
8676
8666
8653
8656
564
8640
8652
8660
4726
8638
8630
8609
10
8608
8607
160
8600
8590
8589
3811
8586
8568
206
450
8562
8555
0
8554
7283
259
8546
8536
8536
8522
8525
8525
9
8510
8506
8496
407
8497
8489
8489
8480
8486
8468
8463
8464
8461
40
8450
8448
8446
1343
8429
8418
100
8439
8429
509
8427
8420
8406
8402
8409
172
8387
8367
8354
8370
196
8347
8341
8340
8341
8320
8338
8322
416
8330
0
8306
8314
8307
788
8297
8299
8285
360
8287
124
5335
8281
8265
574
8248
8245
151
12
7
8225
8229
8219
8219
8218
8210
8211
8198
885
8195
8190
8187
8180
8178
247
379
735
270
461
8146
8148
825
8116
138
8121
8118
8116
268
8101
244
8088
8087
8078
647
8068
8069
8061
8063
504
5388
8056
8057
707
192
97
5
0
2
8016
8023
8025
7996
8017
8000
8002
8
7973
7968
844
56
3
7958
103
7959
7965
7957
7960
7938
7948
7654
7932
7930
0
1
665
246
71
7894
7879
160
7875
1870
7869
7873
2
7858
7
104
7858
266
7845
267
5046
165
5145
7838
82
356
393
7826
7816
7814
700
7794
2463
161
7802
7801
7796
7797
326
7789
91
7793
7789
7785
7792
7790
7776
7768
7767
9
7228
7763
193
0
7736
7748
1154
7745
95
7735
7736
1015
7735
68
7732
7724
7721
7708
0
0
7706
9
174
7706
0
751
7704
7704
7692
7701
7693
916
4051
250
164
7655
7660
6679
7657
695
1110
7651
456
7642
7648
7644
7642
7634
1103
7636
188
7617
7610
7610
7603
7601
7588
7597
7600
7588
0
7584
7575
291
7571
7566
7575
5
7564
7546
0
7531
7534
7526
7525
7524
0
520
52
490
7503
63
7508
7499
6894
7475
6
2779
142
29
148
7445
3069
7434
7445
793
0
7424
7421
276
7426
861
327
7409
7402
7401
250
39
344
7394
379
7398
6004
7388
7381
7379
7358
7368
26
7363
7340
788
7345
7337
7326
7335
2124
7332
6420
0
7314
7306
7296
431
135
7286
5941
7292
7282
2225
16
2
6543
7268
7269
707
3698
7251
0
1390
7243
7238
4278
0
163
7231
317
524
7221
668
293
7217
7213
7185
7166
7166
7159
7162
7147
1
7154
143
343
1
7148
7140
7
7146
7133
7131
7136
930
7129
902
7114
7117
7119
7122
7104
10
7089
7094
5834
7080
7073
7085
7083
7075
534
7077
7073
7063
7065
146
7064
6294
340
7044
25
7035
891
7036
7033
72
7024
7013
0
7009
317
7013
511
6997
1107
6998
6998
6994
6986
6553
6975
569
5974
6984
6981
6978
6975
6968
6967
6964
6968
6954
184
32
6921
615
6930
6936
6938
6926
6916
241
16
1380
6917
6915
89
240
6909
6906
6908
6905
0
6902
6896
6901
6888
6879
6879
6877
6867
6869
166
32
6858
476
6853
6850
1092
6838
6841
6844
6834
6819
6840
131
6817
6811
6813
71
6807
6804
6804
6801
6793
6790
43
542
6795
6773
2
6778
34
6778
6777
6778
6762
6774
85
6758
6764
601
43
6760
6749
6754
608
2916
1847
6737
6733
6733
67
6722
137
6727
6712
651
6712
6709
6708
4589
6696
6695
117
392
211
6685
6680
6666
6677
6678
585
8
548
6671
40
12
74
6673
697
6128
115
6643
6644
6630
6632
6624
109
6626
81
6622
6607
6617
6608
6592
6598
169
6594
6596
6589
121
6582
42
89
36
6566
6559
230
473
6550
440
480
6558
6542
6542
6537
6534
6531
6531
6527
159
6527
3787
6522
2088
6521
6513
6511
6508
6514
6509
529
6501
6505
6502
6509
18
6500
104
6494
4263
6498
6480
6481
6485
6487
5212
4005
6473
6472
6466
6461
6469
3217
571
6469
6462
6457
152
6459
5924
6438
6443
6438
6441
6437
6435
6438
6433
6426
138
2774
6412
6404
1
6398
6388
6387
6383
6378
6384
6367
6377
6370
6370
693
6370
6363
6361
6358
6355
6364
6360
6349
468
360
6326
6323
5418
5940
6317
6318
6312
6310
0
6311
6301
63
6303
6294
1240
218
51
722
6273
6277
6277
6274
6272
6269
231
6249
174
6238
298
6244
3570
6237
6239
6228
6232
1358
500
6238
239
6228
6223
6218
6199
6212
6210
6209
6202
6209
6197
6185
49
6192
6186
26
5
6178
6185
192
6181
5516
627
6163
6164
731
6159
6158
6156
6153
150
6156
0
6147
6153
6152
6141
4990
6134
415
6114
696
6123
6123
6115
617
6113
6112
6102
4241
6103
6102
6107
6098
6099
6093
543
6099
2058
6101
6088
555
59
6086
3515
6075
6073
5775
6055
648
6053
5356
6035
0
289
6034
10
6026
6013
6011
6006
6008
6002
5989
6003
4939
5993
5996
1
5984
5974
5977
5979
8
5982
5978
5976
0
5974
73
280
17
5963
424
5958
5955
5951
5108
5951
1
2544
5947
5945
5638
5936
3
5918
5924
5916
99
409
5908
5891
5887
103
5888
65
675
5883
17
5886
241
4635
5869
269
290
5861
5872
341
5861
5851
5855
5847
3886
5846
0
5843
551
5835
5825
5828
5828
25
27
5816
455
5812
5814
5812
5809
5805
5781
5799
5799
3095
5789
5791
5777
5781
5780
5768
4
5766
0
5764
5761
5769
5753
203
3
5756
636
5741
5748
5741
719
176
31
522
5732
753
466
5721
5712
5714
420
503
5706
5704
39
90
5681
5682
749
0
4111
5662
5656
5662
5660
5659
3744
45
469
5648
5651
0
1155
3797
5638
234
220
0
1880
5622
5621
5615
5613
5607
5609
5608
108
5602
5605
5597
3
859
1274
5586
5584
5591
306
5576
910
5570
5575
195
5564
197
5547
5555
5551
5548
5543
5544
285
5532
5529
19
4834
5525
0
5519
5525
5508
5505
5501
5500
4740
5504
47
323
17
5479
5476
5470
5473
5464
5464
5463
280
5464
5457
202
5453
5447
5449
5454
5450
29
5450
5438
27
5434
5421
5422
5416
5417
5411
5416
119
5418
5411
5413
41
5408
2199
5402
5400
807
5394
5393
5395
5386
5384
5384
5379
5381
5377
36
5369
0
5370
143
423
5366
5368
5369
5367
1283
5356
5355
251
5353
5351
5348
5345
5340
13
34
5338
21
4552
5328
3533
5323
5315
264
5318
88
911
5304
5302
357
5306
5304
0
5302
67
5287
88
8
4700
2234
0
5264
5263
5260
834
0
205
195
5258
304
707
5254
109
5243
5236
5239
10
141
5236
5236
5230
5231
5228
488
5228
260
125
5221
823
5219
5217
5219
7
5216
5218
5216
2
5204
5210
5214
244
5208
1757
5198
5190
120
51
5177
5173
5175
3856
5177
5169
5173
0
5170
5167
29
5152
451
68
5136
5140
5138
5137
5140
5132
953
601
5134
2859
5135
34
5130
388
5124
5129
5118
5115
5115
5106
5109
963
5100
5104
35
12
5094
2867
5089
5095
11
511
4642
5083
5076
5084
5073
5076
5071
50
8
1
6
1
5053
5057
5054
5052
5040
4184
5044
5040
123
5027
5028
5023
5023
1885
2547
5020
106
5021
309
5016
5016
400
5011
5013
5000
5002
5001
4981
198
4984
4983
4982
4986
157
4975
608
4966
4958
4963
4965
4957
4959
4954
4957
4959
674
4949
41
4947
4939
514
4943
4942
4939
4937
4932
4927
907
4915
4929
4926
4922
4921
4909
4911
4911
4900
4901
4905
4900
4907
104
4904
4899
4883
4879
4878
4865
4866
4862
83
4855
137
4851
4853
4849
4852
4855
4312
4845
1064
4842
830
668
64
2696
4827
50
4828
4822
238
4822
360
3548
4807
2452
4798
4798
4797
4791
4795
4793
4792
77
42
43
32
4782
426
4777
0
4789
4780
4771
4778
50
808
4767
4771
4768
4758
4760
268
4759
4749
4747
1501
4740
4740
4740
17
4735
6
4731
4729
4725
4731
93
4719
4713
4699
4710
504
4696
4700
4689
4691
4693
3994
4685
274
340
0
1661
4671
4667
368
2812
393
1
2187
4645
4645
4633
4634
4636
4633
4632
604
105
4620
4620
4612
4609
4604
4291
4599
4599
52
254
4588
4587
4594
2345
4587
4581
98
4581
4574
4582
4585
4575
4574
4572
4565
1310
4559
99
4553
4556
4544
4545
4547
351
4532
2121
73
4541
0
4535
4532
4537
4541
232
4532
4531
207
4530
4
37
4526
4524
4522
4526
4522
4517
4512
4502
4514
4503
4508
223
4502
317
4496
4495
4496
4493
4477
4477
552
4464
4472
4467
6
4471
4463
4460
4459
4463
1562
4459
4453
4439
4445
4445
2695
4451
4449
4440
1621
4443
4433
4436
919
4437
4428
4421
355
4413
4423
4418
4420
4416
4413
4415
687
4411
4403
408
4413
4411
1719
12
4402
4394
4396
4394
4391
4397
4394
4391
4396
4384
494
4377
4372
3661
4369
4369
4370
4359
63
4360
4359
2
4351
10
4356
4344
4350
4340
4343
4343
3708
77
715
4329
4322
4318
4326
4324
4320
4307
4306
4306
4311
4295
4298
4294
4298
4291
4293
102
4287
4291
262
4287
4285
4282
4290
4283
3855
4281
4280
4280
554
2
4277
169
4270
4267
4267
0
4261
4263
4264
4255
4256
4256
504
110
4246
4246
4245
4243
819
3561
1578
30
4228
4229
4228
4222
4220
4219
918
4213
4213
4210
4207
21
3779
4197
91
4202
4198
4195
231
4195
255
4187
4191
4185
85
4181
4176
4177
4175
4173
4169
4166
0
332
4161
18
4151
4152
2842
864
100
2196
4139
4138
4130
683
4130
4130
0
560
4131
1486
660
4119
4118
4129
4123
1127
607
4110
4101
3626
119
4106
3230
4
4085
4098
15
4087
50
4090
329
4068
4083
148
4083
1
4074
33
3770
4066
4067
4067
2607
4068
4058
4051
855
301
1271
4052
4055
4041
4041
4044
86
747
4041
249
4039
4039
4041
4020
4018
38
4022
708
552
4005
6
4001
4003
693
3996
6
2967
3992
317
3989
3984
3985
3990
3979
46
660
3976
3971
552
3971
3970
3966
3965
2628
3962
3963
250
3957
3955
3954
3950
3956
212
293
37
3948
3941
3935
3935
3942
3937
3935
18
3930
3926
22
3925
3919
278
3926
3504
3254
3912
3906
3907
3900
3900
3903
3893
3468
3893
3897
3895
3897
3885
3887
3885
3890
1359
295
758
3882
214
3873
3871
3871
3869
152
3861
3050
388
3855
3858
3859
133
285
230
3847
3845
3841
3835
3835
3826
3838
73
441
3820
3811
302
3818
3814
14
3804
3801
3797
4
3800
3800
3791
0
1112
2170
3795
3789
3792
84
3788
3788
3789
3791
3781
3781
3787
3781
3776
3780
649
3773
553
3771
3770
3765
3763
166
3764
3760
197
3756
3757
3749
3754
520
3751
3744
3743
604
200
3733
3728
3726
3723
263
3721
1011
3718
3719
3719
3717
3715
730
3711
3715
1
3702
3705
0
3707
28
3697
249
254
278
729
3692
1053
787
3690
3686
3686
3687
0
3682
3677
3677
0
415
3669
225
33
3669
3667
71
3665
3665
3662
3666
629
7
3657
3353
3654
151
333
3647
3646
429
227
42
162
3637
3630
3628
1186
707
2907
3623
3624
3619
3622
3625
3621
56
3619
3619
3609
3610
3609
3609
14
3612
3610
3610
32
3606
3602
3599
263
757
3594
432
3591
298
3576
3577
3574
972
3570
3575
3571
3571
119
3565
3560
158
3558
3557
3551
3553
45
3552
3551
3548
3537
3534
175
258
3528
3536
3538
2605
3536
3524
3518
3512
5
3507
652
3510
3504
3507
3222
3501
3497
3038
3090
3495
3500
1893
3496
3492
3492
3497
3493
3488
3491
3486
3484
3480
2969
3477
3481
209
3481
313
3472
53
3475
1596
3074
737
3467
3468
642
183
3461
3443
3456
3453
3451
3452
42
3452
3442
3445
3447
410
3442
2744
3445
429
2565
3435
3437
2936
3435
3441
3433
3430
3432
3425
0
0
3419
3421
3412
3423
3422
3416
3410
525
3407
3411
25
3407
3408
3404
504
224
3404
10
3399
3402
3395
3398
3397
3400
3392
3388
3393
236
3379
3376
3372
3378
3374
3365
3359
2787
3357
974
3351
3349
348
258
3339
4
551
3328
214
3332
3331
3332
3334
3330
3331
3329
153
3328
3322
3318
3319
2308
3321
393
3306
3310
3309
172
3305
3307
3302
3301
3303
3297
589
46
3289
3288
3287
531
3283
32
3269
3270
3270
369
3262
3266
73
10
3260
3264
1
3263
3264
519
3251
3255
3252
3247
19
3251
2515
3243
3247
3243
3240
3242
3239
3243
3241
3226
286
3237
3236
3234
3235
3234
1642
3231
3229
344
3226
3230
3229
3233
3226
2583
3226
3225
53
3217
3218
3217
3212
3209
3206
3207
3206
3201
3206
3207
702
3204
3202
3200
3203
3204
3199
3190
3195
3193
1402
3186
3187
137
3176
3178
3165
3167
2354
3157
3159
3144
75
2149
3145
23
3146
3143
112
3137
3142
3138
3138
3141
3130
3141
3132
3134
3137
325
3131
3125
3124
3121
3122
90
3120
534
3115
52
249
3108
3109
3108
3111
3108
3110
567
503
3103
2738
3094
3088
758
3086
445
3081
3086
1
3084
3077
3081
3082
3079
176
3074
3074
3069
304
3073
833
165
3061
3062
525
949
3062
3057
3060
3060
898
3059
71
3053
3051
3048
3039
3
3044
3038
3038
476
3045
3044
3038
3041
241
3045
788
3037
210
3031
305
3033
375
211
3027
86
3024
163
3026
3026
3022
3012
3009
3011
3005
3011
3004
3000
101
1192
2996
346
2986
231
2997
182
2997
2993
2992
2994
2995
367
316
2984
2989
1565
2990
2988
2986
2982
2977
2977
2973
2966
2972
2962
107
2965
2963
2959
2961
2965
0
32
2956
0
2955
2954
20
2948
2948
2950
2944
2938
2939
1183
4
2943
2940
2943
2940
2937
468
2934
181
2931
488
594
2931
2934
2135
2924
2926
4
2914
2
13
2921
503
2914
2230
432
2911
1007
2913
2906
2916
2252
130
2907
2912
197
2909
2908
2901
2904
2897
2903
2895
2476
2892
270
2883
404
196
2888
28
2881
2885
2880
2880
2874
2876
2881
0
2355
145
2873
0
2866
2393
2864
2855
2853
2862
2849
2854
692
124
2289
2850
2847
2847
2843
1632
2842
2839
2838
2834
250
2836
2436
2839
3
2827
2833
2832
2828
2832
1711
2829
0
2826
702
2819
270
2827
0
2820
2820
2823
2818
2817
2817
16
689
2809
2814
2799
2807
2810
2807
2806
76
2800
19
129
2789
2797
2790
84
2783
2776
2784
2778
2777
2777
2775
457
2774
2771
2774
2284
2773
2771
2771
357
2768
2762
2761
2091
2761
454
428
2757
2753
2751
22
2754
2749
2743
2746
2749
2742
2741
2737
2732
2739
0
2725
169
2720
2715
2720
2716
136
2716
2709
2713
1782
2709
21
1499
2702
2702
2699
2695
2699
0
2698
2691
2699
2698
2696
2692
2690
2692
0
6
629
2690
305
2685
2683
2683
2682
2683
2684
2684
2673
2678
2668
2667
2670
2668
2667
2669
2665
2667
2663
266
2665
2667
2662
2660
2656
2660
2659
2652
0
2661
777
2092
2654
2655
2652
2643
2643
2654
2648
1888
1941
2643
2645
1404
2638
264
2214
2632
26
439
2627
2630
2633
20
58
2627
2627
2627
2131
2619
2623
2620
2612
2615
2612
2614
4
2607
2614
2605
2608
498
255
2611
2606
2606
2608
156
2603
2606
2603
2598
2600
191
2601
28
2590
2598
2600
2594
1105
2590
2594
2584
2585
1164
1662
638
266
1042
2581
2580
2578
2579
2573
2572
575
2572
2575
2571
628
551
2565
2568
41
2556
2561
2560
2556
2561
2559
143
0
2556
2557
2060
2556
301
2551
2552
1118
2548
2553
2543
1945
2541
68
781
2537
118
2530
2535
2531
2531
1
2530
2529
2529
2532
1137
406
2516
2529
2525
340
2527
2524
384
2523
283
115
222
2522
2520
2518
2516
281
2513
2513
2513
2513
989
2508
2509
2509
2510
2154
2507
2507
40
2505
2505
2503
2
2503
2501
2500
1954
47
2497
558
72
2491
2490
189
2485
2490
2491
93
2486
1591
14
2482
1477
273
1
2479
2479
12
2475
64
218
2477
149
1599
2471
2476
2475
450
2470
203
121
15
1948
2467
2457
3
2462
2462
0
2461
2461
2454
2453
2453
2445
2451
2451
2451
8
492
0
2450
342
2448
2440
338
2442
2436
2439
2435
245
2432
2434
421
6
2430
2418
2426
2421
2421
2424
2426
2425
2422
2419
2422
2421
0
2414
196
2418
2419
2410
2416
2410
2419
2413
50
2416
2414
2415
2413
764
2413
2411
2404
2409
2406
2405
100
2404
541
2400
2397
2399
2398
2401
2401
2392
4
2397
2394
2392
2391
1882
21
221
2388
2388
2387
2379
2376
620
2377
471
2376
171
2367
781
389
2366
2367
2368
2369
2369
2365
2359
1854
2360
2368
2365
2347
2364
2366
2365
345
2361
597
2357
2361
1408
2360
2356
2352
2351
175
433
2345
2349
2346
2345
2346
2338
2342
2342
2340
2340
2336
2341
2339
2336
225
2339
2336
2329
2330
2330
2325
532
127
2330
2327
2326
1928
2322
2323
2322
2323
2318
548
1539
2317
2315
2313
2314
1773
2316
2309
2313
2312
2311
2305
2306
53
2301
2297
2302
36
243
157
2299
2296
0
2292
2291
2293
2285
2289
2288
386
668
2284
2282
2273
85
3
1365
2274
2275
106
179
2267
1703
1076
267
2269
399
2264
2263
2266
341
2261
440
2262
2264
1071
2262
2257
2257
302
342
2257
2259
403
2256
2255
251
2253
2251
2248
2252
1203
2249
2246
2246
2246
2241
2247
2245
2245
2244
2245
2243
1363
2234
2240
163
2237
279
161
2237
2238
279
2233
2233
2230
15
216
714
177
2227
2219
2225
956
2220
2221
2220
2219
2219
2219
81
2217
186
1314
15
2211
2209
2210
2202
2204
2203
2202
2203
2205
153
2198
2202
2200
2199
2203
2201
1738
2196
182
7
2195
2192
2190
19
2189
2188
2187
2188
2185
2182
2184
2185
2185
2176
2182
762
2175
515
2178
2181
2173
126
430
2168
2171
2172
1664
2169
511
230
2162
221
2166
2170
2168
2165
950
2164
95
1665
2158
2158
2149
2152
2154
2151
1190
2147
299
0
2143
0
516
2143
2142
2140
188
2141
294
434
1372
2136
139
2136
358
2131
2133
2131
2131
2123
2125
72
2123
2125
2119
2122
2121
309
168
2117
2116
2118
2111
1395
2112
2110
966
2108
602
2108
429
2101
2102
1707
2099
2104
2100
2102
2102
1794
4
2099
364
58
3
2092
2092
2096
2091
2093
2091
493
2087
44
2086
2086
2084
0
2087
2084
2087
2084
2084
2082
2084
188
2081
2080
393
2078
2082
2075
55
2077
2082
2079
2075
2079
2076
2076
2074
2074
2078
2075
380
21
2069
2072
2066
1624
4
2068
18
2066
2066
2065
2067
917
2060
2064
2063
2061
2062
4
0
2061
514
514
2056
2059
2058
2050
1580
79
2055
2055
2050
2050
17
464
2045
2051
611
2043
4
2039
2042
2037
2037
2040
3
2036
2036
2035
95
784
2034
215
2034
2032
6
591
2032
414
2031
10
2033
2029
2023
2024
2024
807
43
2024
2024
0
2024
2021
2022
2018
2019
2020
2016
2020
163
1276
2015
243
2017
2014
2008
2006
2012
2012
2014
2007
2011
2008
843
27
2003
2003
2000
2002
1993
29
1994
167
1998
1996
1997
1995
1188
1994
1994
1993
162
1992
1990
276
1988
585
835
8
253
1984
1981
1985
1978
1981
1981
1980
1976
1980
37
1976
1974
1977
1978
1969
1973
1973
1972
1974
1964
477
1972
1969
1970
28
1966
1967
1965
47
1967
1968
1965
1961
198
1960
1963
1962
1963
1959
1961
1956
221
1960
1960
1953
1958
1960
1957
1951
1946
15
0
2
236
1951
1951
1950
1216
829
264
1950
1947
1948
83
425
29
1944
84
44
1945
1944
1944
1941
1943
1932
1943
1938
686
142
1937
115
1940
505
1937
1936
755
1933
1929
1932
1930
1928
770
1929
1011
1925
1924
1926
1925
1925
1922
1920
748
1922
1919
1916
1914
1914
1911
1911
1913
1912
1902
1912
1909
1905
1908
1908
1909
1910
1899
1907
1171
1907
1906
1904
63
0
1897
93
1899
1895
1898
1897
1893
1889
1894
261
1887
1893
1890
1887
1889
1885
1886
889
1880
244
1881
1882
1877
1881
1882
1881
624
1879
1875
1881
1878
1879
971
1877
1877
1872
1869
1869
1866
1866
1871
0
159
59
1866
1860
1865
1861
1861
594
1863
1862
1860
447
1856
1859
1858
1855
1859
1854
1851
272
557
1852
1069
1847
6
1846
1844
1451
1841
1841
1843
974
1386
1836
1839
0
1837
1834
1412
1829
1837
1840
1839
1836
1832
1837
1834
1836
704
775
0
1830
1831
1831
1526
1831
1829
5
1830
1826
1825
1827
164
345
737
1822
1825
1825
893
1823
133
1823
1823
1823
1818
1817
1813
1816
1817
1818
1815
1815
1814
420
30
1812
1809
1809
1810
1810
1812
1805
1810
1809
1807
1802
1807
10
0
1804
1801
94
1796
1799
1798
1790
1797
499
350
1789
31
1788
1787
1789
1786
187
1785
1788
1785
1785
1786
1786
9
1355
658
1777
1776
1774
167
590
1775
1771
1766
159
380
1769
30
1772
199
426
1767
1762
1767
1763
1766
1766
245
1761
1762
1762
751
1757
1758
1763
1759
1762
1760
1759
1761
1759
1756
1758
1756
1755
134
363
1752
1754
1754
41
1750
1748
1749
49
381
1744
1744
1744
1746
1746
1742
312
1738
108
1740
1741
1738
1736
1735
42
531
1736
1733
122
1730
1731
1725
1725
164
3
1721
1721
1724
1721
1722
1722
1721
1720
1720
10
1716
1713
1714
1714
1712
1719
1715
1715
448
1713
1711
256
1706
8
1047
1709
1710
1710
51
1707
1709
939
1704
26
315
1704
1708
197
1699
1696
1700
9
1697
1697
1697
653
1694
1696
1697
1689
1122
1693
174
1691
1692
1689
1690
1687
219
450
1686
1678
1683
1684
1684
1683
1681
1680
1678
1680
1669
1679
1678
1673
1672
1676
1675
1672
1677
125
1671
30
993
1672
51
1670
15
156
1667
1670
1668
255
1666
1664
1669
1662
1663
497
127
0
1664
1658
768
1664
1662
1659
55
1656
22
1661
1660
1657
1655
1658
1658
1658
1657
1654
1654
341
1653
92
1656
1655
1655
1653
1656
1655
0
1648
1652
1652
1649
1648
1650
1643
38
1642
1645
1641
577
1634
1638
23
1637
1635
1639
328
1637
1636
1634
1635
1636
1628
1633
1636
1630
1631
1249
1634
1631
1632
268
3
1630
1625
1630
95
259
1625
1626
1627
1624
1078
1623
532
1625
1177
286
1620
40
1622
296
616
1616
1618
258
1621
1618
1615
1614
1614
1610
422
1617
1615
775
1613
170
1614
159
1075
140
1608
1613
1608
548
1609
1610
456
365
628
1608
245
1604
1605
28
1604
1608
1604
1602
1599
1601
1601
1602
1600
1598
1601
1592
262
1596
1595
6
0
1594
1591
199
1588
67
1591
1590
9
1585
330
1587
8
1585
184
1579
1581
1581
17
1577
1581
78
1579
1575
1577
1578
25
577
1577
1576
464
1570
1570
1570
1572
1572
338
379
1570
1568
1565
1569
1565
262
1564
11
1568
1567
1565
1566
1562
1562
1562
770
6
1561
1560
1559
1559
1559
1559
472
1556
1557
1553
1554
1554
277
1553
1555
1548
1553
1548
1550
1547
1542
1546
1545
0
1547
1544
1543
1542
1544
1166
1537
1536
1538
1537
1537
1535
1533
1537
1538
7
1536
280
373
1530
707
487
1533
1530
353
1531
897
2
1528
1528
1525
1527
1524
1527
1523
258
1527
290
1526
1527
1524
1524
1524
1525
1520
1521
1519
1522
1519
1518
1519
1518
1519
77
400
84
1515
1508
1512
1514
1512
1514
1515
1511
466
1512
1511
1512
1509
1498
1507
27
1502
1503
1501
1502
1501
1504
1502
16
698
1499
1499
1491
1499
1499
1495
200
3
1496
1494
1495
1493
878
623
1491
1492
245
1491
219
1488
1487
1487
1483
1487
1485
1483
1486
1482
1483
1482
1484
1481
1481
550
1479
1480
169
15
1477
1475
1476
1476
1471
1477
1476
173
1476
1469
1474
486
1468
1465
250
1464
10
1460
1463
1462
1464
880
681
1459
1459
705
1461
262
1460
1461
1460
356
1459
1457
47
1460
43
1458
258
1456
247
1456
1452
13
460
646
95
1452
681
17
596
28
26
1449
10
1449
1449
1048
1447
70
55
87
142
1433
1440
1444
1442
1442
1439
1435
650
1439
1440
46
1435
498
1435
1432
1437
443
195
1433
293
1432
140
1432
1431
710
1434
1433
1427
1433
1428
1428
1426
1429
1427
1423
1428
1426
1422
9
1424
1427
1423
1425
1423
1417
811
890
1422
10
37
41
1415
3
313
1409
1415
1411
1411
0
1412
1415
1412
1409
1409
1411
1409
647
1410
1410
383
252
1408
1411
1409
1406
483
1407
1405
1405
1403
1405
1404
1402
1404
1397
1401
526
1398
1399
1401
32
1118
1400
432
1399
1397
919
1398
1396
157
1394
1395
373
1392
1390
1392
0
1392
1384
1385
1387
1391
1389
1387
200
1380
1384
8
1383
1380
1381
8
1381
1380
1381
1381
266
1379
1381
1380
1380
1376
1374
229
1372
1375
939
1372
1373
1369
1371
1369
1372
1370
1371
1371
14
1368
1367
1364
1368
1367
1362
17
1365
1365
286
1362
360
1363
1364
1363
1362
1363
1363
190
1360
1358
164
232
1359
450
1357
1354
123
1354
3
1352
1354
1349
1351
1352
0
0
466
1351
49
718
1350
1341
1349
1344
99
1344
1345
74
1342
1340
352
131
591
1336
24
741
1338
26
1336
266
243
149
1335
0
1332
251
1335
1330
1333
388
1331
1332
92
104
1332
798
1331
1329
1326
1327
121
1325
1329
1328
1328
522
101
1320
1325
1322
1322
1319
1322
1316
1319
1311
1319
1318
1318
954
509
31
1312
1310
1316
596
1313
1314
1311
1314
50
12
1309
1311
1311
1305
1307
267
1309
1310
1305
1311
325
1309
19
1306
678
126
0
274
1305
1299
1305
1305
1304
166
830
1304
86
1297
1298
1301
1299
1301
3
1299
1295
1299
1297
1301
0
1299
1298
1296
1296
1296
396
1295
1294
1293
1292
1294
280
1291
1290
1290
450
1286
1286
381
1284
713
507
1287
17
1281
1285
1285
1284
1285
197
1284
79
1285
44
1284
1284
1283
1279
1280
1280
1282
1280
1282
250
1274
1280
1276
1273
1277
0
184
1273
1275
67
188
589
1271
1274
600
28
674
248
1267
1270
1269
234
1266
1266
703
1264
1265
1264
1262
1265
552
1263
1262
1262
1262
0
261
150
1262
913
1260
1260
1256
1259
1256
1258
182
1254
1256
1255
1254
1252
460
1252
1250
1250
1249
161
1247
1247
1250
1247
1249
1246
1247
1247
1245
1246
1246
498
1248
1245
430
1245
1241
1242
1243
235
1242
1243
1237
1242
1238
1239
1241
1238
1238
1240
1238
1239
1238
10
1237
914
175
1236
1232
475
1227
159
1235
1233
1233
1233
50
1228
1232
1230
1229
1231
1227
1230
1228
491
1227
1225
1227
1226
1228
9
1226
85
1227
13
1225
1226
1224
1224
213
1223
1224
1225
154
1221
247
141
1215
1220
1216
1219
30
1216
1212
1215
1217
1217
1211
1212
65
1206
1214
1214
1212
1211
239
1211
1211
147
449
1207
1209
908
0
1208
1208
1205
67
1207
1205
10
23
173
1206
198
210
1205
1201
1204
1203
1203
1199
388
3
8
1198
1199
1198
1196
1197
1199
1197
1199
1194
131
1195
1194
1193
1194
1193
149
1189
1190
1192
1191
1192
1188
1187
1192
1190
1190
1189
1190
1190
1190
1188
1186
391
1189
1183
448
1186
333
1186
169
276
1184
1183
1182
401
1182
1183
861
1182
1182
152
1182
1182
1181
1176
1180
14
1175
1174
1177
1176
159
809
1175
258
1174
105
1169
1170
1173
1172
495
1172
1173
1171
1172
1171
1169
1166
1166
113
1169
1166
176
120
1165
1165
1165
1162
1163
100
1163
1162
1158
1160
1155
1161
1157
1160
1161
290
1151
1160
1162
1161
1155
4
1157
1160
1159
1158
1158
1154
1153
1157
1156
1156
418
1
1154
1155
1154
1154
1153
1151
1146
370
1152
1151
1152
1151
1151
1149
1148
1145
434
8
1146
1148
1145
1147
352
1143
1143
0
60
1145
1145
229
1144
1145
453
172
1139
1140
1143
0
1139
1140
1140
1141
1141
1140
38
66
1138
1138
832
1137
1137
24
1134
1136
1137
1132
1135
1135
694
226
668
1131
0
102
1132
1131
1127
1131
44
1126
1129
1128
1130
358
1126
1127
1118
1126
334
1125
1125
173
1123
1126
1125
1122
1120
1125
6
1122
78
414
1119
1122
0
0
1121
1117
819
1120
3
1117
1116
1118
1117
1116
1115
1114
1116
1115
124
1112
1111
1111
66
1113
1111
1105
1105
1110
1108
6
1106
1107
1103
1105
1103
1106
1107
4
1105
1105
1106
5
1102
794
1104
1103
1104
142
1103
169
225
818
1102
1100
0
1102
1099
1102
1100
1099
1098
1094
1099
1
1097
1098
1096
12
1096
1093
1097
1096
421
1098
1095
1096
1094
1095
1096
1095
1092
1094
1095
1093
212
1091
1092
1094
1094
1093
0
1090
1092
1091
106
1088
1089
1085
357
749
1089
1086
1087
1085
528
1085
1086
1082
1082
1086
1084
1085
1084
121
1085
1085
306
1082
18
711
1081
535
1082
1081
1081
1081
1082
1080
0
1081
1079
1075
275
1080
1076
16
1078
1076
168
1075
796
1075
1076
1068
1071
80
87
1072
1070
1071
378
1071
7
1068
1064
1069
1069
1067
28
1070
370
1068
1068
1068
167
1
62
1066
1066
1067
1066
1066
1064
1066
1067
1066
1067
1066
1064
0
1060
1065
1065
1062
84
1065
1064
1064
1061
1057
1063
1061
1063
1061
1061
1061
1061
1056
1060
432
775
1056
639
1057
1054
1058
1052
1058
1
1056
1047
1054
1054
30
199
1053
1051
157
1052
1052
570
1053
1052
1050
1049
1043
1050
1051
1052
1051
1051
1050
1048
1048
1048
1042
1047
1048
1043
1046
1048
1043
1044
1045
1046
1046
1045
1042
1045
1045
1045
188
214
1043
1039
1042
11
1041
1039
1042
1041
1038
1039
1037
1039
1038
1039
1039
1037
80
1034
1035
1036
1036
1036
1036
1029
1032
1035
1035
1032
1033
159
1034
1033
1033
1030
1032
1032
1033
442
1032
1031
52
1029
274
1030
1030
1027
1027
4
380
1029
0
1029
1026
196
1026
1028
1024
1026
1024
1023
1023
1022
1022
1022
1019
106
1019
1021
371
1017
1017
25
1016
1016
345
1014
1014
0
1014
1014
605
179
1010
150
1012
1011
114
1010
293
631
1008
1007
0
1009
991
1005
1007
1007
1005
1007
1007
1007
1005
1005
1006
1005
1005
1003
1006
1005
1003
1001
663
1001
0
1000
1001
1003
1001
1003
1000
1002
1002
1000
129
1001
996
525
997
5
999
999
999
999
997
999
997
997
998
423
998
117
996
991
993
995
82
994
97
486
183
994
987
221
990
991
994
991
992
993
992
989
327
990
989
293
987
989
988
3
984
986
987
988
987
987
984
987
982
987
7
985
982
0
983
980
979
339
980
974
974
978
10
975
975
73
978
975
186
971
975
972
977
974
973
975
972
972
973
467
974
974
974
973
973
970
970
972
52
971
968
968
967
98
969
969
35
967
966
966
966
963
964
962
120
963
42
961
962
962
962
960
960
521
0
957
22
958
957
92
957
954
956
953
955
953
954
160
954
954
953
955
955
953
953
534
951
948
943
951
948
949
950
311
948
625
643
236
166
948
431
947
949
945
946
207
944
946
948
948
489
946
947
947
946
944
945
558
943
944
941
944
943
943
945
556
943
942
942
942
482
340
940
940
940
940
939
937
934
936
431
935
337
70
933
4
936
932
194
933
933
56
935
931
932
448
59
928
933
934
931
931
320
930
930
930
930
66
929
928
927
929
927
929
930
314
927
927
462
15
922
925
926
186
431
926
200
923
562
922
922
226
922
921
94
919
921
921
922
920
919
914
918
920
918
30
912
918
916
916
917
917
915
26
914
915
914
913
914
916
916
172
82
913
914
914
912
910
914
913
912
908
911
910
910
79
908
904
908
908
909
244
909
908
908
908
904
904
905
906
906
906
905
14
902
900
904
904
900
902
904
903
902
254
49
898
898
898
901
899
899
897
899
894
48
0
897
898
897
897
92
897
37
897
896
206
2
895
894
890
61
476
892
892
892
892
893
3
892
891
149
889
889
139
889
888
889
889
387
887
62
890
409
408
887
886
887
885
886
886
886
886
886
885
883
885
887
583
882
884
261
884
881
130
884
90
884
881
882
883
880
880
880
875
4
877
0
229
349
875
76
879
878
9
216
877
14
874
875
272
261
91
525
871
73
870
875
875
870
875
872
871
874
873
51
869
873
873
872
157
868
869
870
869
869
869
869
870
870
869
868
578
867
869
866
866
162
868
857
863
863
867
866
865
866
864
863
864
862
63
862
862
864
860
864
862
864
105
864
863
863
863
15
862
858
863
862
860
155
861
861
18
862
861
859
860
71
859
860
850
858
859
857
858
857
859
858
409
857
857
856
855
854
854
457
855
856
854
853
852
852
1
854
854
852
853
852
848
850
852
851
842
850
847
851
850
847
844
851
847
849
1
850
847
850
849
845
849
849
0
849
849
849
848
843
848
848
844
100
347
847
848
847
387
51
844
845
844
845
842
22
842
520
189
843
844
844
842
843
495
0
841
843
306
841
840
843
843
842
85
837
838
538
837
839
839
62
838
499
837
836
836
255
836
262
125
834
833
833
833
18
834
832
834
828
831
831
833
2
831
832
831
829
499
829
831
831
825
831
831
829
827
829
173
829
823
825
826
827
825
825
825
825
111
826
69
826
825
824
824
824
824
820
822
222
823
110
38
822
186
818
819
477
819
816
819
814
818
194
416
499
817
816
817
816
817
240
811
814
1
814
815
811
816
814
66
814
481
812
813
814
814
813
812
813
812
1
192
810
809
811
811
810
812
810
810
806
808
808
810
807
806
48
805
805
809
808
808
86
805
809
806
806
806
805
68
12
804
805
803
803
805
804
802
805
15
8
43
803
50
79
802
802
802
800
801
0
336
174
798
800
801
802
0
800
471
107
799
797
801
799
795
799
797
799
794
786
799
799
797
796
798
794
796
797
795
47
795
793
797
263
188
796
166
794
794
794
794
791
795
794
500
795
795
794
393
793
795
795
792
791
791
792
793
792
789
790
792
789
98
790
792
792
789
789
788
787
1
479
790
348
46
787
451
787
787
783
51
785
788
787
785
786
784
786
402
785
787
787
787
786
303
780
786
785
782
782
780
781
784
782
782
354
421
776
782
780
781
779
779
780
779
776
781
780
779
780
101
779
778
779
776
238
774
778
493
775
442
490
777
778
775
777
775
776
454
774
774
775
774
774
774
16
50
321
773
766
770
773
771
764
771
769
771
771
772
769
770
771
766
769
769
4
765
768
768
767
766
765
767
160
0
763
763
764
765
765
763
139
765
764
765
131
764
94
763
763
763
318
762
336
175
760
761
139
305
19
759
761
760
759
759
761
758
761
757
757
759
755
755
756
12
416
404
757
372
758
756
416
756
755
757
755
0
752
753
754
171
751
752
755
753
754
752
754
753
753
752
751
741
750
303
743
750
751
751
749
745
750
749
178
749
748
749
749
749
746
748
748
746
748
742
232
748
746
748
744
743
746
738
745
222
746
75
744
742
743
1
733
743
743
742
742
742
740
739
740
739
740
740
737
740
120
740
739
740
738
737
207
211
739
2
739
328
738
734
737
1
735
738
59
737
736
329
737
736
734
30
735
736
733
106
334
735
736
735
736
734
734
734
208
733
733
734
734
734
733
733
731
727
727
729
729
729
360
731
729
730
730
730
121
319
222
728
728
730
728
728
361
728
436
721
729
725
725
0
727
724
727
727
727
727
83
723
726
723
725
725
722
319
723
723
723
724
722
723
723
723
723
721
721
313
0
722
719
720
722
720
721
719
719
719
260
719
719
720
718
718
717
716
716
715
165
715
716
714
714
715
32
713
712
713
712
711
712
712
712
696
711
708
70
711
710
710
711
710
706
709
710
709
708
705
706
379
705
706
252
229
202
706
700
707
707
341
706
706
706
703
704
705
255
699
702
704
704
702
702
700
697
698
699
701
698
697
699
699
180
694
696
698
696
695
695
696
696
696
695
694
695
695
696
694
693
97
690
137
693
695
694
691
693
690
361
690
364
690
689
688
691
689
688
73
63
690
689
690
688
690
685
689
689
689
689
686
688
688
160
688
342
685
687
686
137
334
9
683
686
685
684
140
683
683
685
684
7
681
682
274
682
335
103
144
681
178
92
680
681
677
679
679
679
678
679
675
679
677
678
678
677
678
675
678
218
675
183
678
674
676
677
4
675
675
92
674
675
674
676
673
673
17
673
673
672
675
365
177
673
671
672
64
669
673
53
670
671
22
197
196
671
669
667
669
668
670
669
669
670
668
667
669
666
235
127
668
666
666
667
668
667
228
667
667
664
665
4
659
665
666
663
666
665
666
42
347
332
338
661
665
665
665
662
663
662
661
187
663
660
662
660
662
660
662
659
660
659
661
374
91
661
333
659
661
659
660
657
659
659
656
656
656
658
91
656
224
130
229
655
656
656
656
656
654
2
655
655
652
331
655
653
271
653
133
654
650
653
654
654
652
654
652
650
651
653
652
652
648
650
358
651
651
650
651
650
649
646
632
649
649
647
649
650
647
649
646
646
646
67
646
647
647
354
314
644
647
107
647
645
12
643
646
644
644
646
151
643
644
642
645
266
642
644
644
42
3
642
641
640
641
643
640
643
245
642
37
640
315
642
639
640
641
641
151
641
638
638
640
640
133
639
637
638
639
638
640
640
5
245
638
300
639
639
639
635
638
637
638
638
266
635
637
634
146
636
636
635
115
631
634
634
631
633
632
633
633
632
628
631
632
630
17
631
13
628
627
628
629
628
627
626
630
630
629
630
628
627
624
624
270
165
249
627
58
626
624
626
625
627
625
171
32
627
626
627
627
625
624
622
624
626
626
3
622
624
625
623
625
625
38
26
622
624
624
623
622
621
622
285
68
621
621
621
332
618
621
620
618
617
612
620
18
618
617
618
618
618
619
616
614
617
616
613
615
618
616
616
616
616
616
616
613
616
613
615
616
615
112
193
611
612
612
613
614
613
613
613
614
613
610
613
613
610
328
603
0
611
610
611
611
3
609
610
609
610
106
610
609
608
608
303
606
608
608
606
608
605
72
607
605
604
606
607
605
606
261
604
602
603
605
604
92
75
604
604
599
600
263
603
602
603
602
603
601
602
41
602
221
601
600
602
599
11
594
600
601
229
174
176
597
598
599
599
597
599
597
599
250
596
596
187
598
598
140
595
244
596
598
597
597
598
598
596
598
595
591
274
596
596
596
594
596
596
244
240
595
593
593
594
595
591
236
262
591
591
593
204
135
592
592
592
593
174
590
257
586
88
589
592
590
590
590
590
589
590
590
588
589
148
588
587
588
249
589
234
588
587
587
179
584
69
303
141
587
585
587
586
585
581
279
585
583
79
584
585
585
583
582
581
581
583
582
583
583
583
579
581
579
582
582
39
580
581
579
581
581
580
179
36
578
577
578
575
579
578
578
577
579
577
244
576
577
577
2
576
577
574
576
577
12
577
32
575
575
576
576
573
246
574
575
574
571
574
574
573
570
573
575
574
243
574
574
208
573
573
572
572
571
573
572
569
571
572
572
567
569
280
569
571
570
567
571
3
568
66
570
570
568
151
264
570
568
569
569
570
569
568
569
195
564
225
568
567
184
271
564
566
565
567
567
567
567
566
245
566
563
564
564
562
199
564
564
563
26
564
565
46
565
563
565
565
563
563
564
95
563
564
562
564
564
143
12
562
563
562
562
561
559
152
560
562
562
158
561
168
558
561
558
558
558
560
560
557
221
121
559
558
233
555
557
558
556
217
555
556
555
556
555
555
552
555
556
556
2
556
553
555
555
80
151
47
554
552
555
554
23
554
552
553
551
553
127
552
550
553
552
548
552
218
552
551
551
552
550
551
552
550
551
96
550
551
551
550
550
549
550
252
549
550
548
549
550
543
44
549
548
548
548
549
182
548
229
548
547
546
547
546
545
546
546
545
544
546
544
543
543
220
544
543
2
542
544
543
212
541
544
544
544
543
541
543
540
542
541
541
543
540
541
541
542
542
542
541
539
258
541
542
541
537
16
538
162
539
540
540
538
540
538
540
539
202
244
537
539
537
538
111
536
538
537
535
537
537
537
537
537
537
537
537
535
536
216
535
536
534
534
535
532
534
533
534
535
534
533
533
533
534
533
523
533
109
532
531
531
531
529
528
529
532
530
530
166
529
531
531
531
531
531
530
530
529
530
529
530
93
529
529
529
530
528
529
529
529
151
529
528
526
528
528
529
201
528
526
526
87
171
528
528
528
528
526
526
188
525
525
233
1
526
526
525
526
526
447
525
522
525
525
525
525
524
523
523
523
523
523
521
523
522
175
522
522
522
522
514
0
520
521
3
518
519
519
520
520
518
519
520
517
519
34
517
519
519
518
516
517
519
518
516
517
517
517
517
517
517
515
516
517
96
515
511
512
515
515
514
51
95
516
515
516
170
513
515
63
514
512
514
513
511
513
513
510
511
512
137
513
512
123
512
512
511
512
510
512
512
512
512
510
512
512
511
509
510
511
510
510
510
511
510
198
509
507
510
508
509
509
507
106
14
509
508
504
506
507
507
506
507
509
506
506
508
508
508
507
508
505
508
507
507
508
507
507
506
508
505
507
505
506
506
507
507
506
504
506
215
504
505
504
506
505
504
506
506
506
506
504
505
505
504
86
504
505
505
505
503
503
503
144
502
504
65
499
503
503
500
501
500
503
502
0
502
501
502
502
501
501
499
501
500
113
499
500
500
174
498
500
105
500
499
0
113
498
498
499
498
498
497
498
494
498
498
496
496
498
496
497
498
497
497
497
189
496
93
496
497
497
497
497
496
11
492
496
495
495
496
495
495
495
493
494
494
494
493
493
493
493
494
494
492
493
494
494
492
493
493
491
492
493
493
492
492
492
492
491
492
488
196
491
490
490
489
490
489
490
490
489
488
486
24
487
488
486
207
488
488
89
488
488
488
488
486
485
486
484
486
486
487
487
486
485
486
486
486
486
485
484
486
486
484
485
486
484
481
484
485
485
484
484
483
484
485
483
484
485
483
483
2
484
484
483
484
482
130
483
483
482
483
481
483
480
482
8
482
480
481
480
482
479
168
143
480
481
478
480
480
479
481
480
479
479
479
480
480
480
478
480
480
479
478
479
477
479
479
478
479
477
478
4
478
476
477
478
475
478
478
477
477
476
478
477
88
21
476
476
475
476
476
476
476
475
475
475
105
471
474
474
474
475
473
475
474
475
473
474
171
470
473
473
474
473
473
474
472
472
473
473
473
5
472
473
473
470
472
471
471
471
472
469
472
472
472
469
470
471
471
55
471
471
469
470
467
471
470
470
469
468
470
113
470
86
468
469
468
467
469
466
469
468
468
468
467
153
467
134
152
465
26
467
467
465
463
466
466
133
466
466
465
466
464
99
465
462
464
463
464
465
465
108
463
465
463
464
457
462
464
462
460
463
461
463
463
459
462
461
462
461
462
462
461
458
461
461
458
460
461
461
460
461
460
461
461
457
456
458
460
460
453
160
458
457
459
458
458
447
457
108
458
458
458
458
52
457
90
457
457
454
457
457
455
449
454
456
112
456
456
455
456
455
454
455
455
115
41
454
454
455
455
455
454
454
454
455
453
454
453
0
454
453
454
453
453
71
453
452
453
453
68
452
452
452
452
450
450
452
448
80
451
111
451
451
451
451
451
449
448
448
450
450
449
450
450
450
448
447
448
448
449
447
449
448
449
447
446
448
444
448
447
447
447
448
446
448
446
447
444
447
445
440
446
446
446
443
446
446
445
44
444
444
445
445
10
445
445
445
445
444
104
445
57
442
444
441
442
441
443
443
441
443
439
443
443
443
442
442
442
59
441
441
442
438
442
442
442
442
441
442
10
439
441
438
440
439
439
440
439
435
439
438
439
439
438
438
439
438
148
31
66
0
60
437
438
437
436
438
438
436
437
81
435
437
437
435
436
436
433
435
434
432
106
435
436
435
432
436
434
435
436
436
433
436
70
435
432
434
435
433
435
434
434
434
432
433
434
433
434
434
430
432
432
432
83
39
433
81
433
433
432
432
430
432
432
431
432
432
430
431
429
429
0
430
430
430
431
429
430
429
428
430
430
430
428
429
429
429
427
429
102
428
428
428
427
427
428
427
427
148
20
110
426
145
17
140
425
427
426
427
427
424
426
426
421
0
426
426
426
423
425
424
425
425
426
426
426
426
425
425
423
424
424
425
423
424
424
120
424
423
422
135
420
422
93
423
423
45
422
421
421
423
423
422
423
421
422
422
422
421
133
422
422
422
421
422
422
421
422
422
420
421
38
421
421
411
31
420
421
421
421
420
421
420
420
419
419
420
419
419
418
420
418
420
417
3
18
419
418
415
418
419
25
419
51
418
419
419
418
417
418
115
415
415
416
418
418
416
418
417
418
418
418
416
417
416
414
23
416
416
416
416
1
414
60
416
416
416
415
416
416
415
118
39
413
415
415
415
68
112
414
414
414
414
12
414
412
411
413
413
413
412
412
413
38
412
411
412
411
412
412
410
412
412
412
408
127
411
409
410
411
410
411
411
411
409
410
409
405
410
407
409
409
409
409
406
409
408
409
408
409
409
408
409
408
408
407
408
408
407
406
407
2
406
112
16
407
406
406
404
405
407
405
407
406
406
406
406
407
405
405
405
405
406
406
403
405
405
405
405
404
404
404
402
403
403
401
401
404
401
55
403
401
404
403
401
403
401
402
401
403
403
403
401
402
121
401
401
399
401
402
402
402
402
402
400
402
401
73
400
399
401
401
401
400
401
401
401
398
400
400
54
399
400
400
47
399
399
397
76
398
398
399
398
399
397
398
395
44
398
398
396
397
397
396
397
397
396
396
396
396
396
397
396
396
396
396
396
395
396
396
394
396
395
395
396
0
92
60
394
395
393
395
395
395
395
393
394
0
394
24
394
390
14
394
394
394
393
392
393
392
392
12
393
393
393
390
388
14
391
392
392
392
392
392
392
392
390
390
390
388
389
390
391
390
389
23
390
390
389
387
386
390
390
390
390
389
390
389
385
388
388
389
389
389
388
388
389
387
389
387
386
388
70
384
388
388
387
388
387
388
388
388
387
386
387
382
387
386
383
386
384
383
385
385
384
384
385
385
385
385
385
384
385
31
383
384
23
384
382
383
384
384
384
3
384
384
383
384
383
384
382
384
381
383
383
383
382
382
383
383
382
382
382
91
383
383
382
382
382
382
382
380
382
382
91
381
381
381
380
380
380
379
381
380
380
380
380
379
379
380
379
68
2
379
379
380
43
379
379
378
379
378
379
379
378
379
379
376
378
379
378
379
377
0
376
372
377
81
378
376
378
378
375
5
378
376
378
378
377
377
378
378
377
376
376
376
376
377
375
376
374
376
376
376
376
376
375
375
372
375
374
375
374
374
91
374
374
374
373
373
373
373
373
373
373
373
373
371
372
372
372
372
372
370
372
11
372
370
369
372
370
367
371
370
371
369
371
371
371
370
370
370
370
370
367
368
367
369
369
86
21
367
370
369
369
370
369
369
369
369
369
369
368
369
369
21
368
368
368
367
368
366
368
366
366
366
364
367
367
366
367
367
367
367
365
360
367
356
365
365
366
365
366
366
366
10
366
365
365
8
365
365
365
364
365
364
362
363
363
365
364
365
365
0
363
364
23
364
362
362
364
364
364
363
361
363
363
362
363
363
362
359
85
362
362
362
3
361
362
361
361
361
361
361
360
361
360
361
359
360
46
360
359
359
360
358
359
359
358
359
359
359
358
358
358
358
355
358
357
357
358
358
357
357
357
357
357
357
357
357
353
357
357
356
355
356
355
4
55
356
356
356
356
356
356
355
355
355
355
355
352
354
354
354
354
34
354
354
354
354
353
354
353
354
354
354
353
353
353
353
353
353
353
351
353
352
353
352
353
352
351
352
352
350
352
352
351
349
351
350
351
352
351
64
348
349
351
349
351
350
351
349
348
350
350
350
350
350
349
349
347
348
349
349
349
348
348
349
349
349
349
346
349
349
349
348
348
347
347
348
349
348
348
348
346
7
345
347
348
346
347
347
346
35
347
347
347
347
346
346
343
347
346
345
346
345
345
346
344
346
344
345
341
344
341
16
345
344
345
345
345
345
345
344
345
343
344
344
343
0
344
343
344
344
342
343
343
344
343
343
343
342
342
7
343
343
343
343
342
343
342
342
342
342
342
342
342
342
341
342
342
342
340
342
38
341
340
340
341
341
341
341
341
341
339
339
341
340
341
340
3
340
2
340
340
340
339
340
340
340
339
5
336
339
339
338
339
339
339
339
339
339
338
338
338
337
337
336
338
338
337
338
338
337
338
337
338
336
337
337
338
337
336
337
336
332
337
336
337
335
336
335
335
334
336
336
336
335
335
336
335
335
334
21
335
35
45
334
333
334
335
334
334
335
335
335
333
334
52
334
334
334
333
332
334
334
333
333
333
333
331
333
333
331
332
333
333
332
331
22
331
332
332
330
331
331
331
332
332
332
332
332
332
331
332
331
14
329
330
330
331
331
331
330
331
331
331
328
331
328
330
330
329
329
329
328
329
327
329
329
328
329
330
328
327
328
328
328
329
329
328
327
329
328
328
327
328
328
327
327
327
328
328
327
328
327
328
7
327
327
326
326
326
326
326
327
326
326
327
327
324
326
3
325
326
325
326
325
325
326
324
326
326
323
321
324
321
325
325
323
325
325
325
325
324
324
324
325
324
324
324
323
323
324
324
323
324
323
323
323
321
323
322
323
322
323
323
323
322
323
323
322
323
322
323
314
39
320
322
322
321
321
322
322
322
322
321
318
321
321
321
321
321
320
320
0
321
321
3
320
320
320
321
320
320
319
320
320
321
321
319
320
319
321
320
320
319
320
317
320
320
320
320
320
317
319
320
0
319
318
320
320
272
34
319
318
319
318
319
317
319
317
318
318
318
318
317
318
318
318
318
318
318
317
318
317
317
237
317
316
316
316
317
317
317
317
317
317
317
316
317
317
317
313
316
316
315
315
315
315
316
316
316
315
315
316
315
314
0
315
313
312
313
315
314
315
315
315
314
314
19
314
314
313
313
314
313
314
313
314
314
314
313
313
313
0
313
312
311
312
313
312
311
312
312
312
312
312
312
312
312
312
311
312
312
312
12
309
311
311
310
311
15
311
310
311
309
311
311
310
310
308
310
308
309
310
310
310
310
309
310
307
308
309
309
308
309
307
308
309
308
308
309
308
309
309
309
309
308
306
308
20
308
307
308
307
308
308
307
308
306
308
308
307
307
304
307
307
307
307
0
307
307
306
305
307
307
306
306
306
306
305
306
305
306
305
304
304
305
305
303
305
305
305
304
303
305
305
305
304
304
305
305
304
304
304
304
304
303
304
303
304
304
303
304
303
303
301
304
303
303
303
303
303
303
301
303
303
303
303
303
303
302
301
303
303
302
303
303
303
303
302
23
301
302
301
302
302
302
299
301
301
301
302
302
301
301
12
301
301
11
301
301
300
300
300
300
300
301
300
300
300
300
301
300
300
297
300
298
300
300
297
300
300
299
300
300
300
300
300
299
298
299
299
299
299
298
298
298
298
298
298
296
297
298
298
298
297
295
296
297
296
297
297
297
295
297
297
297
295
295
7
295
295
296
296
296
295
295
294
294
295
295
295
295
295
294
295
295
295
294
295
293
295
293
294
295
295
293
295
295
295
294
295
291
294
294
294
293
294
294
294
294
293
293
293
292
293
293
293
293
293
292
291
293
293
293
293
293
293
293
293
292
292
292
292
292
292
290
292
290
292
291
292
291
292
292
292
292
292
292
290
290
290
290
291
291
290
290
291
291
291
282
291
291
291
289
290
289
290
287
289
290
289
290
289
290
290
289
283
289
289
289
289
289
289
289
289
285
286
288
288
288
288
289
287
289
289
289
288
288
287
288
288
288
288
287
285
288
287
288
287
287
287
281
287
286
287
287
287
286
287
287
287
286
286
285
7
285
286
285
285
286
285
285
285
285
284
285
0
285
285
285
285
285
283
285
284
284
284
284
282
284
283
283
284
284
284
283
283
284
284
284
284
282
284
283
281
281
283
283
283
283
283
283
283
3
282
282
282
282
280
280
282
281
282
282
282
282
282
281
282
282
282
282
281
281
282
279
281
279
281
281
279
279
280
278
281
278
281
279
281
281
280
279
280
280
279
278
279
280
280
280
280
278
280
280
280
280
279
279
276
279
279
0
279
276
279
279
278
279
279
279
279
275
278
276
279
278
279
279
279
279
278
278
278
278
278
278
278
277
277
278
276
277
277
