1426145151
1802150
1802150
0
3040
1196717
2096739
13
21
13
2244196
655
707
157
72
5052765
27320
24410612
224
5735
6884
2273
40867
1179
1627
382
357
475
594
851922
121296
50
146293
46481
53045
32439
38807
19589
25594
34123
26143
10894
20577
38303
22777
31143
24313
861232
42628
58
26491
72052
43991
12511
17434
8239
1408
34060
20344
122
202628
57055
39604
30794
344694
55831
66062
53019
202127
16781
144529
50015
187599
46446
132892
97211
22
74539
88161
106525
129914
32235
12951
4608
87104
72242
18689
8641
4470
8962
71828
16129
64116
97
27781
9712
138265
3082
18483
48100
3166
31927867
64992
27708
54896
12212
48740
20107
431022
79105
112395
11807
12839545
97589
91619
369869
42655
562007
166568
184194
24103
8341019
60412
22442
155329
238201
47683
103618
45550
2552
22264
208328
13645
7576
50807
5333360
32424
282695
3402
54333
19706
214629
104274
33316
21973
14707
120789
95918
266433
25923
18238
22483
85847
16727
4554
19378
111038
42168
3085997
18263
55969
62160
43455
18664
109391
33811
23065
3110591
50894
202944
38545
115930
47163
9404
20781
21629
1052
3149
39590
6668
1432261
2610077
30506
710509
47032
46171
27506
70876
1896756
34889
18956
22737
370965
23191
2103635
11655
63202
77890
18912
18367
45090
19672
670433
78449
150508
33964
31406
47984
6082
8319
1301
23446
33360
14098
76254
66267
321624
77015
11670
279685
20910
56539
447030
2032
61811
15467
104898
40716
14938
89994
1660387
0
20320
40230
9659
21906
22431
42261
11801
120942
384643
33851
51758
43411
29428
20003
0
7946
14
34361
10457
31094
19368
208774
10318
44992
37970
21902
652434
6994
42304
26802
36418
1074379
1099894
3658
16738
202712
8391
576133
3327
0
646217
341196
5880
1263177
1277658
97575
26477
8512
1226295
108680
85766
1219880
12567
12822
74223
1073295
30500
898677
1184641
2714
16810
151219
60481
16866
2511
13057
60844
29693
25175
1009935
11285
18896
28424
27137
286806
8036
624716
48009
11659
53214
138714
23054
30755
37609
35004
1044151
1040575
96177
1010555
1891
26948
993194
36008
212324
84184
40757
805804
67526
563571
2619
674044
290780
38562
5778
97
743973
108417
13752
892033
67348
15151
2066
15295
180541
690901
864181
3060
2357
849451
671665
45058
2937
815228
23691
4477
134082
21603
84936
30853
6100
10437
2094
588442
0
5369
9334
420933
58257
68666
3852
9736
3787
22613
717692
525714
18190
705788
620291
148610
19771
615577
2825
23179
21002
1621
701346
32464
646024
7196
687938
635115
28871
84995
18638
105230
591084
45999
24565
5
531754
31533
36351
105400
654179
70717
473663
17729
641882
21457
2869
6479
19012
570095
22417
893
21943
12446
40237
12400
73613
12412
23003
26913
49926
8436
6418
24858
502607
130871
555275
576482
533864
43452
26649
127590
14252
18788
108959
352792
72267
50749
15058
23988
51898
19631
3162
27746
0
119641
289114
66654
33487
20568
56393
301489
48512
11985
14697
75526
30052
479856
41517
21487
94724
20594
29526
661
19580
5784
17640
363591
6006
101
245871
4359
0
30286
16677
210903
2804
58106
399177
65075
47011
454081
42423
12631
4650
9061
463630
9344
27819
335874
392811
390623
23602
25885
53607
394244
23628
26397
249239
21272
284875
13002
81130
254533
18355
142871
60128
3314
41802
25451
1759
3542
5068
9638
312276
55233
83
37220
21140
4010
398037
281418
74867
4701
218883
1739
31966
4540
80270
9786
32524
326001
363928
61315
32895
67112
7007
30847
27650
2419
20922
391189
54343
278368
229756
167069
7115
377970
360243
2920
5572
1641
37130
61507
12
20331
4973
371525
40860
249787
258697
56500
17604
26480
4458
9441
98408
8511
362007
341579
44522
22278
2062
6697
25625
31178
2564
48403
350315
44130
3923
347916
91
21166
338474
247889
19852
0
31686
15615
1671
3361
2001
12554
68349
1815
27778
5654
12694
310860
14548
274471
27125
8844
317570
1057
44801
1880
1240
258952
239142
4292
250277
7562
36176
134982
30927
3337
250317
82115
17532
65745
9650
302201
6069
27030
11253
34285
27163
3266
11334
5778
10408
212686
240327
21178
93904
39274
18630
225926
285545
189106
25787
53722
20905
33087
25313
217287
4957
4163
8877
295297
2251
238221
9120
8756
29908
290243
37028
59282
8455
2075
8597
22801
138869
281952
12279
131811
36155
2717
18911
27868
10701
63780
271243
999
16255
268217
52813
11219
3380
4240
40512
4253
240503
206316
26397
235744
32819
32099
23286
9414
1890
149
258660
261930
43441
28297
249994
29346
41
66259
256272
49795
88318
20237
9280
7694
12465
12559
67841
23630
245659
213021
34692
20887
73550
8604
7274
34579
0
13903
23230
1907
29156
14005
22139
2654
5648
2319
20798
229819
22861
212396
8967
19764
16683
4830
224540
1189
11242
181703
34807
92173
19389
1425
28610
77329
5177
185613
11858
856
13945
198500
187003
16454
1567
15875
4397
203034
27776
222668
67812
221762
32538
29340
221160
187150
7833
26297
127324
174734
5852
14084
164236
29517
17484
5763
796
88879
217290
10464
21952
36946
17069
31000
16249
8402
17724
36587
21200
3594
3156
1400
4419
0
10852
156716
1782
169656
8102
26543
6223
55676
4
33778
194376
2031
204407
206550
20587
170228
0
34948
8361
202149
202038
38118
9312
7563
30400
116
200101
41334
199152
13570
14429
198429
1685
14395
194251
14599
191342
160
25109
76864
195127
11126
955
39378
193980
45367
192388
44046
32772
4
79780
190564
36302
19559
24998
6125
5774
18696
10669
184519
57136
8252
5407
127899
187781
6296
187368
9849
186865
37399
186631
1920
9
23428
115262
16739
13416
17186
163899
51
11974
4149
182947
572
4597
10299
118942
210
0
180187
28422
170283
56576
127979
161447
177748
6632
16450
101391
8411
177
130601
86334
176019
21177
0
3933
174471
54099
40205
12750
6331
2287
129350
7930
172456
171939
31885
10751
146319
10389
171496
1988
165455
33844
8
170064
11351
21106
51336
112987
143
12459
157045
167992
21266
91321
11330
5741
22535
2028
156316
8199
162990
160003
21040
164532
160905
34223
3540
14
20541
57291
2263
162392
161728
75926
2498
117279
8533
11926
3887
123973
3784
1095
43191
159421
159536
8029
752
810
32687
1410
159085
30484
751
52125
138539
27289
45248
158179
266
146859
31438
124446
1518
59507
4431
12141
37610
80767
141306
155334
154965
73786
62722
154189
48
13717
138704
151533
6910
4497
13984
81694
9772
10454
115728
3721
41
151201
6766
80692
72416
206
2017
125
132598
17333
22144
4305
5557
24892
122120
136368
147187
111988
10446
5696
130264
6573
3471
103645
6994
25705
11504
144878
3195
15811
144232
3
20497
4654
143724
36
143407
127539
26800
5128
4
128828
1757
9898
109838
14385
2195
66912
113043
130616
141471
33327
140441
140437
139807
125510
119411
135856
123340
41811
39142
0
133366
27715
101171
23248
10636
1494
15149
16900
12842
137309
25775
0
25365
14679
110187
135979
135852
695
33153
41565
135117
22557
19202
80974
38724
25546
110382
3489
1684
6781
127297
132840
2141
46
23055
115059
490
21954
2147
14363
22366
2274
23117
77782
130715
63998
885
92499
5497
129605
11149
20297
80941
89885
11906
1379
102540
654
127693
46508
127433
112552
68673
34435
7248
48114
10370
9935
44398
14380
26341
39363
125368
743
26496
122034
43790
19659
14934
25458
14008
43922
39658
102824
8692
21062
107815
19207
34769
43358
14530
31521
121744
31231
41885
121144
17623
120825
89144
28106
72761
107270
112190
305
585
118755
32459
81550
101517
117517
26
117459
1321
117359
7432
117150
116796
21781
116211
3601
14334
110293
285
24303
1402
7265
7354
19128
99314
104455
7947
1513
34646
109700
6495
7438
4845
481
3524
937
91
113161
2401
113015
19754
23057
8396
112210
17281
16306
97887
21851
14053
7999
100684
110428
81265
3486
1486
10365
109851
103147
13011
78591
61459
19069
55534
11063
102324
14999
1553
0
2581
57121
3762
11919
103817
460
9467
93796
0
39183
31033
20189
2415
14220
90966
376
60096
3041
102477
3061
10140
101227
101170
12078
13360
34159
28358
13228
89641
35780
15259
60139
29535
81205
16935
3094
5604
32
4903
60794
279
0
47646
101687
1316
67816
4264
1452
8347
998
6268
84887
13779
9246
2876
48071
4831
46525
4334
28775
5
76
0
1211
11079
13390
65790
4168
26972
1037
84804
10299
98166
23235
10929
14
95344
97681
18200
20987
3883
18552
31386
10881
16159
18108
79470
89994
19672
11175
96753
96719
6780
8923
3384
10052
99
50710
63743
53995
19559
62176
19162
1953
4731
95203
95053
28298
4965
94585
78336
94375
94279
15214
6488
91047
26656
0
16317
409
34324
75207
63838
93245
93231
89217
1924
93030
27893
87633
1786
92626
17237
82453
91860
91848
10084
4458
14013
3078
91527
28603
15274
6580
68232
2493
994
21307
1531
90548
2520
2938
90356
25780
559
1204
90062
90036
36273
11360
87517
89708
0
54517
23932
89202
63268
14895
3272
88804
79944
0
445
494
9657
65430
13120
48269
471
88122
12128
13224
8963
87856
6833
16699
74544
54323
4746
64776
3191
87407
17332
87280
11820
15077
13346
44783
87061
86892
75161
4177
21559
21716
26277
3563
19203
9023
4181
86283
7299
544
85704
3267
23863
4646
85596
3464
5905
66595
25285
5936
3840
6637
137
84659
4614
21690
84436
32666
41626
4295
83997
6815
6498
83387
83286
8935
69398
68000
82681
82658
935
82660
19248
55554
3506
3046
55897
52557
73773
7120
25983
36389
59870
81695
17194
6043
11540
11553
81380
34135
49199
65124
78639
1259
80698
4402
74045
4125
8106
612
80408
10391
72871
52833
602
0
79940
63645
29450
4324
79769
2714
1450
68650
58091
19006
6625
51594
79540
79521
8818
5122
79098
78931
78942
72513
315
78770
7
78600
6012
17938
66638
78022
53850
20878
19897
34621
1266
23869
2398
18172
350
3934
56666
27051
6697
21595
76956
76970
49407
76763
673
74632
76644
6064
22645
76356
2279
2226
48
40639
3640
76110
28103
3737
4145
41278
76119
76091
76113
75975
73605
4411
20570
943
1056
2486
3236
75628
2180
35797
75481
75329
75358
75295
75251
25616
8821
59024
1680
387
74852
7904
74606
34585
71492
74138
622
74098
6594
23629
74045
7370
7697
12562
31357
30413
17382
24311
15557
3299
2989
0
39451
72983
9977
20907
2889
52227
1232
9037
21065
58917
8462
72210
62800
10068
3677
58773
64931
8587
71973
18853
528
71630
8541
1818
4661
39129
10718
11621
31482
21934
71089
7382
54145
70936
71014
50309
37214
6360
12447
53980
23453
47848
70214
2924
70091
20581
3991
6347
1792
60783
44872
4426
49760
64019
30398
69498
69399
49427
65168
54121
11
4354
400
4080
68970
63327
68850
68829
68766
46497
33041
68533
68430
34016
1050
11498
68210
68192
68161
42988
64676
3244
12291
8488
197
12969
2254
4786
3950
2580
18511
34855
28625
617
38126
8018
383
81
206
67017
10608
283
18902
66786
3445
66701
66602
1790
17132
66571
43640
6592
21292
13474
66302
19001
58458
21785
17321
5308
8246
66121
1805
66100
132
45757
0
1859
2511
30494
9165
46460
952
65553
0
65477
51211
65395
47274
3933
60842
20056
64948
64916
5073
3642
64567
64558
2015
98
9769
64344
64335
1520
2864
40461
61822
63936
32
63846
63792
36533
10678
36217
63694
15527
1781
23871
53439
0
55327
28854
11024
55969
63192
30974
63115
7359
18
24790
62868
57034
62734
14483
62731
13051
60144
32422
62508
62467
24210
62405
1359
62283
20629
3384
62128
62030
2065
13553
5441
6090
14085
51368
39552
25926
5078
7595
5287
21369
17484
20969
61323
15616
414
61231
38256
51646
58967
57473
370
60843
6340
39445
9268
60792
51971
60749
7694
11699
1629
56807
60262
60263
12156
1817
60029
3530
9912
59837
37181
59538
13463
1098
59335
6030
14293
25323
55369
13
15967
27396
8466
1058
7487
27
58842
58818
2818
3264
42816
22384
49197
42273
7065
58174
58113
8998
28927
2560
58021
967
16463
5528
15448
8770
57522
14746
29422
15899
0
57241
57221
940
57212
2849
54839
24947
5846
57081
2825
10015
56916
56857
11978
56789
7491
20564
3644
2365
56528
45833
56453
56442
18957
56384
10563
664
30673
56081
7302
3034
52693
3452
886
55762
3967
55643
42792
55598
20266
22164
11225
38
55423
4929
14072
151
2296
33279
51288
19227
54978
11406
9457
174
12293
45510
54568
24533
6874
18177
2
52037
42493
16013
1375
51769
47605
1973
5561
6878
28751
2667
53620
6544
53501
48592
43450
590
4392
43523
31202
7873
8091
15933
5420
0
2734
53233
14250
6107
52969
39835
48369
52861
1771
48254
533
36119
28832
52654
6154
14305
52479
52497
3096
34669
15283
6602
7742
46788
52243
13159
16490
7096
8778
43245
52155
52082
52059
21198
5181
11211
51872
7098
8739
51729
51662
29048
0
1804
9384
30023
31563
44349
3388
1901
51092
2030
38939
28778
2766
50988
7377
9261
2535
1845
37324
6721
50827
12727
48305
15560
3288
2616
50645
50582
50579
6400
1694
800
50393
11403
50341
7592
3502
23761
11416
7121
2143
969
49915
18693
49905
7835
9008
49681
5769
2780
49487
1520
3947
44643
49403
10294
2678
9043
49106
54
48972
7206
48941
36965
15412
10427
34428
39968
48792
46814
48723
37194
2824
48582
27842
48552
17031
48528
24718
38803
48472
48439
11434
5490
45756
5970
1458
48224
42103
41528
5831
48027
48005
48038
13281
47952
3548
7951
47876
10330
1486
7385
1076
11019
16654
1806
21090
47673
3542
47509
47336
10166
47285
4587
47231
47190
8698
36417
24511
212
19880
35654
47087
12499
46924
16519
4145
13711
46851
46827
46797
28581
28800
12805
5196
5820
15473
8328
11407
42035
18174
46373
35218
39688
17638
32179
27929
46085
46069
46021
46056
11013
45953
45934
8857
45907
5176
45707
1648
9801
1544
8725
27808
18109
45608
45546
5998
7228
9580
24518
40439
45320
2223
36792
43256
43119
9261
7198
45101
45065
754
12791
39331
44941
22611
8083
4017
41894
20844
20712
24150
44695
15485
1055
44642
23821
3005
328
7827
44524
39280
31791
35194
39208
44416
44419
44284
44222
12004
28063
7282
2670
1519
44006
1609
1301
5100
10458
2132
35185
584
2273
43575
43593
449
38323
2898
10558
12902
16977
3579
0
43452
7241
4393
1673
12310
43302
4102
43194
18663
13008
43081
2253
40759
3
1993
43004
26671
43010
42950
16858
2446
4869
42892
42857
23768
511
5007
14065
24676
12304
5641
39530
0
42599
10015
23805
42529
3459
12010
42533
34090
39228
42448
42422
42435
1151
42405
42392
132
1378
5015
39189
2673
25984
40337
7749
18991
597
37708
18118
3325
5062
42108
40175
39153
42059
9565
42012
16274
8554
37637
13065
1677
29570
20379
12513
8584
4936
13557
8577
41579
41549
9471
18099
34983
41513
0
2156
41399
41423
2436
6303
18086
5919
5197
41223
2193
9402
722
41116
176
36212
41054
41087
16414
5708
1355
11359
1488
40918
2929
40886
25702
31900
31297
18919
40772
15271
38289
1760
1817
31899
32376
6220
14700
40411
11260
64
40291
1655
40274
40225
1261
36824
26523
1751
2843
40074
8001
77
215
39894
39883
39859
10031
5135
5222
39820
803
15047
39716
29906
39700
39651
39660
6342
39587
10467
30828
4533
696
345
23372
1214
8402
39328
39311
39283
9576
2521
6973
39153
12699
8225
1359
35902
39035
37033
0
3098
6173
39013
10219
13137
4455
38825
38829
29475
38801
38716
2214
11078
13282
38646
38632
9501
36104
13355
38581
7920
12244
33573
36068
5579
101
30152
9869
38228
35509
9762
38124
26676
6176
8162
38003
87
12690
5997
25345
1879
37847
27408
13421
37802
12577
27822
37705
13846
37701
11158
5825
5672
37521
26262
37508
4938
37425
1135
16523
37318
3000
17872
9972
14764
8409
37245
32132
19699
37176
7961
5251
5935
37155
35066
37088
37097
37055
32029
13350
36971
34823
18099
8436
36893
8963
7258
3013
9963
36798
11964
36763
36742
23
3581
36687
25068
840
36657
5314
14772
17094
36516
36480
19648
36410
32047
30062
36386
36354
36285
19902
36252
27402
36088
17018
36063
36038
36032
3557
11197
36004
35953
1153
4659
35880
78
28847
35838
719
35782
35779
35745
15318
2907
1839
14896
35629
1563
171
6831
35485
12730
24748
35459
11302
199
943
35348
35354
5343
18377
1967
35299
35281
6361
2553
35260
32363
21339
30484
21133
35174
35151
35154
35130
35114
35109
1606
35084
15570
35062
5853
25236
35047
2995
4856
34847
9703
974
34757
332
34757
15832
678
34667
7538
666
13587
27275
3115
18047
10038
1050
34442
23204
899
34394
34366
32168
23433
34309
28686
34222
34234
8029
34130
11287
484
16479
7995
26861
33976
2096
18994
33928
33878
1199
8424
22481
232
17924
33741
30460
6374
5793
33631
33596
25933
28640
11884
1192
33506
20513
28714
33500
7731
5407
33501
29942
16928
19599
2897
29689
33394
0
16546
381
33263
20863
25800
25579
3649
2162
12312
3756
759
33142
10688
1734
33079
30313
23946
33078
1416
3923
29138
8955
79
32964
11063
29540
32890
32861
3027
32832
27944
601
27
25885
32709
9191
24556
32686
19
1231
1056
26020
8838
27167
9823
32613
23667
32555
13507
803
5775
26937
6067
32431
9003
32410
12864
32318
2787
32278
21015
32219
32227
24442
3528
3570
28297
6810
671
1170
10251
32100
4925
13127
26387
21185
32006
31953
762
9368
31864
4296
31831
31790
31702
31665
12317
31660
31630
8
16189
31595
31587
13033
31517
1
31490
18762
928
31422
31391
31389
1422
31324
1920
2254
31279
31204
20215
29275
31246
26823
15818
31149
15773
31036
15924
31023
30969
14718
4672
26823
1633
12506
6531
13186
30706
30689
30674
7154
1555
22730
27409
30501
9638
11834
28352
21171
30452
15916
30349
14131
4500
189
30287
21317
2219
4337
30235
7188
19695
4830
3632
528
25413
19969
9251
24041
30081
1232
3343
27577
542
2687
462
1836
30016
7845
11690
11825
29885
3398
29898
29842
14743
29755
22646
11859
7422
2889
1201
20169
24472
19530
29680
14137
4070
16289
29614
27626
492
5814
9023
5608
19561
29463
15455
6033
29420
29405
8323
27039
12593
29313
29311
29289
14434
1090
772
17600
1263
8965
29209
29176
15638
13065
21287
29135
7457
5758
11600
29082
29073
20548
13458
29059
17447
29041
19
4125
3362
29004
7532
28985
6221
5984
21879
16955
28910
22862
24
10536
15024
28837
1148
14949
28826
1088
28807
22490
28741
4115
13216
28595
28573
25022
1231
21238
3211
28512
0
28487
28495
21739
9886
926
26021
28498
28465
4285
25838
28434
28407
28408
5798
18258
28352
7561
28335
28305
28312
1263
28273
3115
2447
28258
103
17840
5414
28179
28171
28144
875
4495
1295
28117
28094
6618
14125
28089
16496
15916
1202
28045
2598
11788
7675
25786
27978
7918
7295
27948
13880
27939
4539
27888
25805
14289
12023
24554
7070
5559
27811
2895
4139
10558
21384
27714
27703
14650
24349
27626
27617
18889
0
27538
1987
6463
448
4546
7333
5255
17233
27428
15335
17057
16448
81
27386
12180
27361
27323
27360
27348
27340
27317
5767
24703
13934
27244
27231
7938
27235
3776
10087
27162
11097
27125
3790
27108
1651
27076
10703
844
22969
933
1515
24575
11432
26931
26930
26891
11818
26864
15831
196
2585
26810
26814
26762
16957
26761
26751
26727
26713
26714
26693
26711
7347
18541
26665
4365
26648
672
26617
26606
13315
4918
26586
11242
26585
16784
26571
26535
265
8105
3445
4943
23833
20953
12015
26405
26398
2954
7266
3243
2937
3199
6532
26262
65
3926
11012
106
20226
18935
26215
26158
26168
23479
13887
19400
26091
19577
3160
0
26044
5448
8529
26023
1477
26023
25983
25959
14810
25913
25900
2184
23885
2001
25878
25880
11810
4329
25798
25800
6719
25822
68
19381
9404
8161
3446
11038
25760
25739
25753
9576
5841
4939
12742
14240
1143
23009
23302
384
18096
18955
25614
4895
719
15210
0
2769
23288
16907
10463
25555
25548
19620
25518
25504
25481
1
7755
7395
13783
25440
12822
281
10096
21189
10009
25381
18358
17824
755
17017
11980
19435
25302
4573
3390
7075
25226
2318
21620
1694
12945
55
25121
13463
25095
25110
9998
25086
25111
25057
20410
718
2632
4373
24953
4231
17242
24927
13560
24899
24842
24790
328
3640
20724
14690
3153
12324
24602
2299
6377
63
1717
273
9098
15211
7723
24498
24537
24505
1525
402
17683
24440
15064
24413
19364
24358
12375
4744
35
4423
22064
24268
8672
1264
24217
24224
11958
24211
18215
18766
6469
24163
10218
24133
2302
24081
11527
13387
7677
2895
6479
23941
23940
6525
23915
16505
1578
23859
23856
4072
23828
2371
23824
4602
11307
21436
18390
5561
23724
9047
4
11130
8783
23728
17126
7920
18860
6504
21557
4813
621
1983
23582
3355
1607
23557
23511
1709
23466
1397
0
5862
23447
23443
23413
23420
13295
15608
2137
4005
13169
9493
23378
10313
2313
23309
1467
23311
20614
2428
2339
991
7281
1288
23241
12653
6257
23244
23183
23173
12715
23136
3765
11234
11839
23108
4443
19064
23078
8293
23070
15343
2357
1665
22965
22977
2381
9048
22915
17174
4984
2341
4162
22875
16620
13579
22838
22870
2470
7088
22836
22809
9790
1833
22786
22755
22750
2175
22754
22713
22709
22722
22725
4413
6796
4756
22703
22699
26
579
22641
10054
22643
22608
22620
22600
19790
1468
3554
1770
15520
22539
5329
22492
2601
22471
8028
2378
22458
22439
22421
7535
17916
3170
10835
7603
20390
4617
2437
22352
5441
22323
22313
14654
22312
22277
22286
7671
11380
22241
334
22234
10620
22176
4993
462
22169
0
55
22129
18390
22068
22101
20070
22080
22080
22075
6226
6107
5526
22048
22014
10791
2222
867
14270
11233
21952
3387
5182
15189
9590
21877
5939
9802
1245
21781
21813
818
0
21802
21786
21760
5483
8048
1228
10406
8127
3970
4098
21604
11955
5708
21577
21573
21564
2535
15030
21555
6696
21544
21535
17083
19389
752
2408
1163
726
21480
21446
21457
4822
21422
4120
11021
19040
21361
6871
21331
1244
1147
21326
12818
2070
13939
21287
6065
2881
8116
3053
12876
16116
21183
21181
9260
18942
2321
1905
21176
21151
5592
3281
12386
16818
3737
14579
16664
21055
11561
2511
1433
16032
11847
20981
6721
1597
15863
20906
20925
4998
15436
20889
20853
17759
5939
20839
829
20847
11186
7718
20871
20789
20760
4264
20751
17523
6279
20736
20731
6979
1715
20665
20658
13017
12255
20639
1186
7055
6362
8532
4589
16966
20603
12777
20579
20577
20588
6931
1248
20558
6667
20528
4510
20536
20494
20507
20493
20482
20484
13829
2021
20457
6231
20459
20444
10176
20432
10304
20442
844
20437
20420
20386
20399
5921
20371
98
1671
20353
20355
18040
17933
20322
17372
12788
1824
2313
20274
20274
20259
75
1071
20252
20232
20215
9349
20237
20219
14215
16503
9385
20153
5488
17311
20117
7729
20116
20118
20095
1837
20069
20060
20066
17907
20006
7489
91
2394
6759
19968
2497
11678
0
19954
19896
19911
9420
19904
8587
19865
19857
19862
9652
15335
19849
15904
19838
19835
3303
19795
16582
1058
5027
10793
601
6559
16959
19707
19688
3324
19650
4553
19630
8886
9928
19618
19609
19569
19562
19545
2300
19549
8997
19511
16879
3292
17219
19483
8499
3468
19432
3253
19424
7664
17175
571
2343
7474
15130
19384
535
19363
16360
13718
6144
2268
19328
19304
19302
717
1248
14183
3292
10861
19222
19227
11287
19227
15368
3144
4502
6441
1880
19204
1250
19141
19131
9302
277
7226
4278
6042
19115
14959
13426
19077
19048
2219
19063
831
19017
19041
19043
19029
369
14490
5042
18994
3474
18989
1432
16701
12578
18941
6895
18935
3810
2442
18919
4635
14993
0
18895
559
14951
16895
18883
13389
18888
328
8948
759
18854
18864
10028
9583
18820
7354
18822
18815
18813
18783
18760
18759
8806
18756
916
13067
11100
13504
574
18723
1306
18700
18691
18692
5361
18660
10859
12088
10355
18620
7053
15702
8830
18567
18577
15989
15830
18515
18519
18491
18479
14874
18467
5070
6646
18459
1734
18436
18455
18420
4581
18386
18408
14212
13515
7486
15702
16212
18362
9682
5920
18345
465
18329
2176
18308
2708
2274
18279
18285
18288
18283
18277
18280
18272
18271
13560
18248
18260
1982
13755
18239
18213
152
18187
2014
7400
8533
18133
18129
8852
558
9512
18114
2228
18108
7905
18093
18092
18089
18070
1209
18069
5415
18067
18038
1940
9323
17980
17947
7492
2592
17921
17911
17926
15251
17906
17885
17878
17903
13319
17872
17894
15668
17881
17874
15
7898
17852
17841
17840
14672
17821
1463
11406
2761
6586
5628
17790
17781
3328
8081
270
8334
2329
14765
17766
17744
448
300
6582
17744
3203
1875
3830
4168
17702
2416
17693
1870
12099
17635
17610
9450
7350
14660
15218
8167
6524
17607
3313
3443
4750
352
17567
13215
17547
5457
17528
1517
17520
17479
17469
5580
6278
10385
9686
7868
8461
17449
6455
3231
17413
17430
397
57
17409
17404
11825
109
17373
4465
17347
7056
17343
17334
341
12451
17293
12831
5212
6777
580
17292
17295
17254
17271
4626
5034
8743
17239
17240
973
17206
17179
13707
17201
118
14715
10616
11
7742
11937
17181
12450
623
17180
17152
17131
17089
17077
17059
17040
17022
25
17024
7152
5904
16959
16963
11848
16936
16927
12957
16919
16931
16901
10288
2245
14814
4666
1593
13155
16800
16820
16814
2106
16803
16792
13346
2767
16735
4263
13607
16715
16713
16693
4531
6834
12309
16659
9358
4258
645
16621
16624
16612
3799
16598
373
16579
16570
16566
325
6859
16532
8985
1839
16526
16544
9782
16495
16508
9017
8411
16472
4088
16468
16468
16439
13424
16435
16389
1101
16414
7871
16415
9684
16376
6071
16361
16355
16384
16375
12410
2499
1826
16368
6005
16308
16355
13878
16300
16318
7550
5090
13172
16301
2007
4652
16295
16298
9907
13975
16258
16280
16273
14080
1531
11658
16229
28
16216
16214
16195
16222
16207
16203
16191
16200
6398
11093
11022
16194
10114
16136
0
13991
16128
6451
2480
16136
16123
10132
2672
6744
13451
16103
16100
16108
16103
9072
54
1998
16080
16074
16053
16047
16040
700
552
16029
13610
3374
1382
3208
15994
13233
15988
5128
12848
15987
15986
5856
15962
1691
13659
1450
12483
9382
2071
487
257
11689
15893
15903
2928
15898
15869
3716
10364
13218
111
15825
27
15816
9962
15810
15806
15809
15791
13657
3214
4676
5831
5489
15773
15767
9022
15763
15761
6315
15721
13335
15699
15690
15707
15697
15677
5033
15669
15677
13736
15663
294
1795
8044
15616
8039
13630
3442
15622
5513
15591
15590
15575
15574
15581
15569
1133
3102
49
15554
15564
11746
15539
13516
15519
15524
289
15490
9364
15499
2462
1133
15493
15484
15468
1225
1369
12845
151
7522
3594
5460
562
2622
11399
1170
5568
12247
15373
12894
15354
15340
3606
5335
467
7944
12472
15312
11736
15289
17
15277
15265
13342
12699
15244
9949
15270
20
3509
15257
2022
2082
15228
15238
11234
10346
15222
15212
15204
8257
15186
15209
15175
13122
15169
15169
15153
1681
7156
268
8799
24
1848
3346
15118
12060
9075
15105
15086
15088
15093
15106
5758
15093
15109
598
15084
15086
2010
15077
530
8060
15051
15054
15049
15032
8204
15037
10503
4013
15028
1583
15027
9960
8590
6838
14956
14983
12007
379
11107
14955
14964
14959
14929
14946
14942
602
1778
14915
3017
14905
14874
14882
11805
14866
3151
14868
2657
12621
14873
14852
14858
14851
0
12568
2048
5265
3391
14830
14831
2361
14816
14814
14808
14792
14806
14801
12112
6099
5758
2296
7704
14781
14774
8759
1614
11371
14747
14744
4887
14740
1117
14729
6602
14715
7844
14736
4782
12685
14695
14692
14692
14688
2671
14675
14659
15
548
9416
14657
841
12546
14618
9623
14628
14615
14615
7709
14610
14600
638
377
6
14588
2995
11791
14554
14561
7831
2069
14559
14534
14534
14537
1367
14528
10713
264
9501
14495
330
14500
14487
14480
14471
14484
12412
14461
14451
14450
14435
1536
14419
6576
14417
14424
14402
14416
1702
10174
5649
4283
8106
14388
6527
1096
7784
14382
10084
308
544
14350
4374
14334
14355
1650
7600
2811
3550
12238
2370
14295
9165
10183
4157
133
14280
14287
679
14253
1177
1646
9200
14235
6067
14240
9941
14231
14234
14223
14220
14223
891
3689
5087
14201
347
14207
14214
14195
14178
6958
14198
14156
6805
14162
14159
10741
69
12038
14127
10096
7026
14101
14104
14071
14086
14080
2802
3725
8485
14066
14053
6237
10102
7607
14055
14031
5342
14044
8860
14051
11770
14034
2870
14013
14028
14021
14007
13987
5947
7156
13986
13985
1325
13990
6017
475
13951
6635
13944
6144
1714
13941
13927
13941
13916
3905
13920
13922
13891
4722
5326
13896
13897
13907
4916
13885
11879
13866
13871
13858
13862
7600
13834
13832
13824
1097
13819
716
13806
13801
13812
13794
13800
13790
13768
7652
3614
6139
7489
9335
2461
2534
13742
13731
13725
5117
8046
9690
13711
5109
1421
13710
13705
13712
1657
13684
13692
10511
10621
13668
13662
6007
13630
13678
13650
520
7108
6337
13615
13620
13627
4881
13626
13620
3411
3804
1102
4939
3794
11225
13559
13563
13546
1037
13520
13528
5153
658
1338
9755
13501
1282
13493
13496
13482
13476
13482
10630
7690
5743
8098
13463
13469
13466
1982
13414
13437
7656
13403
1191
10285
6337
3053
6961
3602
925
1143
13357
13357
13362
13343
13356
13353
13361
1608
13326
11046
13308
13289
13303
1392
9121
13273
8566
0
13274
13261
10668
13266
7966
13249
13243
8118
9725
13231
418
1017
13221
13223
13233
22
13214
13228
13217
13206
4044
123
13179
7317
13161
5339
4519
9233
13157
13143
891
13140
1450
13129
418
6214
13093
7389
2983
13094
20
13100
2734
13074
13078
2872
13062
10567
37
3967
7405
35
5878
13042
13031
2306
13007
5834
13003
13001
13011
13003
12969
12979
12986
1821
2713
12976
3218
2605
2785
21
3900
12974
6065
480
3256
12952
12954
12944
12906
2838
12927
0
4513
12919
12910
12915
12914
12894
81
12902
1058
12885
2742
12853
12850
12857
12864
12855
0
6472
12845
6326
12834
12835
4778
12806
3819
9448
12807
12784
6734
9613
12778
5729
10291
3747
10164
1234
12745
12736
12733
12717
12723
12719
12703
10034
1594
6266
5010
4048
10372
12681
12688
2283
12691
12697
1785
12674
10716
12664
10611
12647
12657
2002
12609
12636
12630
12618
437
12612
12614
12606
12611
5088
12590
12587
12575
834
12558
7938
12551
44
12550
5359
5592
1086
1580
9569
12509
12535
12525
12507
12479
4211
12500
12502
10131
463
12509
12496
12489
12498
9383
2056
12471
12468
12463
12462
12444
9390
12439
12426
12421
12416
12425
12413
12387
2325
12389
12365
7775
12374
734
10394
12359
12352
359
1809
12344
10120
12326
12346
58
12330
12327
12325
12326
12329
12321
12313
12308
5294
4066
3308
12310
3466
9677
6038
12290
12289
12276
5585
12277
12289
10222
12284
3191
391
524
5722
7560
12253
5067
7008
12244
2465
61
7069
12235
1964
12215
12234
12216
12224
1396
7157
12225
1487
5265
2687
12215
12198
7492
12193
8384
1715
3469
8813
12158
12168
10249
12166
12166
4183
12169
12157
10015
12158
12147
12149
12114
12124
1498
12111
12101
12113
12102
12086
2450
6188
4739
12095
7441
1793
12050
12042
12047
12054
12043
7069
2355
12026
12007
2270
3477
12011
2924
12014
531
11980
2295
11987
11995
3036
11986
11975
11975
11975
11972
11968
11966
11965
11973
11956
2815
11942
232
6677
9881
269
11938
11942
11932
11933
11911
5195
11928
11926
11918
11905
11893
394
8460
7100
1927
11905
9058
11869
6481
11885
11880
9349
11854
11850
9876
6249
11839
8722
11836
11820
11806
11801
11801
1812
6665
11805
3989
4460
11800
8550
1107
11779
11783
2698
11777
11763
3051
2368
1687
11756
11743
11758
248
11721
4941
1917
11728
11738
11717
11725
11721
11716
11702
11708
9316
11710
11701
11703
11677
11692
11696
8621
11694
11694
280
11677
1417
66
7246
6212
11669
4546
1179
11660
11652
11658
5108
4619
11624
233
11611
4346
7
11620
2831
11605
11613
861
138
3793
11597
11620
11605
5660
928
11593
11595
6026
11593
11569
11589
11579
4252
3
11571
11569
6046
11565
5958
11545
11543
2216
6689
6592
3602
11537
11541
11542
11540
7427
11522
11519
9230
11508
11533
11506
11506
4306
11489
11495
1647
11499
11483
11493
11490
6718
11499
7161
335
1019
48
11489
11466
11454
3400
11452
11461
11447
11457
6962
310
11429
2438
7281
67
454
4117
4494
9428
11414
1194
11427
3262
1900
6207
5716
11393
11381
11376
11385
9244
0
4736
11383
11382
11372
11352
11352
7067
11361
9238
11315
1890
11364
11361
3149
11356
9320
11356
4515
11331
549
11315
221
11326
6094
8966
353
11300
11316
11300
11307
11295
11295
906
3023
11283
6026
2338
3161
2807
6696
11273
6290
11262
11254
11246
11245
5519
11227
11221
1815
5654
11219
7414
5473
1921
4551
3903
11211
8628
11213
11185
1204
597
11190
11189
11183
1991
7599
11189
1300
11166
11158
11145
11149
1450
11158
11157
11173
5975
6728
2672
328
4783
11137
9214
3917
1268
11119
8989
11120
2841
8038
11105
11109
11107
11089
8838
961
0
11066
189
2368
11067
11081
11061
11061
11049
7679
11041
3876
11060
11047
11050
5405
5283
11022
1134
8741
11017
5376
11012
8637
11000
0
10998
8047
4069
57
10966
10990
6037
1575
4326
9017
10970
1214
10973
10967
1619
324
10956
10944
10939
10916
10930
5168
10911
3854
10884
10919
3860
10907
10907
10885
5371
10877
10877
10845
10891
3896
8768
10870
10867
8694
10853
682
8568
10841
10851
10838
10849
10808
7267
7615
4555
6056
10803
10820
2052
10790
10820
1781
10777
10794
10766
1775
6823
6890
1529
4853
10760
2422
304
10749
10734
10743
10717
10725
10728
1026
8549
10711
7262
10705
5888
3418
10704
10704
428
10669
4887
10690
10681
8380
10675
7407
10687
10674
2472
1451
10647
10673
10665
7513
10636
5416
10643
10637
10636
10625
5409
10612
5895
10621
10619
10597
10593
10603
3914
10614
501
10599
8597
10577
10573
10598
10567
2220
5704
8039
6003
4453
7551
407
10543
4660
10542
10543
10550
10533
4963
7584
10535
10519
10523
10518
10511
10511
19
6019
2462
7870
2864
571
10494
1820
2115
10491
10481
10494
10480
10482
10496
6933
10489
10474
10465
10468
8334
10456
589
3831
10467
10457
10445
10458
10466
10443
10442
2044
8380
10432
10445
10446
10438
10431
10447
6625
0
546
10419
10403
8422
711
8234
10407
4264
346
5832
10373
10363
8051
2158
10361
10365
2376
2659
10356
7533
10330
10339
1442
10350
10316
10348
7544
10328
5304
10333
1773
10331
260
10327
4668
10310
10309
5639
10298
10300
10303
10298
7930
10291
175
2462
2518
10276
10262
283
1597
10266
1250
3306
4247
10253
10241
7002
10255
1701
10242
10215
4178
10232
10230
10220
10221
959
10221
10215
3646
8122
3744
10204
10181
3466
7944
10174
818
866
10170
1519
3068
5968
10149
10155
7750
10155
1154
10141
2973
5721
10138
10131
1703
10151
10133
3408
3822
10119
10136
10129
10123
10125
1487
7869
10101
2886
10111
10098
10090
10075
10091
10086
4441
10081
10080
3164
613
7899
4993
10064
10052
10060
10066
10045
3538
1151
10055
10043
10037
10038
10048
10039
10037
3414
10018
10017
10016
7324
10020
10037
10037
1333
1674
9997
9975
9991
7527
2282
96
422
3384
5910
9977
9965
5780
9966
9958
9978
9964
9951
9940
9942
2711
9945
9944
9932
1783
9929
9915
9905
3103
2949
9922
1177
227
9886
5046
9890
3877
6657
9898
9895
9892
7549
2669
9898
0
7689
9880
9885
6992
9881
4827
7014
2851
9847
3231
9858
9870
6326
9860
9853
1060
9835
9850
9834
9828
6386
9826
9819
9828
1542
9803
9795
9811
9810
9788
9787
6969
9808
9796
9807
848
9779
9791
9779
9796
7396
9768
3172
318
9766
9773
874
5759
9773
1946
9773
9766
9758
9770
890
9764
9752
9762
9761
6498
9741
6291
708
3538
1023
7550
9722
2318
9715
3315
9697
9719
9716
977
7662
9678
9694
9692
9685
7711
9678
2206
9671
9666
9663
9659
2436
9654
9650
9664
9656
9655
9644
9641
9631
9642
9625
891
9625
1331
9628
1510
9623
5835
5181
9616
9603
9600
9596
9574
9592
9583
2591
9579
9579
6963
245
3357
6884
7399
6232
6990
9573
6730
9579
3066
9565
9557
9562
2897
9553
9551
428
1755
5150
616
9542
9551
1120
9529
9524
9524
9508
9519
1824
9511
9517
4815
9511
9489
9513
4699
6955
9496
965
9488
9499
3429
9483
0
9484
2283
9483
9477
9480
9471
9468
9482
9
9470
4169
2028
183
1704
6560
9467
9451
9441
9448
9451
9435
5011
1342
892
9425
6377
9441
9442
9433
9421
7311
9420
9425
198
7284
3885
9406
5113
836
9394
6003
9401
2576
9386
973
2060
9381
9388
9377
9358
9370
3558
9363
9364
9369
3298
9362
5292
9358
9350
20
3346
9345
2039
9362
3972
9346
9328
9333
6728
9325
341
2829
69
1623
9328
9295
9301
5136
9312
9294
9306
9291
9293
390
4159
9275
202
1475
2114
6949
157
9254
9254
9242
9269
9262
9221
641
9245
2688
9231
1333
9214
9234
7258
9246
9228
9221
2394
9222
9210
9208
9203
9213
9194
9200
1700
9187
9189
9184
9177
9181
9182
9175
2083
1539
9176
9180
9182
9174
9178
6319
3892
9165
9172
9154
6990
9162
9157
9139
9141
3186
61
2424
1812
639
9141
9131
9126
2576
9130
9117
9106
9115
2801
132
9106
5121
9097
3454
9099
9085
2212
9090
9092
2865
9081
967
9072
9056
249
9073
9068
9080
891
9061
5514
9050
6892
3769
9043
9050
4077
2294
9050
4855
9038
9032
3630
1553
499
1461
9027
6777
9023
9012
1923
945
9018
1863
5758
6818
9009
9012
5521
9010
9007
9008
4531
8993
8987
8983
8979
6125
4283
8989
2207
8982
2201
1547
8981
8964
2512
8970
8970
5078
8967
8960
4399
1794
5205
8955
2067
8957
8947
6877
8945
8950
8950
42
8959
8946
8944
3423
8930
8927
4077
718
3941
348
8916
8924
2573
8898
8905
675
4563
2979
3797
8898
8902
301
8884
3001
8892
8887
871
8874
4204
8877
8856
8858
8864
6634
6595
8865
8858
2158
8856
8862
8847
8855
8861
8841
8860
6888
4778
8836
8835
8831
4111
8818
8829
8811
8831
8824
8824
2204
8819
192
8821
8810
4150
8815
8807
8791
8797
8792
8780
300
884
2100
2293
128
8771
8795
8775
8770
8767
8757
1257
8761
6336
6233
8764
0
8769
8745
8751
8756
8758
8743
8740
8739
2178
1654
8722
8739
6771
2852
6441
0
8729
8694
8710
8705
8701
8705
923
8690
8701
3747
72
4269
8684
4860
8667
8663
6189
8670
8675
8677
8661
8679
2393
144
8650
8646
8660
8642
8654
3613
8653
8644
8653
3397
8635
8636
8639
8637
8629
8629
6249
4546
8628
8624
6466
8623
8624
5209
8619
8606
6027
8613
8620
8605
8600
8605
5968
8597
8587
8586
8576
4134
8579
8590
8557
8575
9
8573
6119
5652
8556
8551
6084
0
8556
8553
8557
658
425
8545
8546
8535
1338
8539
8515
8515
8523
8515
3037
8496
843
8505
8501
4099
8492
2599
2828
8486
8488
8480
8477
1315
8452
2894
366
8450
8478
8468
8471
2354
8450
8474
399
8436
8449
8426
3366
6487
8436
8444
8437
8439
8431
1913
8420
907
8433
8417
8414
8412
8416
2428
10
7
8401
445
8401
3945
8397
8408
3327
8380
3598
8387
8368
8401
2833
8373
5991
8370
8377
1969
3023
8364
8374
8377
8376
8362
5956
6284
8350
1795
8347
8352
8338
6283
2156
287
8329
8332
8329
8320
3228
5797
1776
8319
8323
8322
8312
8330
8308
8317
8311
1185
8325
8303
739
2199
4653
3786
3322
8301
8300
8307
1441
6357
8299
2710
8299
8310
6287
8271
8277
4508
5644
8281
8278
8263
8269
8270
8281
696
8259
6152
8266
8252
1570
8240
8246
4406
1577
6089
8252
487
8248
2493
8217
8241
3539
988
8208
8214
8200
1327
8201
2015
8201
8218
2087
8215
8197
1978
8192
8199
8198
4968
4350
8196
2498
8178
2648
8192
8183
4876
8165
4781
8170
8167
1763
1571
8154
4912
2053
8142
8122
5427
5474
8121
1474
8127
8126
8107
6169
3111
8122
8108
1294
3991
8107
8104
8111
8106
3253
8110
2729
5217
5257
3541
6026
8102
5893
8093
4801
8104
8097
8083
5881
8071
40
3025
2670
8076
8073
2522
8065
5791
8060
8070
8072
8059
1799
3245
8058
8046
8042
8034
8037
8044
8023
4563
8013
8038
8009
1885
5065
8009
8023
8006
8014
8014
8006
2960
8018
7999
4758
4132
7991
232
5771
4740
7999
7988
3398
7978
7985
7973
1846
7981
7968
7974
4252
7964
7956
7974
7969
7974
7969
512
5104
7969
7980
7962
5290
4039
7947
5849
7953
7941
7945
7945
7951
7934
7936
693
2118
5383
5742
7932
7916
4379
4591
7899
4418
7912
7921
2104
7914
5689
7907
7907
7891
7899
7902
1995
7899
4939
7889
1820
7885
3369
7887
4975
7848
7859
3673
2416
7862
7850
7844
7862
7846
7851
7858
1843
2029
7851
2165
7838
3512
5859
5488
7835
3290
7843
7834
7845
7835
2616
7828
4919
7821
3181
7821
7816
7823
7823
1915
2731
7816
7804
7806
1879
7807
7798
7804
7809
7794
7805
2860
7791
265
7789
3083
804
7799
3077
7793
7793
7792
1290
5826
3226
7781
7770
7777
7779
156
7765
7765
7759
7768
5367
7754
7763
7750
7750
7740
7753
1518
5529
7746
919
1595
7731
7728
7739
7716
7725
7726
7713
7727
7714
7721
1724
7710
7706
334
7693
1662
7702
7696
7690
7699
2423
7689
7691
204
2163
426
7688
1437
3185
7667
7659
7676
3685
7663
7656
7667
7651
5639
7644
7649
7646
7631
7629
7622
3852
7634
4161
5482
7632
2955
7630
7623
630
24
419
1700
7613
2812
1174
7609
7609
3443
7594
7604
7596
4301
7598
7600
7605
7599
7597
7596
7600
4881
2248
7594
3718
7594
7589
7580
7580
7583
7576
7576
7575
7577
7584
7570
7569
2207
7572
7562
7572
7579
7567
1936
7570
7557
7546
7562
7562
7560
7570
3594
7562
4616
7552
7552
7553
4387
7542
7552
1161
1678
236
7551
251
7545
7548
7539
3066
7530
7540
7529
7514
1242
7521
7535
4772
7518
7531
7516
7512
4359
7511
973
7518
7501
1
7510
466
3129
7513
7485
7493
7500
7505
7500
7496
2236
7512
7493
7496
7482
5014
7492
7489
2736
4355
7487
2232
4759
4235
2954
7474
7481
7477
7461
7475
3082
0
3034
7436
7468
7466
747
7457
7450
5510
161
7447
7436
5335
7447
7423
7436
7441
7444
7436
2089
7421
7436
7422
1505
7418
4463
7418
7423
7419
7404
7402
7406
7410
7404
1761
7389
7394
7402
7386
1022
2555
7388
122
7383
7372
5267
7389
7377
956
7371
7376
7376
7355
7376
7363
7374
7366
7358
1651
7351
3951
7355
7335
7351
2671
7332
7335
7343
7323
7332
7314
7335
7313
7317
3469
7320
7319
2292
1979
7306
7312
7294
7312
2841
2551
3963
7299
5355
7288
1280
7272
4019
7284
7279
7270
4107
7273
7265
7279
7265
0
7268
2767
3181
7269
1720
5110
7261
7257
506
7264
7259
7256
7257
7255
7251
4469
7238
7239
59
5084
7238
7237
2328
3068
7234
7221
1879
7211
7230
7233
7231
1942
7204
7207
2083
1031
516
7197
7199
4046
7191
5016
7195
7186
7193
3820
125
7175
0
4338
7187
2633
7168
1647
7181
7179
0
7171
7181
1974
7159
3801
7171
2009
7164
7149
7157
7148
7152
7144
7147
7139
7135
7148
7144
7156
7136
3027
4875
7134
7124
3696
7138
2754
2897
7104
7111
7105
7114
7104
7115
7107
7121
3462
7114
7106
7083
7100
7095
7104
7094
7083
7093
1326
4879
7073
429
7070
7077
7062
7073
7074
7063
2244
7062
7070
4704
7071
7060
7049
7069
4848
7022
7053
7059
7048
7058
7050
7041
7038
3063
7033
7034
7025
7032
7030
7029
7037
4684
7019
7028
4456
7025
7025
7026
7012
7010
3513
7013
4718
2066
136
3967
7001
6990
7005
2483
2822
0
6990
6996
6987
6993
6994
6990
6993
6992
6982
6993
473
6991
6983
6978
6976
4566
6983
6981
2411
6978
199
6977
6968
4177
6973
1806
6945
6959
6941
2321
6955
6952
6942
6948
4552
4541
6929
6948
6928
4217
6934
6931
6935
6916
6932
6914
6909
6917
3076
6918
4495
6917
6923
2982
4529
6909
6916
1579
6903
135
396
6906
2844
6896
6895
6896
2837
4496
6891
6895
6886
6888
6885
6887
6878
6876
6885
1333
6876
6885
6880
6879
6870
6864
6872
1083
6862
6873
6866
1827
6858
6875
6862
6864
571
6859
6856
6859
1821
2985
6842
6859
6839
6841
6859
6847
6833
4626
6831
6824
6828
6835
2171
3578
3962
6829
6833
6823
4843
6817
6820
1441
6818
6803
6833
6802
6792
6798
6807
3127
6802
239
6807
6800
6804
4821
6801
6795
2231
6794
6783
6787
2304
6789
6775
6788
3689
6791
4651
831
6771
229
6778
6772
3816
4363
6769
6769
6748
6772
4674
3356
6755
6750
6757
6753
6748
6760
4770
286
3533
6748
6743
6755
0
6743
2
6741
2816
3220
6735
6727
6726
6715
6720
2701
6709
6713
641
6713
6721
2108
6716
6713
6705
6714
669
6719
1643
6713
6700
6696
6693
6694
6690
6682
6687
2701
4508
6693
6690
6689
6679
1195
4424
3448
6675
162
6665
6680
6672
6672
6671
6662
6673
6679
6668
6671
6659
6665
1155
6661
6671
6666
457
6649
4132
3406
6649
6645
3348
4116
6644
6634
6624
3105
6631
6626
2308
1393
6634
6646
4689
2530
6630
6622
6626
4413
6635
6625
6599
6594
3014
6614
4193
6613
782
6601
6607
3701
6596
6607
6600
1357
6594
3163
6601
6589
6599
6607
6599
6596
6589
6600
6588
4563
432
6578
6566
1395
6581
6567
6583
760
2021
6574
3822
1975
6562
6557
6554
359
6565
1002
6549
6546
4188
6538
6539
50
6530
6539
3592
6531
6540
6528
6538
6523
6521
6527
3646
3993
3889
6501
789
6524
1551
6522
6511
961
6501
6507
0
6497
6492
6507
4218
6495
6497
6489
6500
6496
6496
2806
6487
6492
6480
6491
6493
160
6476
6498
6477
6480
6473
6469
274
6460
6472
6468
2607
3717
6458
6460
2371
1907
6466
2513
6442
2586
6439
1039
6424
1122
4494
6451
6447
6440
6451
1236
360
6442
6438
6430
6434
6433
6434
6433
6430
6427
1317
6406
3690
6418
6417
6419
2386
6421
6412
3572
6401
6423
4277
6399
6400
637
6401
6405
6400
6388
177
6395
6395
6391
6385
6373
3398
6383
2066
6382
6391
6380
6384
6386
6369
6370
6372
6374
6374
1025
3885
1612
6364
6354
6365
3398
6357
6363
6348
6355
6342
6343
6344
6322
1734
6343
6343
6338
6331
6329
6326
6334
1721
760
6334
2917
6332
884
6336
6330
6325
6324
6339
6313
29
6321
6315
6319
6313
4136
6304
6309
6305
2308
6307
1
1810
1158
6304
0
6296
3888
6290
6279
6280
6269
6275
6277
6283
6279
3554
6281
6267
81
6279
1999
6272
4017
6269
1776
6267
6259
6264
3387
6264
6256
6266
6255
3149
6264
0
4091
6248
6235
1577
6233
6237
687
6247
6242
6241
3983
6247
3336
6248
6220
6225
6222
6230
6223
6233
6223
6226
3035
6217
6231
6222
6228
2059
3192
189
6208
6209
6216
3788
6204
3843
3721
6211
6206
1067
3372
6206
2767
2620
6197
6188
3608
149
3518
839
6193
6189
6200
1921
6175
6202
6186
3769
6184
6178
3569
6183
6180
6168
3794
6170
6176
6170
6170
6170
6171
2934
6170
1450
3887
2828
6168
6167
3732
6167
6167
6165
6163
6159
6161
6152
6160
6164
2894
6151
6144
6131
6158
6147
6155
6127
3725
6145
6147
2412
6137
6132
6143
6148
357
1729
6135
6127
6127
1776
6129
6132
6125
6124
6130
6118
6126
6129
6128
2384
6117
6122
1428
3607
6111
6123
3818
6107
679
6111
3439
6102
6106
6096
6093
6112
6098
6112
6103
6088
2023
722
1064
6094
6091
6097
6090
3379
3928
6086
2043
6089
6086
6081
6081
6078
2675
3107
6070
6088
6085
6065
13
6076
6077
4013
6059
6062
6073
6078
6062
6076
6057
6059
6054
6070
6059
1861
6055
3628
6068
6048
6052
6051
6048
6041
6052
6043
3793
6050
2042
6042
6046
3486
3146
6036
6031
3539
1078
6009
6028
6021
6019
6016
6022
6022
290
6029
6019
6006
952
6021
6005
6011
2688
6003
6007
3965
6004
5999
6006
2508
6003
1
249
3184
5991
5992
5983
2838
5993
5994
5990
5998
5990
5997
5987
5989
5986
5989
5989
5984
5970
5990
5977
5988
5979
5980
5981
5972
3360
5974
5970
5958
5958
5958
5952
5964
5955
5945
5958
1305
818
3469
5956
5944
5932
5946
3392
2699
1342
5951
5939
5934
5935
5935
5928
5939
5927
5931
5923
3546
5925
5922
5912
1101
5926
5914
5909
34
5916
5912
3810
5899
5932
5903
2234
3791
3271
5908
5891
5914
5908
5895
5898
5899
5894
5912
1440
5886
3460
5906
1903
5897
5902
5898
5884
3603
5885
1197
5887
5883
5887
3130
3541
5888
5867
5882
3124
5868
5881
5861
5858
5843
5865
5842
5857
3829
5853
5862
5853
5855
5866
775
5844
5854
1877
5855
5863
5852
5845
1311
5853
5840
5845
3911
5850
5842
5822
5833
5834
2832
5828
5825
5822
5823
5822
5833
5824
5806
5828
5815
5831
5818
5821
5808
5818
5813
5800
2761
2221
5802
5807
5805
5799
5801
5805
5798
5790
5781
5789
5787
5793
2838
5786
2149
2930
5785
3788
5782
5787
2635
5780
5781
5782
3678
547
5773
5775
5776
5774
5771
5771
5771
5762
128
5778
5765
5768
5777
5760
5770
2841
5764
5773
1921
5766
5764
5752
3484
5761
5757
5740
5752
5748
5749
5742
5746
5756
5733
5739
5741
1974
5745
5740
5742
5756
5740
1598
5739
5734
5736
5726
3268
5720
5736
1587
5725
3292
5720
5718
1444
5728
1855
3380
2437
319
5707
3382
5715
5709
5712
5704
2109
5709
5707
5697
5714
5710
5708
5701
5695
5697
2462
5686
15
5687
5664
5686
5686
5695
5687
5677
5672
3217
5675
2871
5658
5676
5654
5666
5657
5667
5652
5650
1081
5648
5657
5661
5652
5640
5654
5647
2484
5643
5645
5646
5641
554
5637
2815
726
5643
5647
2946
5643
5630
5643
5627
5622
1423
5641
5620
5620
5617
5620
5622
5617
5615
5611
5612
5612
5616
5616
5615
5618
5613
5612
5599
5597
5607
5604
999
5601
5596
1877
3045
3297
5588
5590
5585
5593
5585
5594
5595
5597
5582
5579
5583
312
5580
1423
5576
5576
5572
5574
5576
5571
5583
5571
5564
1937
5571
5560
5567
5565
5566
5580
5559
5556
5555
5552
5556
5549
5557
1515
3223
5556
5544
1750
5548
5530
5542
5546
5538
3380
936
5535
5550
5536
1685
5540
5541
5527
5529
5529
3563
5524
3025
5531
2696
5522
5532
5524
5520
2575
5524
5516
5506
5513
5518
5515
5517
5516
5512
5499
5511
576
2981
5507
5501
2366
3486
5495
702
5486
5490
3266
5481
5494
5487
5477
5487
5497
5483
5478
5477
2406
5479
5466
1787
3390
5473
5474
5471
2124
5472
5463
5464
5460
5451
5462
5470
5462
3489
5462
3295
5451
5443
5450
5457
5436
2632
5436
5444
5444
5432
5434
5432
5439
5440
5436
5437
5432
5432
5431
5431
5434
5436
5421
5437
5430
5432
5427
5422
5424
5428
5424
5424
5431
5410
807
5407
5408
5406
1465
5402
5408
5402
5383
5406
5398
5400
5404
2020
5405
5399
1558
5385
3374
5386
1350
5386
1042
5382
5386
415
3064
5382
5376
3119
5382
5377
5371
5385
5370
5381
5374
5368
5370
5375
5372
5380
5382
5365
5370
5368
5367
5363
3253
5358
5355
2916
5350
5339
5353
5352
5365
5357
5359
19
5346
5352
5353
5348
5339
5348
5354
5341
5336
5339
5334
5348
5344
5336
5333
5338
5336
5329
384
5337
5331
5316
2799
5322
2281
5327
2809
745
5321
5315
5322
5320
5304
5317
5325
2647
5314
5317
5316
1793
5306
5316
5295
5309
5297
2907
5296
5303
5297
5290
5310
817
3101
5293
5283
5299
505
5290
1881
5302
5289
1532
5285
5290
5290
5282
5276
2509
5277
5273
5268
5278
5275
5266
5272
1154
5269
5264
5264
5264
5258
5271
5254
5256
5239
2888
5249
5255
111
5253
5252
1804
5248
5252
2915
5245
5240
517
5247
5246
5248
1673
5241
2474
5249
5241
5243
2569
5239
1434
5236
2996
1194
5227
5226
5231
5228
3227
5233
5222
5232
5228
5219
1141
5219
2603
5218
5226
5217
5222
5212
2586
5227
5212
5204
5204
5216
5202
5206
5196
5210
5197
5204
5196
1765
154
5200
5198
5208
5203
5206
780
5208
5199
5005
5198
5207
1349
5195
5195
5198
5192
5195
5198
5200
5179
5195
5194
431
1176
1820
5167
5171
5172
5169
5183
5178
5174
5176
5173
5168
5182
5179
5180
5167
5161
581
1037
1219
5160
5165
5171
5162
5147
5165
1994
5156
5157
2727
5151
3197
5154
5147
2599
5143
5153
5139
5153
0
2326
2911
5137
5133
552
5133
5137
5134
5133
5124
2593
5129
5132
5119
5125
2285
5110
5131
5115
2510
5117
5103
5119
5109
5118
5097
5113
5107
5104
5109
5110
5100
5112
5107
5101
5101
5105
5103
5107
5095
0
5099
2299
5098
5096
21
1145
5096
2487
5099
5082
5093
1421
5087
5098
5090
5080
5092
5076
5090
5077
5082
2307
5076
5081
1040
1743
5089
5077
5064
5076
1989
5067
5062
5067
5074
5059
5067
5058
3073
5055
5061
5063
10
5054
37
5043
5046
5052
5041
793
5039
5043
5030
1524
5043
5048
5042
53
5038
5036
5032
5026
5037
5039
5029
5027
5032
5031
5024
5033
5034
5031
5019
5021
5023
695
5026
5018
5018
2281
5023
2064
5018
5018
5018
2350
5014
4999
5005
816
4995
2960
5011
5002
5012
2588
4999
1507
4996
4998
4992
4999
1163
4990
4997
4987
279
4993
551
23
4987
4981
4989
2076
4984
4989
189
4974
2063
4973
4985
4978
4995
1402
4983
4981
4977
4975
4969
4972
4971
4975
1457
4978
4979
4982
4979
4978
1925
4968
2311
4976
4969
1167
4963
880
4966
4968
2952
4950
4962
4960
4944
4950
1231
4944
4951
4964
4945
4948
4953
4955
4945
4946
4951
4937
4950
4941
4935
4944
4946
2833
413
4942
4923
4932
2913
11
4940
4937
4925
4922
4930
4924
4932
4929
4933
4936
4933
1110
4927
4932
2970
4930
4925
4927
4926
2632
4918
4912
4905
4919
4917
4908
4918
4919
4909
4913
4906
4906
4902
4919
4910
4904
4889
4903
1612
2479
4901
4902
2910
4893
4891
4896
4894
4894
4897
1964
1293
4876
4888
4883
4881
4880
2266
4885
1247
4884
116
4884
4879
4871
4871
4873
4872
4874
4874
4871
4866
4860
4860
4858
2488
4849
4856
4864
4865
4856
4854
4849
4848
4852
875
4848
4857
4855
4856
4849
4850
4842
4844
4843
4836
4842
4831
4834
4835
1488
4833
4833
4818
1683
4824
2302
4827
4819
4828
4825
4824
4812
1721
4825
4822
4837
4820
4819
4813
1953
4824
2878
4810
4826
2641
4806
2398
4810
4809
4808
4803
4811
4799
4792
4802
1622
4803
4799
4790
4798
4788
4793
2297
2547
4798
4803
4797
4782
4787
2690
4788
4789
4781
4784
4780
894
4782
4788
4786
4784
4781
4774
4783
4770
4778
1739
4772
4764
4773
4764
4777
1283
4766
4765
4762
4772
795
4758
4758
4758
4761
4763
4757
4753
4758
4760
4749
4750
4757
4762
4749
29
4749
4747
4740
4750
4743
4737
4745
4754
4729
4746
4735
355
4739
4737
4738
4752
4733
4735
4733
4733
4732
4730
4729
4722
4727
4733
4732
4731
4731
4734
4725
4721
4721
4726
1355
4713
4722
4721
4713
4712
4709
4718
4708
4716
4716
4707
4720
5
4706
4715
4692
4707
4712
4710
4714
4709
4704
4709
4703
1224
4697
4706
4699
4704
4704
1677
4693
4694
4704
4700
4703
1770
4697
4700
2167
4696
4699
1669
1318
4702
4695
4678
4699
4692
4686
4700
1603
4681
4704
50
4685
4675
4693
4687
2513
4669
4684
2156
4668
1602
4673
4672
4668
4674
4668
4664
2519
4669
4668
4663
2371
2141
4664
4660
2046
4663
4657
4659
4654
4664
4650
4663
4650
2268
4663
4645
4658
2163
4650
4646
584
4643
4641
4647
4640
4641
4636
4627
4646
4633
4635
4640
4618
4635
4620
4625
4619
4628
4619
382
1412
4626
4624
4624
4619
4622
4629
4620
1093
4615
4611
4612
4610
4609
4603
4609
4604
4611
1894
1854
2508
4613
4614
4594
4601
1630
4601
4603
4594
4590
4592
2181
4597
4582
4591
4589
1434
4587
4603
1429
4584
4578
2081
4585
4584
2534
4585
1717
4583
4587
4580
4576
112
4569
4573
4573
4579
4577
4565
4575
4578
4571
4565
355
4564
4570
4562
4558
4566
4561
4569
4565
4558
4555
4550
4549
4557
4558
4561
4555
4549
535
2461
4533
4550
4543
4555
4546
4539
4544
4544
4536
2173
4539
4551
4537
4538
4545
4528
4542
4532
4537
2395
1724
2601
1223
4525
4515
4536
1266
4511
23
4514
4519
4523
4519
2034
1505
4521
4515
4524
4522
4523
4523
4497
4519
4517
4515
4515
4512
4505
1212
4515
1447
4518
1860
4516
4511
2534
4517
4501
4499
1575
4511
4495
2562
4506
856
4486
4498
4486
4492
4499
4493
4496
4485
4488
4495
261
1640
4484
4486
4478
2387
4484
4483
4478
4485
1586
4478
4484
4479
4471
4483
1366
4479
4468
2406
1517
4469
4467
4465
4466
4467
4476
4466
4464
4465
4458
4463
4459
4469
4453
4453
4462
2315
4453
4453
4457
4454
4456
4453
4450
4442
4446
4450
4444
4444
4447
1823
4445
4435
4456
4443
4441
4446
4445
4446
4443
4430
4436
4435
4443
4439
4434
4433
4435
4419
4430
4430
4423
935
4427
4428
4428
4420
4426
4430
4422
973
4440
4424
4417
4423
4420
4425
4404
2394
4416
4421
1489
4418
4415
4409
4401
4407
4403
4401
4403
4407
4396
4403
4398
1538
4399
933
4398
4400
4408
4399
4397
4395
4406
1312
2103
4397
4391
4388
4388
4384
4380
4378
4385
4383
258
4379
4380
4386
4377
4387
4384
4379
986
2082
996
1412
4378
1259
4371
1815
4377
4362
4374
2324
4369
4362
4369
4372
39
1256
4364
4363
4368
4365
4364
4363
4361
4356
1380
4362
4359
4355
4358
4337
4344
4352
663
4356
4348
4345
4360
4353
4345
4349
2308
4354
4356
4352
4351
4350
4346
1994
4342
4337
1032
4337
4333
4337
4334
4335
4337
4327
1609
4326
4335
2262
4320
4334
4329
4326
4313
4328
4322
4323
4323
4324
4331
4323
4322
4312
4312
4317
4314
4313
4320
4321
4318
4311
48
4315
1823
2191
4305
4298
4299
4306
4306
4302
4295
4295
4294
4296
4294
4292
1110
2259
4295
4291
4295
4297
4286
4293
4295
566
4291
4277
0
26
4293
4286
4290
4282
4283
4285
4290
4285
4286
4277
4284
4279
4278
4286
4264
202
4271
4274
4279
4271
4279
1158
4270
4250
4275
4271
4273
296
4266
1416
4266
4260
2260
1554
4261
4265
4253
4263
4249
4253
1617
4263
4258
2001
4251
4252
4249
4254
4234
4246
4244
4245
4242
4243
4252
1434
1897
1037
4248
4244
4250
4229
4240
4245
4237
4242
4236
4226
4238
4230
4225
4228
4221
4228
4222
4234
4232
2284
4218
4220
4218
4225
4226
4226
4211
4207
4206
4221
4204
4208
4217
4217
4213
4206
4211
4214
4209
4215
4205
4210
4199
4202
4208
4201
4196
4203
4191
4187
4202
4200
4195
1551
4192
4200
4195
4201
4169
4190
4193
4173
4187
4186
4178
2816
2100
4182
4185
4182
4176
4167
4182
1514
4167
4165
4176
4167
4158
4178
4166
1943
4179
4169
4174
4165
4171
4157
4170
4158
4162
4164
4161
4168
1677
4166
4166
4166
4166
4151
4166
4164
524
4158
1488
4146
4163
4158
4152
4157
4155
4151
4148
4148
4147
4148
4162
4141
2005
4154
4156
4156
4150
4150
4140
4149
2200
4149
4147
4142
4128
4140
4134
4145
4132
1859
4140
4137
4136
4128
4133
1062
4127
4134
4130
600
4129
4121
4123
4121
949
4123
4117
4119
4111
4116
4127
4120
4118
1473
4119
4113
4108
4110
4104
9
4101
4114
4098
4109
4106
4109
4099
4109
4089
4104
4107
647
4103
4108
4102
4095
4099
956
4101
2162
4096
4085
4092
4089
4094
4090
4098
4086
4089
4103
4088
4098
4087
4091
4084
2092
4087
4097
4091
4090
4092
4079
4078
4073
4072
4079
4077
4079
4076
4054
4067
4070
4068
4064
4063
4076
4064
4063
4069
4065
4063
4060
4068
4067
4048
2087
4054
4060
4063
4063
4055
4059
1331
4056
4052
4054
4057
1473
4045
4056
4053
4049
4052
4049
4050
4044
4053
4046
4044
2070
4046
4049
4051
4047
4046
4048
4045
1099
4052
4038
4031
1529
4029
4030
820
4028
4033
4038
4026
4022
4037
4030
4019
4029
4031
4029
4027
4024
4026
4023
4017
4026
4015
4021
4020
4014
4013
4010
4010
4017
4020
1824
4012
4003
777
4015
4012
4016
4006
4005
4006
4009
4004
3995
3997
4004
4015
4003
3993
4002
3995
3999
3998
1433
3990
4003
3998
1044
3995
3993
3995
4000
3991
3990
3979
3984
3980
769
3984
3983
3972
1851
3980
3977
3982
3984
3984
3984
3975
3984
3967
3979
3977
3982
9
3973
1552
3976
3972
1939
3949
3961
3958
3972
3970
3974
1056
3960
3965
3968
1997
1134
3967
3959
3962
3956
3960
3955
3958
3952
3953
3961
3959
3962
543
3952
510
3948
3945
3949
3951
3943
3952
3938
3932
3950
3951
3940
3938
3944
3941
3939
3934
3938
3933
3936
3937
3931
3937
3937
3912
3933
3926
1448
3932
3921
3914
3934
3928
3928
3922
1593
3926
3918
3919
3913
3927
3915
3923
3912
3924
1646
3924
3908
1817
1972
3919
3913
3918
3912
3904
3912
3899
3909
3905
3906
3906
3905
1909
3900
3900
3904
3895
1567
3898
3894
3904
3897
3891
3888
3892
3880
3888
3885
3890
3888
3882
3891
3888
3883
3891
3886
3884
3881
3889
984
1708
3881
3872
3883
3878
265
3871
3874
3873
3873
3873
3868
3869
3869
3871
1764
3872
3872
3863
1161
3859
3861
3865
1442
3865
3854
3861
3862
3860
3859
3852
3856
3857
3860
3840
3856
3853
3852
3848
3868
3858
3844
3830
1521
3846
3849
1900
3854
609
3847
1438
3847
3846
3861
3845
3853
1423
772
3851
3849
3839
3843
1420
3846
3818
3843
3835
3839
1548
3833
3834
3828
3831
3829
3833
717
3831
1226
3847
3824
3826
1633
3827
3823
3825
3824
3816
3824
3822
3817
534
3815
3829
3827
1012
3815
3817
3820
3811
3811
3820
3816
3816
3814
3810
3815
673
3803
3807
3808
3800
3806
3805
1866
3808
3801
1678
3800
3800
3801
3801
3799
3804
3793
1794
3793
3795
3802
3799
3796
3795
3787
3792
3793
3798
3804
3788
3788
3801
3791
3787
3772
3792
3781
665
568
3791
3791
3780
1833
3782
3782
3783
3789
3787
3794
332
3779
1732
3773
3782
3783
3783
3775
3776
3762
3757
3778
3773
3770
3775
3775
3769
3787
3768
3773
3772
3756
480
3767
3770
3770
3774
3765
3771
3767
3771
3768
3762
3769
3764
3760
3752
3764
3764
3761
3748
3757
3761
3767
3756
3751
3771
3756
3756
3730
3750
3756
3743
3756
267
3750
3742
3747
3745
3750
3744
3746
3737
3747
3739
3740
3739
3740
3725
3742
3737
3732
3742
3738
3731
3717
3742
3731
3741
3738
3729
3730
3734
3739
3728
3734
1212
3727
3725
3727
1056
3728
3732
3588
3735
3730
3722
3724
3721
3727
3728
1003
3719
3711
3718
3721
3717
3715
3719
3710
895
371
3706
1315
3718
3712
3705
3713
3699
3717
3702
3698
3707
1661
1220
3710
3691
3696
367
3701
3697
3694
3700
3697
3701
3699
3699
3686
3701
3696
3699
3692
3698
3687
3693
3694
3691
3694
3694
3696
3690
3682
1012
640
3688
3691
3697
3685
298
3692
3687
3690
3679
1743
3688
3683
1574
3679
3683
872
3681
3670
3680
3665
1217
3672
3678
3674
3668
3673
922
3676
3663
3668
3686
3661
3666
3672
3667
3660
3658
692
3663
3663
3663
3656
3658
3649
3647
3649
3655
3654
3655
3645
3648
3641
3654
3650
3643
1688
3647
3641
3646
922
3637
3646
3646
3645
3634
3637
3640
3640
3636
3639
3628
3642
3628
3637
3619
3637
3633
3635
3632
3625
3630
3621
3623
3630
1170
3623
3621
3627
717
3621
3625
3623
3618
856
3619
3625
3621
3618
935
3614
3612
3615
3615
3610
3610
1174
3610
3613
3617
1231
3613
3613
3604
3609
3597
3612
3607
3607
3605
3608
3602
3602
3606
3598
3600
3606
3606
3590
3605
3602
3603
3608
3598
3600
3599
3597
3592
3596
3594
3600
1078
3599
3599
3592
897
3602
3598
3595
3588
3593
3597
3587
3585
3588
3585
3584
3586
3588
3583
3595
3584
3589
3588
3573
3581
1171
3581
3580
3578
3568
3575
3566
1243
3570
3567
1037
3568
3572
3568
3568
3571
3574
3568
1576
3562
3556
867
3562
1148
3564
3559
3569
3564
3563
3564
3543
3558
3557
3556
3562
3557
3548
3541
3545
3540
3553
3548
3551
1046
3549
1181
3551
3551
3543
3550
3544
3548
3547
3540
3545
3545
3543
3537
3535
3535
3541
3542
3540
3534
3532
3536
1218
3532
3525
3523
3528
3526
3532
3522
3517
3524
3537
3521
3523
3526
3523
3522
3525
3512
3526
3515
3519
3520
3520
3516
3509
1325
3516
3514
3527
3512
3508
3515
3509
3509
3512
3502
3511
3512
3509
3507
3519
1233
3507
3508
3510
3512
3507
3505
3507
3497
3504
3508
3503
3503
3510
3495
3501
3497
3499
3487
3493
3503
3498
3494
3493
3493
3486
3501
1287
3492
3491
3497
3488
3484
491
3487
3489
3477
3484
3481
3486
3483
3481
3483
3484
3481
3472
3470
3479
3478
3489
3479
3482
3476
3477
3486
3476
3483
1355
521
3478
3473
3473
3466
3475
3474
3470
3468
3467
3474
3471
3474
3458
3464
3468
3455
3463
3457
3449
3461
3451
3460
3462
3461
3461
3464
3458
3451
3461
3454
3453
3456
3452
3460
3451
1438
1060
352
3446
3453
3451
3453
3445
3451
3450
3450
3448
3447
879
3443
3446
671
3448
3447
3436
3441
3449
3445
3441
3446
3439
3439
3434
3445
3438
3445
3436
3437
3440
3433
3428
3439
412
3438
3433
3440
3437
3433
3434
158
3431
3436
3428
3420
3430
3425
3429
3423
826
3410
3421
3423
3416
3426
3421
3422
3424
3425
356
3424
3413
3419
3424
3415
3422
3407
3406
3418
3417
966
3411
3410
3417
3413
3416
3411
341
3406
3407
3412
3409
3397
3409
3403
3386
3406
3406
3410
3392
3408
1130
3402
1363
3402
3401
1219
3394
3397
3392
3394
3400
3402
3390
3385
3390
3398
3385
3389
3397
3394
604
3391
3388
3381
3391
3393
3391
1135
3389
3391
3383
3385
3387
3385
3384
3390
3384
3390
3382
3379
3379
3379
3379
3370
1759
3377
3377
3380
1279
3379
3390
3372
3372
3367
3374
141
3377
11
3373
3369
3372
3361
3359
3369
3364
3371
3372
3365
3359
3366
3361
3367
3358
3353
3366
0
3361
3355
295
3362
761
3365
3368
3356
3360
3359
3359
3359
3353
3364
3345
297
3358
3350
3360
3353
1293
3344
3351
3348
3350
3354
3357
3347
3340
485
3350
1272
3352
611
3348
3352
3342
3343
3332
3337
3347
3339
3341
3338
3337
262
3331
3336
3335
3338
3333
3337
3331
3333
3335
3333
3332
3331
1055
3337
3332
3334
3328
1097
1248
532
3330
3321
3318
3325
3318
3323
3324
3323
3316
3321
3318
3322
185
3324
3317
3323
3317
3309
3315
3320
1098
3313
3312
3310
3309
3317
3314
3314
3310
3311
3308
3316
3312
3315
3306
3305
3310
3301
3301
3307
3292
3303
3306
3303
1261
3297
3305
3302
3293
1285
3299
3297
3294
3298
3300
3295
3300
3287
3296
3297
3292
3290
3300
3298
3290
3303
3300
3289
3285
3291
3291
3287
3290
3286
3283
3286
3289
3274
3281
3277
3278
3282
3277
3278
3278
3265
3274
3276
3281
3268
3280
3268
3277
3263
3274
3258
3267
3277
3268
3271
3264
3270
3266
542
3263
1303
3269
3271
3266
3252
3268
3266
3263
3263
3268
3258
3268
3270
3265
3262
3263
3262
3260
3261
3262
3258
3257
3260
3261
3263
748
3254
3251
3261
3253
3248
3255
3253
3261
3251
3249
3260
1174
3249
3251
3249
3249
3253
3252
3239
3246
3247
3250
3250
3242
3247
3240
3242
3241
3250
778
3224
3243
44
3243
3243
1153
3240
3238
3249
3235
3238
3243
3239
3244
3244
1293
3232
3241
3232
3248
3238
3243
3237
3236
3239
3239
3232
3229
3232
3233
3241
3240
3232
872
3232
3227
3233
3228
3232
1017
3228
3232
3231
3225
3224
3232
3219
3229
3209
3221
3224
3225
3229
3224
3221
3218
3226
3209
3213
3215
3202
3216
3204
767
3215
3211
3214
3212
3213
3216
3210
3216
3213
3212
3216
3215
3212
3206
3207
381
3199
3210
3209
3209
3201
3205
3205
3196
3207
3194
3197
3196
3195
3196
3195
3193
3197
3194
3198
3171
540
3203
811
3198
3193
3192
3187
3192
3181
3195
3193
3192
3188
3193
3188
3183
3181
3182
3185
3179
3175
3180
3180
3180
3177
3177
3184
3181
3185
692
3173
3177
3182
3183
3172
3174
3180
3170
3178
3174
1100
3165
3168
3169
3162
3168
3176
3172
3168
447
3170
3169
3168
3172
3165
3168
3170
3154
3164
3160
3162
3168
3160
3159
3157
3159
3154
3162
3149
3156
6
3155
3155
3151
3151
3147
3149
3154
3145
3151
1198
3144
3154
3153
3151
3150
3153
3147
3148
3149
3148
3143
3148
3139
3149
3146
3152
3149
3142
3142
3141
819
3134
3143
3146
3139
3133
3134
1181
3136
3137
3136
3142
3132
3132
3136
3135
3137
3134
3130
247
3127
3126
3132
3130
3134
3134
3131
3133
3128
3130
3134
3131
3129
3133
3129
3123
3124
3129
3123
3130
3130
3128
1064
3126
3128
3116
3119
3124
3124
852
3120
3124
3118
1055
3120
3113
3122
3118
3115
3112
3114
3115
3114
3117
3118
3117
3121
3115
3118
3115
3111
3111
3090
3101
3108
740
3103
3114
3108
3111
3106
3110
3102
3100
521
3105
3098
3104
3103
1092
3087
3104
3100
3094
3101
3090
3096
3097
3089
3095
3091
3097
3096
3099
3091
3090
3085
3086
3086
3092
3091
3092
3080
3087
3091
135
518
3087
3087
3090
3089
3080
3084
3095
3086
3088
3078
3076
3077
3082
1055
3070
3074
3075
334
3076
3079
3077
3077
3085
803
3074
3076
3076
3076
3081
3069
3070
3073
3076
3069
3068
3071
3073
3074
3071
3071
1011
3064
3067
3064
3071
3074
3067
3070
3064
3065
1085
3061
3066
3071
3072
3067
3063
3065
781
3065
3065
3060
3052
3057
3061
3063
3048
3057
3049
3060
3054
3052
3065
3052
540
3056
3060
3060
3051
3048
3051
1113
3053
3051
3060
3054
3059
3054
3047
3051
3045
3052
3044
397
3043
3056
3043
3047
3046
3044
3041
3045
3039
3039
3041
3038
3027
3038
3043
3037
3039
3031
3033
3026
3025
407
3035
3031
3036
3036
3036
3036
3026
3029
3031
3029
3025
3030
3026
3031
3028
3027
3028
3027
3017
3025
3014
3018
3006
3021
3021
3019
736
3018
3013
835
3022
3019
3014
3016
3020
179
3014
3019
3012
3016
3012
3008
3009
569
3009
3014
3001
3001
927
225
3004
2998
2991
3004
3006
3007
3006
3002
3000
2998
820
2997
3001
2988
3003
2995
2990
2983
2994
2992
2990
2993
2996
2990
2988
2991
2992
2988
2989
2986
2989
2980
2983
2985
2974
2988
2982
2982
2987
2990
2986
2986
2985
2983
2983
2985
2982
2978
2980
2979
2973
2985
2977
2982
2980
2979
2981
876
2972
2975
2969
2979
2976
2969
2966
2963
2975
2967
2960
2967
2971
2976
2969
2957
2967
2970
2956
2965
2968
168
2965
2961
2959
2955
2958
2957
2967
2955
2960
2952
2952
2960
2967
2962
2956
2964
2951
2956
2952
2958
2955
2960
928
2956
2954
2948
2951
2954
2945
668
766
866
1000
2952
2949
2946
2952
2954
2953
2939
2954
2952
2939
2949
2945
2944
2951
2937
773
2942
2947
2948
2946
2949
2946
2949
2944
2948
2938
2928
2940
2945
2948
2928
2938
2931
2935
2927
512
2932
2936
2934
2938
2933
2939
2930
2919
2936
2931
2937
2933
2931
2923
2929
2925
762
2926
2928
2917
2923
2922
2926
410
2923
2921
2923
2919
2930
2917
2922
2917
2914
931
2919
2916
2908
184
2910
2909
2913
2908
2908
2907
2912
2905
2912
2908
2903
2898
2901
2901
2905
2905
2905
2909
2909
657
2903
2897
2903
2899
2906
2896
2895
877
2906
2897
2901
2902
2893
2896
2889
2878
2897
2890
2876
2896
2892
2886
2897
2882
2891
2898
2881
2888
2885
2881
2885
2886
2885
2886
2887
2885
2881
2875
2886
2890
2880
2884
2879
2882
2877
2877
2881
2880
2882
2881
2874
2882
2880
2870
2877
2877
2879
2869
2870
2877
2868
2865
21
2878
2867
2876
2866
2867
2878
2856
2865
2864
2876
2869
2869
2871
2865
2862
2865
2867
2864
2858
2862
2860
2856
2858
2861
797
2855
2861
2858
2862
2859
2858
2858
2856
2853
2839
2856
2855
2855
2840
2864
2858
890
2858
2857
2852
2848
2855
2852
2848
2851
2852
2844
2851
2845
2856
2841
2846
2843
2844
2850
2835
2841
2845
2844
2837
2837
2843
2830
2839
2832
2838
2837
2841
2833
2840
2834
2840
2837
2833
2828
2832
2833
2834
2831
2836
2833
2836
2828
2828
2829
866
2824
2827
2825
2833
2820
2828
563
2824
2828
2826
2829
421
2826
2826
2821
2818
2817
2820
2822
2817
2821
2813
2822
2813
412
2815
777
2816
2821
2818
2819
2815
2812
2816
2818
2817
2808
2816
2810
2810
2807
2809
2816
2814
2803
2807
2806
2812
2803
2805
2805
2803
2806
2806
2799
563
738
703
2794
2792
2799
2793
2798
2796
2798
2801
2801
2797
2786
2789
2791
2789
2796
2792
2788
2791
2797
2795
2793
2785
2789
2784
2790
2782
2784
2787
2791
2779
2780
2778
2784
2783
2787
2784
2786
2784
2790
2784
2783
2777
2782
2783
2767
2783
2778
2781
2783
2769
2779
2776
2782
2777
2772
2779
2775
2777
2762
2773
2771
2778
2777
2778
2779
2776
2774
2777
2776
2770
2773
2769
2768
2768
2765
2771
2771
2764
2755
2769
2762
624
2764
2759
2762
2758
2750
2745
2758
2754
2753
2756
2757
2746
2750
2748
2737
2750
2741
2749
2742
2744
2746
2751
2750
2751
2748
2737
2737
2750
2743
2746
2744
2743
2744
2740
2739
2742
2746
2733
2744
2737
417
2741
2734
2743
2746
2738
2744
2742
2735
2739
2735
2736
2738
2736
2735
2729
2730
2732
2741
2737
2738
2737
2739
2728
2734
2733
2734
2729
2729
2726
2727
2728
2729
2724
529
2736
2731
643
2729
2727
2720
2723
2717
2730
2723
2725
2724
2720
2724
2726
2721
2704
2720
2725
2721
2712
2712
2725
2714
2719
2710
2715
2715
2715
2716
2713
2715
2715
2717
2707
2710
2711
2706
2709
2709
2711
2708
2705
2703
2710
2707
2702
2711
2706
2707
2702
2708
2702
2704
2708
2700
2695
2704
2696
2708
2705
2702
2701
2703
2697
2691
2691
2699
2697
2694
2691
2690
2692
2690
2691
2691
2692
2691
2694
2681
2696
2687
2693
2686
2688
732
2688
2691
2691
2692
2682
2683
83
2688
2694
2687
2688
2687
2687
2682
2686
2679
2685
2688
2684
2685
2679
2681
2686
2680
2682
2678
2681
2672
2678
2677
2675
2679
2674
2682
2672
2679
2670
2677
2678
2671
2674
2681
2678
2682
2668
2672
2679
2677
2672
2669
2673
2676
2671
2667
2674
2671
2674
2671
2674
2671
2666
2674
2663
2674
2669
2671
2667
2662
2658
60
2663
2656
2658
2656
2659
2662
2659
2664
2659
2657
2659
2664
2655
2660
2649
2656
2659
2658
2657
2650
2637
2651
2645
2651
2653
255
2653
2648
2651
2653
2649
2650
2642
2653
2653
2641
2642
2647
2649
2649
2650
2646
2636
2644
2649
2637
2639
2632
2644
2643
2644
2639
2627
2642
2642
319
2641
2646
2640
2647
2642
2639
2639
2635
2640
2642
2639
2639
2640
375
2617
2629
2636
2635
2639
2639
2632
2631
2637
2633
2633
2633
2632
2631
2632
2631
2633
2628
2631
2625
2623
2633
2626
2632
2627
2627
2628
2628
2626
2629
2625
2629
2630
2629
2626
2626
2620
2626
2621
2618
2620
2620
2619
2627
2620
2621
2621
2619
2624
2620
2621
2622
2617
2620
2622
2617
2617
2620
2613
2615
2618
2622
12
2614
2617
2612
2626
2619
2609
2616
2615
2607
2607
2614
2610
2613
2614
2612
2615
2610
2605
2613
2611
570
2607
425
2605
2606
2603
2601
2608
2603
2604
400
2603
2604
2603
2608
2602
2603
2599
2606
2599
2600
2596
2606
2606
2598
2602
2604
2600
2602
2596
2596
2603
2598
2602
2604
2599
2593
2595
2599
2594
2604
2604
2601
2597
2590
2600
2595
2594
2591
2596
2594
2592
2598
2596
2590
2597
2595
2593
2595
2592
2589
2593
2587
2593
2589
2594
2588
2585
2590
2580
2588
2584
2586
2589
2590
2581
2585
2587
2589
2596
2582
2585
2581
2587
2589
2577
2590
2582
2577
2574
2576
2575
2580
2574
2575
2579
2575
2573
2571
2576
2576
2572
2572
2566
2574
2567
2575
2572
2569
2565
2565
2570
2566
2566
2566
2561
2571
2569
2565
2571
2563
2555
2568
573
2562
2560
2570
2561
2558
2569
2561
2563
2562
2559
2553
2564
2565
2559
2558
2559
2557
2554
2557
2554
2549
2554
2558
2553
2562
2552
2556
2544
2550
2550
2551
2547
2555
2549
2543
2548
2544
2552
2553
2553
2543
2554
2552
2549
2542
2551
2547
2545
2545
2544
2546
2540
2550
2544
2548
2534
2548
2545
2537
2546
2547
2536
2539
2540
2541
2542
2543
2537
2534
2534
2541
2538
2538
2530
2540
2521
2537
2539
2534
2541
2540
2535
2535
2536
2532
2531
2531
2520
2534
2524
2527
2530
2520
2529
2527
2533
2518
2524
2524
2522
2530
2527
2524
2528
2525
2524
2519
2530
2529
2522
2524
2526
2529
2524
2525
2525
2521
2528
2521
2521
2523
2517
2522
2521
2522
2519
2524
2515
2516
2518
2517
2523
2517
2518
2516
2518
2520
2518
2528
2518
2516
2517
2514
2522
2516
2515
2514
2511
2516
2518
2518
2515
2507
2514
2511
2513
2513
2510
2512
2513
2502
2514
2511
2503
2504
2508
2512
2511
2507
2512
2507
2513
2513
2498
2497
2504
2506
2494
2503
2497
2502
2503
2497
2505
2509
2487
2505
2502
2501
2492
2497
2500
2505
2506
2501
2505
2498
2500
2502
2499
2495
2491
2492
2497
2495
2498
2501
2490
2497
2501
2494
2500
2497
2493
2500
2494
2495
2484
2494
2493
2491
2497
2489
2496
2489
2491
2493
2497
2483
2495
2485
2486
2485
2488
2486
2485
2477
2485
2489
2490
2489
2485
2486
2487
2493
2484
2490
2488
2483
2485
2484
2486
2485
2489
2484
2484
2478
2485
2484
2486
2480
2485
2483
2483
2485
2476
2484
2477
2473
2483
2480
2480
2485
2475
2478
2475
2479
2475
2474
2476
2474
2474
2478
2476
2477
2475
2479
2472
2468
2474
2467
2472
2450
2464
2466
2468
2471
2461
2464
2468
2471
2465
2473
2464
2459
2462
2466
2467
2467
2458
2464
2467
2454
2463
377
2460
410
2461
2458
2465
2454
2457
2470
2458
2463
2462
2458
2471
2461
2458
2457
2461
2454
2452
2453
2452
2460
2463
2455
2452
2462
2454
2453
2455
2455
2451
2442
2458
2453
2449
2455
2449
2452
2453
2454
2454
2451
2451
2452
2453
2446
268
2452
2451
2455
2456
2448
385
2448
2440
2447
2444
2446
2448
2449
2442
2447
2442
2445
2443
2441
2439
2438
2444
2437
2442
2443
2448
2442
2442
2438
2441
2441
2444
2428
2437
67
2443
2428
2442
2434
2435
2441
2440
2436
2436
2428
2435
2442
2432
2432
2434
2437
2436
2440
2428
2435
2433
2434
2432
2426
2437
2434
2427
2436
2429
2428
2431
2431
2426
2426
2421
2426
2428
2425
2427
2430
2430
2434
2423
2420
2426
2424
2426
2430
2424
2418
2422
2431
2429
2431
2422
2425
2427
2428
2427
116
2422
2421
2423
2421
2430
2418
2422
2427
2423
2417
2419
2427
2428
2416
2417
2417
2417
2422
2426
2415
2414
2421
2422
2413
2418
2415
2407
2421
2423
2417
2414
2421
2414
2418
2418
2410
2413
2414
2412
2407
2416
2413
2410
2416
2419
2409
2418
2407
2410
2402
2405
2406
2406
2400
2408
2400
2409
2402
2411
2411
2408
2406
2400
2403
2405
2409
2410
2396
2402
2404
2403
2395
2405
2400
2397
2399
2401
2404
2399
2401
2397
2393
2404
2399
2394
2399
2394
2394
2388
2396
2383
2401
2393
2395
2397
2397
2392
2391
2392
2393
2396
2398
2394
2391
2395
2392
2395
2396
2391
434
2390
2384
2386
206
2379
2386
2392
2390
2381
2388
2383
2387
2389
2387
2387
2389
2386
2387
2386
2383
2380
2385
2386
2385
2382
2382
2379
2385
2384
2378
2377
2379
2379
2377
2374
2371
2374
2380
2376
2378
2375
2377
2378
2379
2371
2374
2385
2375
2377
2375
2374
2370
2370
2377
2373
2372
2370
2369
2376
2372
2369
2370
2366
2372
2373
2364
2367
2365
2373
2374
2370
2370
2363
2370
2369
2366
2357
2368
2367
2373
2359
2372
2371
2362
2355
2364
2366
2360
2358
2360
2365
2363
2368
2361
2362
2366
2364
2362
2362
2356
270
2361
2357
2357
2363
246
2357
2360
2369
2358
2355
2358
2357
2355
2352
2352
2355
2356
396
2354
2352
2352
2354
2348
2360
2356
2348
2353
2348
2354
2352
2357
2345
2351
2356
2353
2348
2355
2355
2357
2350
2349
2350
2336
2351
2348
2348
2349
2346
2344
2341
2347
2347
2349
2345
2341
2339
2349
2346
2343
2343
2344
2340
2340
2341
2338
2333
2341
2329
2333
2342
2339
2331
2344
2333
2335
2336
2337
2336
2328
2333
2333
2330
2317
2335
2333
2333
2337
2335
2333
2333
2339
2334
2329
2330
2326
2336
2330
2329
2332
2330
2331
2336
2329
2329
2327
2330
2329
2328
2335
2330
2332
2332
2326
2327
2327
2326
2326
2327
2325
2318
2327
2324
2328
2328
2324
2324
2320
2318
2318
2317
2321
2324
2323
2321
2321
2313
2325
2321
2304
2318
2325
2320
2316
2316
2313
2317
2316
2305
2312
2315
2318
2307
2308
2321
2307
2311
2307
2310
2297
2310
2313
2309
2309
2305
2312
2310
2302
2310
2305
2304
2301
2308
2305
2303
2304
2304
2308
2300
2304
2307
2306
2302
2308
2302
2307
2303
2303
2301
2304
2294
2291
2302
2302
2303
2305
2301
2295
2304
2300
2299
2287
2300
2292
2299
2297
2292
2297
2301
2296
2298
2292
2295
2294
2296
2295
2304
2293
2289
2299
2296
2289
2287
2292
2292
2295
2287
2286
2287
2292
2285
2295
2295
2293
2286
2288
2285
2289
88
2290
2287
2279
2286
2293
2286
2273
2291
2268
2280
2290
2289
2280
2282
2284
2280
2279
2275
2285
131
2275
2273
2279
2279
2281
2284
2283
2277
2280
2280
2288
2279
2280
2281
2280
2274
2280
2274
2278
2276
2273
2273
2272
2273
2274
2271
2278
2272
2270
2271
2273
2272
2268
2274
2261
2264
2258
2269
2267
2269
2265
2269
2266
2267
2260
2266
2264
2251
2265
2267
2264
2267
2260
2261
2258
2259
2264
2266
2263
2261
2265
2264
2259
2257
2255
2252
2260
2258
2259
2258
2257
2259
2262
2253
2256
2252
2258
2254
2252
2251
2256
2252
2248
2258
2250
2252
2248
2255
225
2255
2250
2248
2248
2246
2245
2250
2254
2247
2253
2244
2246
2247
2241
2245
2239
2240
2246
2244
2248
2245
2245
2246
2239
2243
2245
2245
2246
2241
2237
2237
2245
2241
2241
2241
2241
2238
2237
2245
2243
2242
2241
2242
2240
2242
2237
2239
2240
2237
2236
2236
2240
2244
2225
2232
2237
2230
2235
2235
2231
2233
2235
2236
2236
2229
2233
2219
2236
2235
1126
2228
2230
2231
2224
2228
2237
2229
2230
2232
2235
2223
2225
2228
2230
2227
2226
2231
2227
2222
2223
2226
2228
2215
2225
2219
2229
2223
2221
2221
2219
2228
2218
2222
2219
2222
2227
2218
2220
2220
2221
2225
2220
2224
2226
2221
2220
2219
2222
2223
2217
2216
2213
2220
2220
2211
2219
2212
2218
2212
2208
2212
2214
2212
2208
2218
2212
2209
2207
2200
2211
2219
2211
2215
2209
2208
2205
2209
2211
2197
2204
2209
2206
2212
2204
2196
2194
2197
2196
2205
2209
2207
2203
2203
2199
2205
2205
2204
2205
2199
2198
2202
2202
2198
2189
2198
2203
2204
2195
2198
2196
2194
2200
2193
2197
2192
134
2205
2194
2198
2190
2199
2202
2194
2193
2194
2199
2199
2194
2192
2193
2196
2194
2194
2191
2201
2185
2188
2193
2192
2190
2196
2192
2193
2193
2194
2187
2192
2186
2184
2190
2182
2183
2185
2179
2180
2185
2181
2190
2182
2178
2183
2186
2186
2181
2179
2185
2181
61
2187
2175
2185
2178
2172
2172
2180
2186
2176
2176
2180
2180
2174
2183
2179
2181
2178
2177
2181
2180
2176
2179
2181
2173
2177
136
2180
2174
2173
2174
2174
2170
2179
2177
2175
2179
2176
2171
2174
2172
94
2173
2169
2170
2168
107
2172
2170
2170
2170
2164
2168
2168
2168
2168
2168
2170
2168
2172
2169
2161
2162
2167
2166
2164
2163
2169
2164
2160
2165
2161
2165
2164
2161
2162
2169
2161
2158
2168
2153
2162
2158
2161
2165
2160
2160
2154
2162
2152
2161
2158
2159
2158
2156
2155
2159
2155
2162
2156
2155
2156
2154
2148
2157
2154
2158
2155
93
2155
2150
2159
2155
2152
2154
2153
2152
2152
2153
2153
2149
2152
2152
2155
2151
2157
2152
2144
2151
2146
2148
2150
2144
2146
2150
2150
2138
2148
2147
2147
2147
2144
2146
2147
2145
2141
2133
2144
2145
2141
2142
2139
2140
2138
2139
2141
2140
2142
2143
2146
2134
2140
2135
2134
2138
2135
2131
2132
2141
2131
2140
2133
2140
2141
2129
2137
2138
2130
2135
2137
2126
2136
2137
2137
2135
2137
2129
2129
2136
2131
2136
2135
2136
2128
2130
2125
2133
2126
2130
2129
2128
2132
2131
2128
2128
2126
2124
2121
2124
2126
2122
2128
2126
2123
2132
2126
2127
2118
2131
2122
2119
2112
2126
2123
2124
2127
2122
2117
2120
2119
2122
2122
2118
2122
2117
2119
2117
2126
2117
2116
2121
2118
2121
2114
2120
2112
2112
2113
2115
2112
2121
2116
2113
2116
2117
2116
2099
2112
2121
2112
2119
2120
2120
2120
2116
2112
2112
2114
2110
2115
2116
2113
2112
2104
2112
2113
2113
2109
2110
2110
2111
2116
2113
2107
2112
2111
2111
2108
2103
2100
2107
2104
2108
2108
2106
2111
2106
2104
2107
2102
2104
2109
20
2103
2103
2106
2101
2100
2112
2101
2108
2107
2103
2098
2100
2109
2101
2099
2101
2099
2095
2098
2097
2099
2093
2098
2105
2098
2099
2097
2093
2096
2100
2097
2096
2098
2097
2096
2101
2099
2104
2093
2097
2097
2100
2090
2094
2080
2092
2097
2090
2087
2098
2091
2093
2083
2093
2089
2086
2095
2088
2088
2092
2090
2088
2089
2087
2090
2084
2096
2086
2086
2090
2086
2085
2085
2083
2083
2086
2077
2078
2087
2079
2081
2076
2081
2078
2076
2080
2081
2072
2077
2085
2082
2078
2078
2075
2077
2076
2076
2078
2073
2078
2081
2077
2075
2076
2070
2074
2078
2068
2072
2080
2073
2075
2073
2079
2071
2072
2073
2075
2078
2076
2073
2073
2073
2068
2071
2074
2073
2065
2070
2073
2074
2069
2070
2073
2072
2072
2069
2065
2070
2073
2064
2077
2071
2067
2071
2069
2069
2063
2065
2056
2068
2067
2060
2059
2065
2060
2065
2065
2063
2060
2060
2059
2068
2070
2065
2065
2065
2066
2061
2062
2066
2065
2061
2052
2064
2065
2060
2057
2060
2063
2059
2061
2052
2059
2046
2064
2059
2061
2060
2057
2053
2059
2057
2058
2059
2055
2055
2051
2057
2056
2056
2055
2056
2056
2048
2056
2048
2053
2046
2052
2054
2053
2052
2049
2056
2052
2046
2037
2050
2050
2046
2052
2044
2044
2046
2048
2041
2048
2042
2047
2046
2047
2041
2049
93
2049
2045
2047
2045
2044
2043
2047
2042
2043
2037
2039
2039
2043
2041
2038
2041
2038
2042
63
2043
2028
2044
2044
2034
2036
2036
2036
2041
2033
2042
2040
2038
2034
2040
2033
2037
2036
2038
2036
2039
2030
2033
2032
2032
2036
2037
2033
2030
2036
2031
2032
2034
2033
2031
2025
2028
2027
2032
2026
2026
2028
2028
2031
2027
2022
2023
2031
2027
2025
2021
2028
2027
2027
2028
2016
2019
2026
2027
2024
2021
2019
2018
2025
2024
2020
2017
2026
2018
2019
2017
2022
2021
2019
2018
2017
2012
2024
2021
2020
2019
2017
2013
2019
2017
2020
2017
2014
2015
2017
2008
2018
2009
2015
2014
2011
2013
2017
2014
2018
2004
2004
2005
2011
2013
2013
2009
2013
2011
2010
2013
2013
2011
2008
2011
2010
2008
2007
2003
2005
2008
2008
2003
2007
2002
2008
2011
2004
2006
1998
2009
2003
2002
2001
1996
2000
69
2001
2003
1994
1999
2005
1999
1994
1999
2002
1992
2001
1987
1993
1996
1993
1997
2000
1995
1994
1991
1995
1998
1991
1993
1995
1991
1996
1998
1992
1993
1995
1994
1993
1991
1998
1992
1992
1995
1994
1992
1992
1987
1991
1994
1987
1991
1989
1980
1992
1990
1988
1992
1989
1986
1985
1984
1990
1992
1985
1988
1983
1985
1981
1984
1985
1985
1984
1977
1986
1983
1983
1979
1980
1981
1974
1976
1976
1982
1980
1979
1978
1982
1979
1975
1979
1978
1980
1980
1983
1980
1978
1974
1973
1974
1969
1975
1973
1976
1978
1975
1972
1971
1971
1973
1974
1971
1973
1970
1973
1972
1969
1969
1969
1963
1970
1964
1968
1965
1969
1970
1968
1966
1966
1967
1967
1964
1970
1963
1964
1965
1967
1965
1967
1970
1964
1967
1962
1962
1964
1960
1955
1958
1967
1964
1963
1955
1965
1964
1959
1959
1964
1964
1958
1952
1963
1957
1961
1964
1961
1955
1956
1956
1956
1957
1957
1953
1961
1958
1955
1950
1951
1952
1955
1955
1950
1957
1953
1957
1955
1952
1953
1951
1949
1949
1954
1956
1949
1949
1956
1950
1948
1950
1947
1947
1946
1951
1947
1952
1943
1952
1946
1948
1948
1948
1950
1949
1951
1947
1951
1947
1952
1935
1948
1949
1949
1947
1950
1951
1946
1942
1945
1947
1940
1947
1949
1940
1944
1939
1938
1942
1948
1939
1944
1941
1940
1947
1944
1936
1942
1940
1942
1945
1942
1939
1934
1942
1933
1937
1941
1941
1936
1944
1934
1939
1939
1937
1932
1937
1926
1936
1937
1940
1938
1934
1940
1929
1935
1935
1934
1938
1934
1941
1931
1930
1937
1936
1934
1925
1933
1934
1934
1932
1939
1931
1931
1937
1932
1930
1925
1927
1932
1931
1934
1933
1930
1931
1933
1935
1931
1928
1928
1928
1925
1928
1925
1929
1931
1925
