2420542630
2485133
2485133
0
532210
1570697
293666
4
15
1092
31750
12265
2334
89
33
18843118
141878
30097235
555
9968
42572
6890
27398
2147
5609
1569
1611
1011
1616
367813
11833
32
170004
2634
1650
1648
1615
1054
1012
1378
1513
991
814
1039
1350
1778
1250
935
1399
44
1593
1994
1837
352
995
613
1270
1806
367
46
1841
1544
1591
1481
1338
442
1200
1541
1878
264
887
1623
1560
1128
1382
1330
15
1467
4247
1981
1230
3433
635
821
2925
627
4603
102
32
11
7
1237
2
85
5394
318
174
27
144
127
373
280
311
188
184
3822
30
272
156
809
1
3
615
378
42
103
12
313
15
59
27
119
227
357
24
1
3
21
0
1
6
20
3
0
0
0
9
80
88
62
18
142
122
77
122
134
200
88
146
127
37
176
56698
1530
948
568
137
6
23
8
115
114
67101
23732
106
119
185
108
37
1366
3466
63
36
49
102
94
89
36
48486368
575
483
374
423
479
187
689
685
486
786
553
458
463
14285133
164
669
229
275
629
349
471
477
825
9465712
114
3976625
1725
859
54
81265
228
171
162
93
3574533
1241
56
0
4607689
5372443
5315456
916
12
5034914
5002611
4885640
4769957
4714953
307
463
252
4531245
12
686
306
44
93
4208449
472
4092822
2412548
416482
2853440
3620802
404440
144
347
11023
120
3443951
2218
3257352
1641587
89
1265
2849561
41
2982097
2228969
137
2953384
657
206
2871579
72
230
134
2790979
2692711
86
2685172
1
67
2650188
2625321
1103
2596036
1842794
51
2491760
2525040
2507087
0
2469768
2461463
2446740
2417774
2389225
38
561
176
2319177
406
40
2200554
1340832
1
469
401
0
2133947
135
2080701
563
2058427
2057385
1204460
157
2022777
1552255
102
209
1922075
1909258
159
68
1849162
1844256
1841497
32
1821214
1094004
1784200
0
166
1750728
103
1726634
171
1722320
130
1599208
1689759
1682349
1635589
1670598
1658300
14033
1623484
123
4123
1612032
64
61
39
96
101
1540338
198
3445
1528352
1520114
692
157
1502858
91
1492413
1440892
1484587
1124341
49
844927
1457573
1456156
1085692
1432110
1750
1425536
490
62
1394000
219
1381852
491847
1372552
1357162
1344675
124
1331468
3402
1318287
367
1308361
4
38
1243627
591
1246862
1245617
193
1042750
108
39
170
18
1187950
4046
13327
333
975
1947
1131921
1131098
54
1109002
1118158
164
1104668
219
1097911
70
1082883
1076896
234
1073323
1070250
153
66
0
1053761
1011947
1052897
604
120
43
91
2764
530
227
1028678
176
1021096
1018693
704092
1006606
1003151
1002795
988816
966785
964385
2345
957640
950640
518286
678976
943157
936
929102
920883
31
113
897290
894592
111
416148
733574
102
114
852455
465443
846201
843444
842684
833431
893
827959
823247
11964
780215
749476
797903
51
61
790284
75
772803
605562
18
16
759221
750870
743819
58452
738466
5
70
62
733284
25088
728054
725054
717207
716029
0
505358
703575
694337
35
122
2857
687008
686619
683879
685016
0
108
665062
579
659791
654491
656033
649469
136
18785
637295
630550
633401
632538
255
54
624797
82
613448
55
1318
632
585545
609523
604413
603328
115
149
149
588910
18098
587143
1
98116
576342
269022
579622
57
49
163
26
70
349
564326
4082
559461
555644
550240
115
545698
290
533602
535975
265
535193
529193
528474
1152
525432
125
520784
519848
164
511471
502889
494638
456463
494953
274073
492310
491199
488222
488120
325
483003
482643
64
114
4753
0
283076
146
17
469512
91
462495
461528
459856
93
488
458862
458587
457207
328
52
454211
1
452940
119
448774
433710
444137
139
442375
440566
415297
438174
0
46
395381
219999
430963
420549
179796
428325
427820
427710
426236
422036
419993
418656
416230
414983
241
59
409420
175
405287
403841
402829
401554
43
114
223100
398165
398177
384859
396711
898
395360
395200
391997
391079
389315
385531
387140
386773
76
384274
205
156
381861
381125
379467
379146
803
863
369563
371687
370701
369928
59422
21
861
17890
358265
359888
359125
359012
1
139
231160
350735
6
348774
65
346869
314858
344200
295023
343173
141453
338780
338203
337243
111
336658
335804
335521
334872
319018
331453
330825
203707
329290
328921
328188
327404
327404
15928
296161
323052
224715
164
321148
313366
284
131
319823
297
317864
317804
317515
317253
316621
315762
311749
474
310733
309693
119
91
308083
307164
306622
306243
305135
305539
304227
191
301131
300660
299903
298100
297450
297703
296101
212
294709
290909
291438
290295
289161
288973
287301
38
284698
266155
285442
284439
785
2326
110
281238
74
273460
32
272249
271030
270720
223
269499
269181
268247
264288
104
266460
265932
258774
242
263364
64
261539
260147
259781
258136
235383
252747
93
249472
0
219971
14
247358
20
246763
39
244215
243431
243214
243142
182
878
211407
89
85
42
100
239649
157747
1814
237565
96085
26951
232917
287
1
112353
231431
230557
230035
145
228383
227621
227407
0
447
226684
110
226378
27
171623
223496
221346
220138
219866
219756
150
219399
17
219220
45
126201
502
216481
216028
215717
604
214816
214361
147
213104
174311
1048
211221
210377
27
210328
395
209267
208308
11440
206085
205980
104637
205557
204568
45
204089
200984
203912
4916
42
649
201804
200367
201386
201165
201067
131
178841
198511
198249
23
198019
198245
87
197501
196952
196470
196457
195191
194908
194487
139804
193778
71
193630
193196
158
192364
386
191296
191279
64
190905
102
843
188867
188719
127226
188622
188601
188523
188529
226
118179
535
187203
186888
91
185317
184365
279
182684
181979
181910
181903
181126
181014
177572
180494
180353
180356
179800
130485
179441
179321
179250
179064
486
177963
140
177089
69
175612
174349
2
173890
173667
173689
131
124625
42905
171024
170722
170204
168633
138560
182
168076
167686
60
165747
165355
164923
157
164226
163489
162955
162458
162223
157788
159702
140823
159256
123
1230
1723
157616
157552
16
157173
156697
156114
155733
79
154895
2764
129777
152104
1077
152003
11
66250
125
149585
149184
148790
68
148378
148367
148249
147497
126202
146283
146002
145338
97
144468
144027
14084
143364
143068
125
142789
141881
141651
141431
140778
140566
140466
130160
66
139313
139065
139055
139007
138287
138087
137903
111
104915
137339
137410
137019
87
2304
136544
136362
136147
1814
135295
189
134616
58433
134559
134281
134010
133717
133630
133441
133482
133056
37
132138
538
132026
132054
131145
130928
129696
129460
129419
128996
128972
128653
128916
128677
128583
72
23
128022
60
127787
127744
127494
127417
119611
126185
125414
135
18
125470
125526
36
124532
124141
124314
124075
123971
112343
123615
123535
123350
122798
122509
122412
122145
121856
121495
121393
121021
226
120530
523
120458
120351
120089
119596
119423
119352
119274
119271
118509
42
78
118139
117906
117862
117178
117012
117003
50
147
116716
84
116452
116282
1703
115308
115313
136
115176
114294
448
113960
113897
113781
113784
113353
113029
112947
112608
90
112291
111860
111674
111487
99
111182
109262
49
109483
109314
66
42
108952
2
206
5816
107681
107493
107461
107418
107166
107191
106876
106869
106537
106333
106308
106208
106198
95244
106073
105894
105817
105766
105743
105644
562
104929
104637
103280
103882
103648
103517
103274
103043
102821
102707
102679
165
102539
41393
101934
102074
1616
102084
102064
117
101863
101861
101625
100889
100917
98684
100078
99996
99949
99749
99630
2092
99165
98898
98840
217
98696
98555
225
97530
24017
97474
97283
97155
90490
96539
96643
96506
7
10
94406
95673
95133
94946
94775
94287
94074
93805
93688
26384
93432
93388
93347
73040
244
92629
92538
92362
92092
91961
91912
91982
91888
91840
91593
91529
91510
91466
380
91294
74
91054
90978
90936
90768
90702
90330
90098
90038
89909
89640
89612
89585
89525
89344
170
89333
89136
1967
88918
409
88767
88623
35604
88403
0
88282
88206
30958
87581
87363
87298
87224
86828
86927
86940
86927
86888
86704
86647
86282
86235
86105
13
85989
50005
85876
85552
85461
85355
84183
69
44
85229
84907
84911
72877
84857
84775
84726
84644
72
84528
84411
84205
14282
1435
83918
83767
571
83631
213
83470
83416
83338
83288
83212
52946
82923
82728
82729
82734
82420
82281
50
87
3
73070
81606
81607
81111
81110
80873
80850
80567
80412
80113
80092
79202
217
1305
78819
78842
78739
78684
78597
78306
78074
78013
77833
77827
77839
77424
77358
77270
76783
76752
76627
76582
76591
76411
76212
26
76175
76167
65
76004
75746
75372
154
75204
75189
74498
74637
74608
74387
74188
74307
73713
99
68
73577
73308
132
73196
219
72783
72369
242
72310
72261
71950
71939
71870
71737
71666
71610
45
71334
71284
71235
71020
70800
70769
113
70301
70168
69958
69764
69761
69676
69682
69379
69255
69237
68638
68184
56211
68109
289
67440
67238
67133
67101
67026
34
253
66873
66779
66762
66702
66577
66606
57004
66427
66386
66285
66222
66167
66077
65929
65915
65820
65830
46
65683
479
65624
65063
60348
64899
64756
64617
64571
64567
64462
64412
1349
64334
64251
63309
64129
64156
63909
63853
63743
1281
54150
63326
63168
36
63146
62971
62918
62804
62833
62671
61247
192
62393
61400
563
4153
62053
61401
61257
61145
61102
61067
61034
60586
61064
25
446
12
60693
60693
60564
60377
60294
60239
60209
60073
60034
59924
59808
59725
59756
59693
59644
26
59355
59312
3
58929
58796
58623
58618
51325
58413
58400
58085
58044
58075
57915
46866
57919
55417
57801
57727
57732
57521
57391
57162
57166
349
56989
56989
56915
56893
56884
72
56737
56630
56625
56364
56321
56233
56182
56056
509
55657
55586
54147
55441
55142
55325
71
55009
55028
54981
54876
45220
54822
54682
54416
54205
57
54071
53923
410
115
53621
53302
53401
53442
53244
53243
52942
59
52977
52924
52936
30
52782
52678
42649
52669
52562
49
52360
614
52283
52223
52123
191
51990
51661
52
51567
51418
51436
51310
51304
51282
51278
25063
51243
38993
51080
453
50860
50785
50709
50514
50321
50490
2
50343
50287
50335
72
50092
50044
0
49834
49838
0
49594
49449
55
49365
49347
1638
49117
49105
48904
35370
48618
48837
43090
48635
14
48438
48334
48163
48181
10052
46221
47867
47784
47687
47657
47580
47617
47519
46847
324
47198
47207
317
47080
47114
47024
403
47018
47033
46897
46872
46777
46738
46684
46694
46369
34800
24430
99
46462
476
116
41280
71
45918
45841
45786
45641
45548
506
45404
45387
45330
45326
45291
45216
45137
45096
45020
45026
44974
44950
827
44781
0
44581
44460
44404
44407
44291
44279
44220
44134
44152
44022
43833
43769
40601
55
43734
43649
43524
1182
43247
8
43242
114
38
53
43074
312
43050
42944
42959
93
42867
42846
42687
42550
42513
42418
42307
24095
42266
30
42122
25345
41845
16895
41837
41758
41710
41634
41565
188
41458
40888
41381
41260
41141
41105
87
36099
40848
40023
40776
40612
40609
40521
40529
40548
40429
40350
25840
40243
40209
40033
40083
40040
40027
39992
19343
39895
945
39900
39887
39888
39752
39724
39675
39662
39588
141
39540
39488
39391
68
39269
39095
39029
278
38902
319
38802
38664
739
32627
37703
38429
38388
38394
38341
38318
38316
414
38219
38175
38140
38018
37960
37888
37818
37812
37806
37668
37663
37489
37378
37352
24
30685
15196
8579
270
36715
36616
36604
36532
162
36521
36477
36481
36465
36361
36344
33
51
36143
36165
848
36050
36003
35965
35964
35920
35833
29832
35643
35598
35561
14374
35458
35445
35344
1324
17231
35281
71
26694
35056
35081
35040
34974
34945
34914
33762
21384
34848
25
34783
34669
33362
34533
30
34399
34209
34369
34354
34363
34320
34300
28855
34245
34272
673
34163
34167
34051
34043
19180
37
33994
33967
20
33863
133
13
116
33565
33407
33120
33306
33262
33218
33187
33189
35
22
80
3
61
32956
32962
32905
32914
32702
32801
32708
32686
32702
32631
32590
32458
32262
32054
32106
32098
6494
31978
31910
131
31885
31831
31760
31704
66
31626
31608
78
93
31594
31471
31444
31428
1372
31277
31240
31168
30977
30980
9
30901
30761
30712
30703
30655
24
13151
30587
30562
30555
30385
30229
30206
30176
30101
30125
88
30073
26175
30063
30056
30053
29940
29849
29816
29765
29720
29753
28619
29653
29603
29653
979
29639
29579
29582
29519
29490
29489
29450
29258
29292
29269
81
28889
28873
28363
437
59
28745
28725
17888
7686
28602
28648
56
28385
28168
27928
24724
28262
28202
28158
28147
28096
10
28086
28023
70
25696
27896
27886
27744
27857
27854
27749
26827
27585
27472
92
24008
27281
27180
27150
27143
27108
27028
73
26971
0
26920
26924
27
26791
26639
592
26622
380
26522
974
26493
26497
26419
26450
26463
26407
26389
1237
26329
26273
26203
26250
118
26219
26166
26170
26142
26109
26118
81
26021
25971
25947
25903
25883
25876
13964
25804
25790
25779
25747
25744
25560
25582
25523
25493
25
25475
25484
25432
25411
25315
25302
25234
35
25165
25131
25082
25041
25068
23996
25032
24987
24924
330
797
26
24757
23989
24681
24617
24607
24581
48
24485
24448
24322
24355
24364
24357
24339
24311
24319
24320
24294
24341
24273
24229
24152
24097
24099
24050
24062
23980
1
23929
23885
23866
23846
23817
23820
21110
23802
23783
23792
23749
23760
23355
23742
23680
17630
22150
79
23615
23588
79
23594
23563
16860
23529
23543
19848
23439
23392
23346
37
14226
23213
183
23052
23087
15
23020
23076
22998
22935
22919
22917
22903
22916
827
22898
3
22891
58
22855
22863
22821
329
22752
568
22683
22720
22685
22681
22684
22683
204
22607
22627
22615
22563
22529
27
22363
22384
22357
22365
22334
22275
22246
22220
22220
22219
22141
22136
22095
21868
22027
95
22040
22002
22015
21943
21947
21906
630
38
133
21827
79
21754
21747
685
21728
21711
353
21644
21631
21611
21240
21570
21546
21539
21553
21498
21462
21451
74
21439
21426
99
21412
21386
20961
21300
21198
21140
19566
21089
21070
21051
21059
21068
20904
20950
20934
20925
20908
20832
20861
20819
20747
152
20119
20630
20378
20583
20511
20502
20491
20477
20365
10549
55
20334
20302
16456
20262
20262
20200
71
20229
20195
20193
20149
20094
20091
20046
20047
19963
19976
19946
19860
19856
19847
19783
233
19687
19676
659
19537
19546
32
19513
19433
19458
19411
19392
16
19364
19355
19367
19313
355
19241
19231
19220
19105
19161
19123
19120
19014
18976
18908
18906
18885
18906
18872
18761
101
28
32
17709
18760
18756
14286
18733
18743
18674
18675
18646
18613
18564
18538
100
18484
18437
1227
18423
133
18391
18366
18379
18373
18354
18319
18271
18256
587
18214
18190
18214
18186
57
18098
18110
18124
18104
18042
17981
17973
17635
17912
17915
17911
17897
17881
17866
17864
2281
17801
788
116
17740
17688
17409
17662
17647
17633
17601
17577
17590
82
17554
15188
17444
17436
17438
17186
17431
17407
15582
17378
17323
17291
15753
17293
17275
54
55
17114
17116
17086
10313
143
16994
17002
8455
14
401
13677
16853
15466
16818
16796
16751
99
16742
16721
16714
16688
16658
16653
16652
16600
16586
16588
12473
16547
16502
16491
16483
378
16454
123
16429
281
16419
16393
16384
16346
16339
16334
16304
16271
14042
16184
16174
16126
16132
16110
44
16082
16064
487
15912
16029
16000
15982
15693
15915
15906
15908
15847
39
15790
15774
15729
15673
15640
14994
15636
15634
15633
15631
15641
15606
15601
15571
15548
15540
15539
15521
15489
15496
15455
282
15409
15201
15414
15398
15368
15335
15286
15293
15285
15276
15265
95
44
255
354
15228
15222
15209
15200
15182
8
15148
15155
15145
181
15117
15091
15080
15050
15010
14982
14966
14897
3240
14290
14923
14901
14896
14864
14860
1
14859
14679
14848
14756
14763
9442
14735
0
14666
14639
14621
14587
1561
14559
14541
14536
12
14530
14519
12657
46
14507
456
14487
14295
14420
14425
14409
14387
14388
14291
14381
14363
14335
0
14339
14299
14325
14268
14262
14274
388
14261
14204
117
14198
14183
23
14131
6728
51
14144
14134
14115
14110
14104
14106
14087
14033
14007
13980
13961
13947
241
13917
13922
13887
12764
13874
59
13842
13805
298
13761
16
13750
13679
11837
77
13653
13674
13620
13601
13554
13570
13552
13519
13507
10894
13480
13484
13478
13454
13451
13448
13426
13393
13375
13367
13375
13325
13329
4
13275
13261
13000
13198
74
26
13091
13159
13088
13091
13077
13063
13057
2700
13037
13035
13031
0
12993
12987
12988
12992
12970
12979
1
12945
7268
12823
12826
12799
12791
0
9
23
12750
12709
12703
12659
12680
12656
12641
12629
12618
12634
12632
12189
12627
253
10255
12602
12607
12584
12621
12550
12557
12538
12384
12503
105
12473
12511
47
12484
12471
12482
0
12406
12399
12408
12395
12349
12385
12373
12366
12341
12336
12345
12347
12314
12316
1
12292
12310
12292
12290
12279
12294
7819
12263
12261
12245
12219
12227
12224
12210
12198
12186
87
531
82
12121
12131
12135
12124
12115
12116
12105
563
12052
12057
10966
12013
11947
289
11921
22
9925
31
11886
11871
11876
11838
11836
11827
11278
11825
11801
11798
11788
11786
11783
11762
11763
11742
11740
11719
11736
1
11698
11691
0
11690
11677
11677
11661
11642
11637
47
11628
11617
11608
11598
11598
11589
11562
11575
11547
11539
11542
11252
11500
11487
11486
11471
11438
11438
11468
148
11444
11452
11432
11459
11420
11418
11360
11354
11319
11317
11319
11241
11268
11279
37
10922
11192
51
7943
11190
11178
86
11144
11152
78
11137
11115
11130
11117
11079
11076
11073
11088
11061
10440
11053
11068
11050
11029
11009
10978
10976
10969
10968
10966
10976
10970
10975
10957
10928
10941
10924
10930
10912
10896
10884
10850
10860
10860
10854
10760
3092
10826
10821
10809
10800
10799
10804
10793
7819
10783
10779
10733
10708
10742
10724
10718
208
10695
10672
10666
10676
58
10661
10655
10627
10609
5
10603
10593
10601
58
10404
10569
10566
7
10534
138
10541
10539
10542
910
10518
1962
10511
10512
10508
10477
10377
10433
29
10405
10402
17
10385
10387
10364
10376
10367
10371
10367
468
10337
10337
10325
10307
10287
10264
0
10225
10247
10248
10225
10232
102
10227
1348
10159
10157
10131
10128
17
10125
10079
96
10110
10072
10087
10078
10085
10068
10062
10058
10021
10048
10025
598
10024
10022
9986
9981
7698
9967
9962
9953
9951
9942
9939
9920
39
9865
7343
58
9819
1307
9798
9789
9772
9780
9709
9141
9739
9719
9737
9727
9709
9705
9696
9675
9652
9650
52
8500
9555
9605
9573
9571
9556
212
9554
9525
9515
9498
9486
32
325
9471
23
9423
896
9379
9362
9368
9363
9344
9369
6121
9351
117
9303
9295
9284
9284
9284
9263
9226
9217
9216
294
9174
9184
9181
3353
9160
9180
9155
9151
9156
9132
9121
9128
9083
9062
9050
505
9019
9002
8988
441
8981
8968
8977
8951
8935
8888
2
8866
8869
68
974
8829
7585
82
8796
8802
8775
8764
8769
8710
8721
8719
1
8705
55
135
8645
8582
5
8601
8619
5
8608
8606
8596
8535
388
38
8513
8486
8481
8501
8486
2
8471
8450
8445
8452
8437
8408
8403
8412
8389
8373
8390
8367
8367
33
8245
8334
8331
8306
8302
4013
8307
8290
8269
8252
8261
8254
8228
8218
5236
8197
8191
8189
11
8180
8180
8178
8164
8164
55
8153
8134
8121
8124
8022
114
8111
8108
8097
8095
19
581
8061
8053
8060
8029
8030
8025
8009
8001
7981
7384
7964
752
4886
7952
7942
7927
7908
7919
7913
7895
7890
7889
32
7878
7854
388
7852
7841
10
7826
7811
7809
7801
7791
7790
6888
7771
7770
7753
7741
7735
7718
7738
7737
7722
281
7721
7563
124
7675
7679
4
7657
7662
7657
7622
43
7647
7633
7630
7634
7620
7007
22
7599
7588
1
7588
7581
7570
7556
7559
7552
6817
7546
7507
7500
7503
7489
7469
7470
7469
7462
7437
7442
7431
7411
7399
891
7397
7413
7405
15
7397
7400
7391
7385
7376
7365
7371
7359
7368
7341
7327
7319
7297
7287
7268
7263
301
51
7251
7117
7238
7245
7240
7238
7225
7234
8
7211
7201
7209
7207
7188
7176
7183
7158
7109
7156
731
7141
7152
7133
7118
7121
4410
7110
7086
7089
7071
7071
208
7083
7074
7068
7060
7062
7030
7054
7030
53
7018
7032
149
7004
6994
6948
6986
6975
59
6955
107
6951
6949
17
6952
6950
6792
16
6937
6929
6921
6922
6923
6916
137
6872
6895
6864
6868
6862
6838
2208
5711
6827
6829
6823
6821
6787
6805
6770
6766
3
6763
6762
6677
6734
6736
4560
6391
6729
6731
127
6726
6743
6719
6716
6715
6693
6701
38
6677
6683
10
6673
6663
63
572
6645
6650
6641
6641
6640
6633
6554
6599
6621
100
1962
288
6572
3754
6560
6556
5944
135
6505
6494
0
10
274
6471
6465
6473
6475
6460
6453
6439
3617
27
6428
6429
6405
6416
6404
6391
6377
6371
31
6369
6351
375
6331
6320
6293
262
6270
6270
6263
6272
6264
6257
6243
6245
6252
6
6243
6189
6229
6210
6188
6189
6185
3677
6186
57
6168
6185
6169
6155
6155
4473
733
6129
6117
6106
36
216
6083
6070
6064
2
0
6036
6028
5891
6012
1139
6010
6002
5997
2132
6001
5989
48
5988
5980
5979
5974
5967
5964
5958
5913
5940
5944
5952
4734
3882
5143
5919
5922
115
5916
5918
5913
5889
486
5880
5887
5884
16
237
5867
5860
82
5857
5846
5842
5840
202
5834
5821
5828
5820
5812
5814
5188
5797
5791
4966
5774
5769
5760
5757
559
5749
173
5743
21
5738
5725
5179
5717
5715
5689
5697
5675
2556
5693
5676
5682
5549
5673
5677
158
5666
5647
5650
5648
5655
110
5625
5625
5624
5567
484
5618
5594
5603
5593
5596
5588
5577
5574
5583
744
4
355
158
5560
5549
5546
5551
5539
5528
5517
5517
5319
5505
5498
5490
2568
5489
205
5478
128
5473
5337
5448
5451
5446
5438
5432
5432
5431
5422
185
5392
144
5382
5366
5363
5359
61
5353
5358
5349
5319
5342
5339
5323
5310
5301
5301
0
5306
5298
5273
3770
211
5253
5255
5251
95
5250
5236
4504
5232
4015
5245
400
5227
76
5191
84
5188
71
5195
199
5191
5180
5180
5169
5173
5153
5157
5152
5150
5152
5136
5140
219
5125
4080
5120
90
5118
5116
5113
5111
5115
5106
5085
3694
5088
5072
5084
5075
164
5057
5052
5058
5052
5026
5023
5020
5010
5004
5007
4975
4977
4954
4908
4945
767
4916
4919
61
4907
4902
4890
4889
488
4878
4860
4844
4850
108
4855
4860
4856
255
4833
4826
4831
4837
4827
3477
4812
4806
4794
4798
4787
4793
4787
4774
4772
3747
4758
4752
32
4749
4734
94
4722
4711
4703
4705
4696
1457
4458
4692
4680
4674
4681
4662
4663
4653
4651
4651
6
4636
4618
4552
91
4626
1587
4607
4599
4601
118
4583
4580
4583
4577
4577
4580
4581
4571
4571
4543
4560
4567
4562
187
4546
0
4537
4511
272
4511
118
4501
4486
4467
4467
197
434
4466
4463
4459
4332
3059
4433
4427
4415
4412
4419
4417
4406
4411
4405
4229
4286
4243
4374
4369
75
12
4359
4346
4350
4345
4343
309
4333
4329
4329
4314
4320
4306
4314
4304
4317
423
4294
4300
74
4289
4285
4273
4274
4269
4274
4281
4259
4265
4167
4264
4270
4268
4265
4263
138
4256
4243
4231
4219
4215
4206
4194
2
4190
4182
4178
4180
4173
4162
4154
4138
4138
4057
2681
4131
4130
4127
72
4113
4101
70
4091
4095
428
4087
10
4079
4075
4068
4070
3039
4043
4070
4062
4057
278
4041
4045
3
4038
4037
4029
2496
4016
4025
4017
4018
4010
4003
4002
3996
3398
3989
3979
3985
4
3967
3966
0
3967
541
161
3938
3942
3940
3927
1928
3927
3930
3922
3915
3913
3901
72
3896
3897
5
3876
3888
3881
3884
3878
3876
3867
3869
37
3852
3856
3851
3429
3842
3827
3822
3824
3818
3817
3817
3815
3803
34
3797
3801
3798
3789
3795
3789
3783
3778
3767
3769
32
3760
3759
3754
3754
71
3746
3752
3744
184
3731
3737
39
3740
3735
3698
3713
3708
3704
3709
3705
3703
5
2413
3680
3696
8
3682
3682
3676
3673
3682
3667
3666
3665
681
3653
3640
3638
3630
103
3639
3636
812
1006
3617
3615
3614
3614
3593
3606
54
3596
3593
60
3580
3452
3560
3560
3576
3566
3554
2026
3558
1
3534
3542
3527
3539
3524
94
3512
3527
3509
3512
5
3491
3505
3506
3499
3497
3506
3497
3501
3491
3493
3492
552
3490
142
3479
3462
3467
3482
13
85
3468
198
3454
3343
126
3451
3447
3451
3442
3445
3450
3446
4
3434
3388
3434
3418
3414
3414
3415
3413
3415
398
3263
2345
14
3378
3376
3374
3370
1728
3365
3348
3365
3354
3334
3335
3336
3329
3325
3322
3328
3322
3328
3302
3258
3236
3298
3297
3303
3303
3300
132
89
257
3284
3285
3274
3202
2939
3268
3253
3261
3267
3249
3251
3255
3258
3245
29
57
10
3228
1533
3223
1291
3211
3217
3216
3212
3209
3211
3207
3202
2644
3193
3191
3190
3168
3168
3037
3161
3166
3165
3156
2970
3138
3103
3146
3136
3126
0
3124
3119
3131
3121
3117
1058
3112
3104
3098
3103
3097
3093
3091
3092
3090
3088
3085
2983
3082
3081
3066
207
3065
3050
52
3035
3042
44
3035
0
3023
1907
3023
3023
2925
2973
3009
319
3009
3004
3006
3009
321
2997
265
2993
2992
2987
2860
2982
372
2980
2980
2971
0
2975
360
2964
2972
302
186
2963
2967
2955
2953
2947
2943
2942
2943
2913
2943
2939
2929
2926
2889
223
215
2918
2915
2904
2913
20
2903
0
98
2893
2899
2897
2833
2892
2759
0
2891
2878
2883
2678
2885
2873
2878
2866
126
11
2866
2862
2862
2852
2850
2850
2848
2841
2840
2834
2832
2828
2831
2823
56
2823
2823
2819
12
2810
2821
2799
2823
83
2814
1854
2800
2796
2794
2792
105
2781
2780
2687
2771
2776
2769
2769
2541
16
2754
957
2761
2760
2749
2750
2748
93
129
2741
2739
2731
2734
2722
2727
2721
2725
2720
2717
150
2710
2710
2709
2324
40
563
2691
1
14
2688
2561
2674
2662
544
276
2659
2653
2653
2613
2647
2652
1485
2647
2635
2631
11
2629
135
2624
1053
2577
71
2607
400
1457
2605
56
23
2596
42
2586
135
2590
2589
2585
2577
2579
2584
2541
2577
2571
2568
2567
2565
2553
2561
2549
2558
2563
94
2562
2555
2539
2556
2547
2543
2546
2543
47
2536
2530
153
2522
2525
2520
2518
2521
249
2514
2515
2420
2512
194
2507
2508
2509
2509
2507
2510
2504
2497
2504
2502
2501
2500
2496
2499
2495
2493
1195
3
2489
2485
2486
2485
2482
2474
21
2482
2475
2476
2476
2468
2466
2475
18
2475
2476
2461
2466
2464
2125
2388
55
147
2452
2449
2444
2442
2445
2435
2440
2440
2437
2435
2432
2434
2431
2318
78
2419
2388
2418
2414
2414
2409
2412
2408
2409
2395
2403
2401
2402
2398
2404
206
142
2400
2389
2389
2392
2393
2382
2381
2376
2382
2385
2374
2375
2376
2357
2370
2347
2364
2355
2356
2352
2356
2306
2346
2349
2342
2339
2333
2207
2331
2318
0
2316
2316
2318
223
2308
2304
2307
2303
2298
2297
2295
2290
4
2287
2272
2285
2136
1298
27
2277
2276
2276
2274
2274
2268
53
2268
2258
2266
2261
2263
2261
2251
2256
2252
96
2241
2249
182
2231
2235
2237
2239
2235
2235
12
2225
2234
2233
2227
2227
2222
2225
1874
2226
1582
2218
2219
2216
2212
2204
2203
2201
2205
2203
2203
2199
2197
2201
2200
2198
2193
14
2188
2190
2182
2193
2189
2106
1514
2182
2177
4
2184
2141
92
2169
2168
2164
2170
2168
2171
2162
0
2054
2164
2171
2166
2165
2156
69
2158
367
2152
2156
2152
2149
2143
2147
2147
2144
2138
2131
146
2130
2132
233
2031
2129
2127
2111
2108
2103
2031
2091
2099
2096
1684
559
2098
2094
2099
2103
24
2090
2098
2095
2091
2090
61
2089
2090
2084
2084
0
2086
2078
2079
2078
2077
2077
2077
2074
2069
2073
2073
2065
1762
2063
2067
210
2058
2053
1775
1926
2049
2041
5
38
611
2039
2044
41
2034
2035
2030
1697
2024
604
2027
291
2021
2021
2026
2018
2021
2018
2017
2012
2015
2010
2007
2007
2000
2007
1996
1998
15
1990
1995
1989
1991
33
1989
40
1990
1988
1983
1979
1981
1976
0
1973
1
1960
1964
1971
1971
13
1969
1968
1966
1958
1957
1950
1952
1959
38
1957
1951
1947
85
1941
249
1892
1942
1937
1935
8
1931
1932
1929
42
1927
1914
1926
1921
1916
1912
1909
1907
1902
1900
1910
1901
1545
1898
1892
1898
1896
1899
276
1893
1706
1890
1888
1879
2
1885
1880
1881
1880
877
26
1874
1867
1878
1872
1868
1872
1861
1862
740
1860
1861
517
1857
1859
1853
1855
54
1079
1427
1846
1843
1846
1833
1841
1838
1699
1842
1843
1837
1838
78
1834
1833
1828
1831
1823
1821
1822
1821
76
1818
1821
1815
1806
1813
0
1809
1808
1802
1804
1805
1801
1807
1802
1800
1802
855
1798
23
0
1803
1795
4
1793
1792
1795
31
1793
1742
1781
1782
1782
1777
1776
1774
1778
1773
1082
1733
100
1769
43
1761
1767
107
1635
1754
1757
1754
1756
1756
1756
1756
16
1743
1746
136
1744
1743
74
1737
3
1736
1735
1734
1731
1729
1731
1726
1719
1726
1726
1719
1720
1719
668
34
1715
1716
1714
1715
1713
1714
1709
1712
1705
343
1708
429
1706
1708
1699
1704
1698
1696
1700
1691
1690
777
9
46
1033
1686
1683
1675
13
1676
149
171
1682
1672
1682
1679
1677
1675
1671
1667
1416
1669
1666
1667
1665
42
1656
1659
1650
1654
1647
154
1655
1648
1649
1645
1643
1645
21
1639
1642
1637
1636
1635
1633
1635
1633
1631
1627
1629
1624
193
1628
1624
1620
1627
1624
1622
1625
1619
1614
1616
1615
1613
1617
1619
30
1617
8
1607
1548
1607
1604
1602
1602
1594
356
1592
1599
1594
1595
1596
195
24
1587
1592
1588
1586
1483
1583
1577
1583
1579
1580
1578
1577
1572
1580
1578
1574
1394
1574
772
1566
1569
1570
18
229
1565
1569
4
1561
1556
0
1555
1560
0
1553
1559
1558
1554
1552
1555
1554
1554
1555
1554
98
1554
1552
1549
1551
1544
1544
1541
1537
1541
1473
1540
1536
1539
9
1531
1533
82
1535
1534
1516
1528
1527
1530
1152
1522
1522
1525
1519
1525
1514
24
1519
1514
1511
1516
1514
59
321
1510
1505
1508
1500
1507
1506
1496
36
1506
1503
1500
1500
1498
1503
1500
1497
777
1496
96
1490
1494
1483
1490
13
1479
1489
365
1484
1481
1480
1322
1479
1483
1478
1471
1476
1478
1478
1476
1474
1477
1472
151
1472
1469
1469
1472
4
1131
177
1469
1465
1468
1462
5
1465
1456
1456
3
8
1285
980
1449
1458
1458
171
1454
1450
1450
1444
1443
1443
1441
1442
229
1437
1438
1439
1440
1436
1432
1437
1431
1434
1424
1431
1428
431
1429
1330
865
1098
1411
40
1417
1412
1408
330
1406
1343
1410
1407
1410
1405
75
0
1407
1406
30
1401
1402
1402
1399
1401
1393
1397
1392
1394
1390
132
1163
1392
1388
65
58
1389
1388
1386
975
1384
1379
1384
1377
21
1378
1375
1372
1365
1372
1375
1369
1369
1368
1362
1365
1369
1362
1114
1356
1360
1357
1059
1355
1353
1354
1349
1348
1353
1352
164
7
1274
1346
1348
1344
1347
1344
1347
84
1345
678
1345
0
279
1338
20
1337
1335
1334
134
35
1330
1331
1331
112
1329
1329
1328
1037
1319
37
360
1323
1321
1319
1316
1315
1319
1314
1311
1313
1314
1310
1312
1308
1298
1303
1302
1305
1307
17
163
1301
1297
205
988
1297
1294
1295
1294
1292
1293
1295
1291
205
1287
234
1286
1286
1282
1285
1283
1284
1278
2
1276
1280
1279
1275
1270
44
143
108
1263
1271
1265
1271
1187
1267
1264
185
1260
1254
1252
1253
1253
1247
1250
1252
583
62
1250
1111
1242
1246
112
1245
68
1241
1240
1234
1240
1234
1233
1237
655
1234
1233
1229
1234
58
1235
1228
1180
1228
1228
1229
1162
316
1231
1223
51
1226
1225
1225
1224
1218
1223
1223
1224
1221
1218
6
1217
1215
99
1215
1209
1208
1144
1206
1212
1210
1207
1199
1211
184
81
1208
1204
1204
1204
1209
5
1204
1199
1201
120
1199
1195
1192
1197
1197
1195
1198
1198
1192
1191
1193
1190
303
1192
1190
1188
1185
1185
1188
1183
1184
1182
113
1182
68
1180
1179
1180
71
1176
1180
1178
1177
4
1173
1164
1163
1171
1167
1168
1164
1161
1164
0
1164
1164
1156
1161
1154
1155
1155
878
1149
1152
1152
1150
1152
1149
845
1149
1147
1145
1149
1147
1146
1145
1142
1145
1142
1144
1141
1134
1135
265
1136
1135
1134
1135
1136
1132
1132
1133
1084
1131
1127
1127
1125
1124
1129
1126
1121
1123
1119
1122
1117
1119
234
1119
1120
1119
812
1113
1105
1110
1105
1110
1105
1102
508
1102
1107
1103
1102
1100
1100
1101
1102
1100
1098
1101
1097
1098
1098
1097
26
16
1097
1094
1091
1094
1090
1004
1090
1093
1091
5
1090
965
1090
1091
1091
1087
1087
3
668
2
1083
1087
424
1085
1084
1082
1080
1081
1081
804
136
936
1073
887
1073
1071
1074
1072
1070
975
1067
32
1062
1068
1062
76
1067
1065
1063
1065
1064
1058
1060
1012
1060
1061
1057
1050
656
1055
1053
1054
979
318
119
1052
1049
1051
797
1050
1051
1042
1046
1047
1046
1045
1046
1044
745
56
1043
1042
1041
1042
1035
136
1041
1035
15
1033
0
1034
1033
1034
1031
1035
1031
1028
1031
1029
1032
1031
1027
1027
1028
1028
916
1026
1026
170
51
1023
1021
1021
133
1020
947
1020
1020
45
1013
1016
1016
1015
1008
1013
1010
1015
1012
1011
1010
1009
161
1010
67
1011
1013
193
11
1007
1010
1004
1009
1009
114
999
998
1005
1003
1002
1003
925
1004
502
38
998
1002
999
2
997
995
996
994
996
993
996
995
993
995
284
216
24
0
986
975
989
989
989
978
984
984
978
978
976
977
976
973
971
41
975
971
973
973
972
971
970
972
969
970
963
216
68
1
32
964
966
968
963
27
963
962
966
963
958
964
959
961
961
964
960
649
959
959
53
959
14
142
955
959
956
957
953
955
16
952
953
953
949
951
127
82
918
947
851
947
947
949
948
948
944
0
15
944
940
941
938
65
29
936
940
100
940
936
936
938
937
937
937
932
936
938
936
936
931
933
935
0
933
274
61
930
928
929
929
931
925
929
927
926
926
926
925
924
926
8
915
920
914
918
913
918
918
915
917
309
916
913
909
909
36
912
694
911
912
908
913
909
909
22
910
908
133
906
908
902
901
859
901
12
901
900
894
649
896
32
896
34
897
897
894
892
4
893
890
891
891
892
890
889
889
170
887
102
883
883
879
40
216
882
42
880
153
882
871
149
872
876
135
414
872
877
870
871
871
819
870
873
677
870
872
52
868
219
860
867
868
869
868
867
862
865
861
862
862
862
142
820
681
862
142
853
860
856
858
130
720
857
858
814
853
855
854
854
850
849
2
852
851
850
851
849
846
12
847
845
846
7
848
845
845
845
845
845
840
48
23
840
119
74
837
838
702
835
835
835
832
60
834
838
839
49
830
837
834
837
837
835
833
836
788
830
14
833
834
834
830
832
830
8
111
827
55
58
791
57
829
18
830
830
30
757
825
825
824
825
824
826
825
822
772
23
820
821
772
818
823
819
817
818
105
817
817
817
814
811
811
814
815
324
813
805
20
809
808
806
809
71
806
810
808
809
2
128
805
803
803
438
804
804
21
658
137
797
795
801
800
89
798
798
261
799
790
798
14
797
796
796
792
80
0
795
793
35
789
793
791
794
4
18
790
791
793
791
791
786
791
87
683
786
791
789
81
786
788
786
432
788
786
784
64
158
10
779
109
779
21
782
779
781
781
67
778
779
779
11
777
778
776
776
779
775
775
773
773
774
691
0
774
775
774
466
773
0
774
0
774
770
773
771
766
771
772
35
255
129
768
767
381
767
431
760
766
767
765
762
761
764
759
760
756
757
212
759
756
761
759
758
632
758
756
647
344
62
755
753
30
749
753
751
748
753
751
748
87
752
51
748
749
162
746
13
3
749
24
746
746
746
748
743
745
741
742
743
49
739
742
743
743
741
740
739
399
739
52
738
736
85
50
104
734
59
732
733
735
733
732
731
730
728
731
29
728
726
18
27
730
729
726
726
726
728
71
727
726
726
728
728
725
25
3
724
723
723
722
725
721
723
720
723
142
720
718
720
717
1
720
718
717
719
5
715
716
717
716
715
716
714
219
714
711
716
715
713
715
714
713
712
711
710
24
710
708
711
704
709
708
708
709
666
707
705
126
706
310
703
703
445
704
698
702
702
698
700
702
697
698
54
384
14
611
698
697
353
695
695
694
692
696
28
578
1
691
691
692
104
693
688
689
691
691
313
1
687
124
686
124
686
688
687
686
687
687
686
684
194
686
683
681
680
98
3
682
682
9
683
679
681
682
681
679
677
679
681
0
678
680
679
679
131
678
676
677
677
676
13
672
674
673
670
668
154
671
671
667
670
667
668
669
668
664
665
668
665
664
665
664
664
664
132
663
663
326
662
660
660
662
661
658
660
156
3
660
656
659
656
37
656
658
658
655
42
654
652
650
653
653
145
598
107
2
651
651
648
650
648
648
649
649
642
5
33
642
647
643
641
83
640
640
28
639
158
641
640
1
639
638
637
203
636
73
14
0
635
634
635
635
634
634
632
1
634
631
600
0
631
402
161
631
630
633
17
0
633
632
632
632
632
629
629
630
631
2
629
592
626
629
623
629
28
625
0
628
624
625
625
626
621
624
619
593
624
622
622
625
554
619
622
0
621
622
620
618
619
621
621
619
41
31
619
621
621
618
615
617
617
616
619
615
616
616
616
617
518
613
615
613
614
55
615
612
613
612
613
577
613
614
610
8
612
612
84
609
607
611
560
604
609
609
609
604
609
607
605
608
605
608
604
603
604
606
596
605
604
605
604
602
603
65
10
599
598
603
602
602
601
601
602
601
599
600
99
65
600
598
600
600
597
599
597
556
53
597
594
594
595
596
594
595
15
594
595
1
593
595
8
592
591
592
592
590
552
592
590
589
591
587
589
589
590
2
590
11
585
589
588
587
586
586
586
588
31
583
584
585
584
584
584
582
540
582
580
583
583
584
578
581
582
584
581
405
88
581
583
581
35
582
304
580
576
2
581
528
578
568
578
579
573
409
575
576
144
575
19
574
572
575
572
572
570
573
37
571
574
573
571
571
572
571
571
571
569
25
567
570
569
569
8
567
143
568
567
567
46
567
567
58
563
563
564
562
564
564
563
563
365
559
560
561
560
560
9
562
561
559
559
557
561
558
147
558
556
558
557
559
558
559
559
556
557
557
557
556
550
554
554
556
211
556
547
16
554
553
32
553
553
553
551
120
549
171
548
548
424
107
546
548
384
547
544
541
545
545
546
543
542
499
543
543
68
543
540
544
543
543
544
76
112
543
543
543
541
542
95
536
537
540
539
538
541
484
500
538
539
539
540
534
537
538
537
538
539
536
536
536
300
536
88
538
537
120
4
536
536
536
535
532
533
534
179
533
534
38
531
533
531
532
531
531
533
528
531
531
525
530
530
0
475
529
528
527
525
147
453
526
525
524
525
523
525
518
523
523
522
523
521
4
518
520
519
520
226
520
520
36
164
517
520
517
124
519
519
518
518
519
517
518
518
516
517
515
517
514
512
516
514
515
516
516
513
31
513
514
56
11
510
509
507
508
510
507
505
505
505
503
506
506
0
506
503
505
504
506
223
505
504
504
497
24
55
503
497
504
503
501
501
502
501
498
502
7
496
500
497
500
32
67
427
497
9
27
498
498
497
498
497
496
494
497
497
343
42
495
4
170
390
57
495
494
493
494
493
492
490
492
492
492
491
489
490
490
492
489
492
186
491
490
486
490
488
486
487
14
486
436
488
487
480
338
488
487
487
486
486
485
486
485
483
39
485
483
484
485
415
15
484
484
484
482
482
478
248
70
478
482
478
24
189
82
478
481
480
479
480
480
480
479
10
151
74
378
471
477
475
475
476
475
471
152
122
68
471
473
1
472
470
88
471
471
471
51
471
471
470
469
470
465
469
465
465
465
465
4
466
464
465
465
60
314
37
460
464
461
462
461
461
70
461
52
462
462
462
0
4
461
461
461
460
457
459
460
459
455
459
0
458
458
457
457
454
454
454
458
46
184
457
456
90
32
454
456
1
295
454
453
344
452
452
249
449
453
453
77
451
449
15
0
451
439
449
450
449
448
449
448
446
448
448
447
444
446
446
443
444
439
129
446
445
443
442
444
440
443
443
441
337
441
438
441
438
441
441
83
64
440
438
439
270
437
435
437
436
0
436
437
434
438
436
435
9
437
434
435
434
434
0
435
426
433
435
435
433
433
433
17
432
432
431
431
425
225
8
426
430
427
429
17
428
183
428
423
427
427
427
427
423
425
424
425
426
425
97
425
425
423
136
423
424
424
423
423
423
422
420
422
422
421
422
421
420
293
420
418
417
420
420
421
416
420
418
127
418
419
419
420
416
417
19
169
419
418
414
418
417
418
418
415
418
107
42
317
417
414
415
414
214
414
415
415
414
413
412
408
24
326
101
413
411
413
412
413
412
411
410
412
17
410
269
410
411
411
410
408
403
3
0
407
410
408
409
407
64
409
409
405
269
407
406
407
407
405
406
407
405
49
405
405
405
403
404
404
400
399
401
398
402
396
401
396
98
401
402
402
400
3
42
401
400
401
400
400
399
399
345
400
399
399
399
400
400
29
399
397
397
399
398
247
0
300
398
398
398
395
397
398
396
396
396
396
395
395
395
396
392
148
395
390
391
394
394
393
42
394
392
392
273
392
391
392
91
390
392
388
382
392
392
389
391
390
391
391
391
386
386
390
388
389
390
59
99
390
387
388
387
387
25
388
386
259
386
384
386
385
384
386
381
34
384
382
385
385
384
381
385
385
59
385
384
384
382
382
378
381
383
381
381
377
379
382
380
380
381
382
381
377
374
380
377
380
49
380
375
379
379
379
379
377
378
377
124
376
378
378
374
377
374
0
377
376
376
376
377
374
329
3
375
375
374
375
373
376
339
374
373
375
373
373
0
371
373
372
374
373
374
373
371
373
368
371
370
365
371
371
20
370
369
369
369
370
0
367
11
117
368
367
125
52
367
332
367
209
365
368
214
252
368
367
367
319
363
54
367
365
12
363
252
365
207
364
365
121
365
361
364
317
363
364
361
362
364
364
364
364
363
363
361
362
361
358
362
360
361
358
361
360
361
361
360
361
83
360
360
94
360
2
360
32
358
359
359
0
39
359
357
68
58
90
356
355
357
85
358
357
355
357
357
357
122
357
357
36
356
356
193
356
357
356
355
356
356
4
354
264
353
356
356
355
356
355
60
352
354
355
354
1
232
353
352
352
354
349
352
353
349
353
353
351
352
349
352
352
346
349
351
161
194
217
348
349
346
349
23
348
0
347
347
346
52
70
347
70
345
346
341
346
345
344
124
344
343
345
345
344
344
342
11
1
342
342
33
342
343
309
310
13
265
304
342
342
342
0
112
52
340
341
339
168
340
341
303
1
340
339
340
336
340
337
336
338
340
337
24
339
336
338
337
336
66
337
87
239
247
338
24
336
337
336
336
337
23
336
0
332
336
336
336
333
336
332
335
335
335
333
333
331
333
334
333
333
137
333
331
331
333
333
333
332
333
22
288
45
36
327
0
72
297
9
330
140
329
295
330
328
54
328
290
330
0
330
329
329
137
329
329
329
327
328
327
96
19
328
328
328
324
170
328
326
328
326
327
327
5
327
326
325
326
326
326
326
322
324
322
116
323
4
325
322
324
325
322
317
323
323
322
323
288
14
323
323
322
323
322
319
5
323
64
320
319
322
322
322
319
30
322
321
322
320
9
319
321
320
45
316
318
316
74
130
318
319
316
77
318
316
316
123
318
317
316
166
317
317
317
193
317
317
316
316
316
316
316
315
314
9
315
315
315
248
313
313
314
264
0
5
314
314
313
314
314
314
313
313
313
313
312
41
309
313
1
16
313
0
311
312
69
3
312
310
311
312
309
108
43
187
311
311
311
311
309
311
45
310
308
309
307
309
309
308
308
22
309
307
306
27
2
306
13
4
30
307
306
306
146
60
302
301
305
304
307
306
305
5
306
306
306
303
306
305
304
303
44
304
41
36
305
305
148
303
302
303
90
304
143
303
303
302
222
303
301
32
302
298
302
200
254
301
300
301
300
299
299
23
30
300
122
299
299
92
300
300
296
299
294
299
4
299
297
294
298
51
101
297
298
297
297
298
298
10
298
298
296
297
294
259
297
294
297
297
62
297
297
46
296
96
260
293
296
295
294
296
67
10
294
295
230
293
294
295
294
294
294
126
0
294
292
292
10
294
7
293
293
291
293
292
96
10
293
292
291
291
292
34
292
291
289
291
0
0
0
291
290
290
289
289
288
289
290
48
159
288
289
287
289
289
289
289
285
121
289
242
289
289
285
288
288
288
288
288
286
287
285
287
5
45
282
282
286
286
13
286
284
284
283
284
285
285
285
284
285
284
284
284
12
284
96
282
0
284
284
283
109
283
78
42
282
283
280
281
283
283
96
282
283
34
11
283
283
283
281
282
280
39
281
5
280
279
280
277
279
279
1
280
279
11
278
163
279
278
279
279
277
278
279
278
274
276
278
277
278
276
244
5
278
276
11
277
276
277
1
276
276
277
277
277
276
220
0
218
271
275
87
276
276
275
275
2
276
276
272
275
23
273
275
275
275
274
272
273
274
272
271
273
15
273
273
273
273
273
271
270
271
272
272
272
86
26
13
271
270
271
271
271
81
271
271
271
270
267
259
17
270
270
269
265
69
269
269
267
268
24
0
264
267
267
174
266
268
261
268
46
267
267
266
267
48
24
267
266
265
266
84
265
265
266
264
266
266
263
265
265
264
98
265
265
262
265
265
265
264
263
80
263
264
110
264
263
263
262
263
262
263
263
263
261
260
262
260
262
39
260
24
258
258
0
260
259
260
260
260
258
257
258
258
259
259
258
257
256
258
258
255
257
112
258
10
257
257
257
255
254
257
257
40
255
256
255
255
255
27
256
25
254
253
256
0
256
254
255
254
255
251
254
255
76
47
125
6
64
255
255
252
254
25
254
252
252
254
254
254
251
253
252
252
253
253
252
214
253
182
248
252
252
252
251
252
1
252
252
252
99
252
248
0
251
74
245
248
251
3
249
47
250
250
249
249
249
249
248
248
247
247
248
248
0
248
248
247
199
244
100
13
245
245
247
246
246
247
0
245
246
246
246
246
0
246
245
104
245
244
244
245
245
244
244
244
240
245
204
243
244
243
242
148
243
69
244
244
244
244
244
237
244
242
0
243
241
242
241
115
241
238
242
239
240
79
41
240
241
240
68
241
241
240
160
241
240
33
236
239
5
240
239
236
240
240
240
1
239
238
237
239
238
238
238
238
237
238
238
236
1
238
237
237
236
42
236
235
236
237
237
237
197
48
235
237
230
235
61
236
234
168
228
235
232
235
233
229
233
234
233
234
234
186
233
1
232
230
231
232
232
233
232
156
230
232
232
230
231
232
231
117
231
14
232
232
231
231
228
231
230
230
230
229
230
228
2
230
229
230
230
226
229
4
230
230
225
228
228
227
226
229
227
229
229
228
226
226
228
228
228
226
226
227
228
228
227
159
227
226
96
227
227
223
225
224
226
226
225
225
225
226
133
224
226
226
111
225
225
224
43
225
225
222
225
224
10
184
120
223
224
189
223
223
223
222
167
223
221
14
223
124
23
221
222
221
220
220
222
220
1
44
0
4
220
220
221
218
219
221
221
221
220
220
45
220
218
219
215
219
217
106
219
219
217
219
216
217
219
219
218
215
215
32
13
9
12
218
218
218
122
218
216
218
1
216
217
217
216
213
217
217
82
217
217
217
217
215
41
215
213
79
215
111
0
216
215
174
215
212
214
214
214
215
214
21
213
214
213
212
212
213
214
213
114
214
213
213
213
213
209
211
213
212
212
211
213
77
212
213
213
213
211
211
212
212
212
212
212
207
212
212
211
211
3
211
28
210
142
206
48
211
211
167
76
209
210
208
210
210
206
28
210
135
209
0
209
210
208
209
209
205
192
208
207
209
209
31
208
9
208
207
207
106
26
205
207
206
207
0
52
120
207
204
206
206
206
23
205
205
203
205
205
204
204
203
204
205
205
205
201
205
202
0
205
205
201
201
3
203
23
204
202
204
204
204
201
204
204
12
203
44
204
201
203
203
201
203
200
203
200
203
203
203
201
203
202
34
201
202
9
201
202
0
202
202
78
202
201
200
202
37
108
201
55
202
201
201
90
200
198
0
201
201
8
201
200
200
200
200
198
199
199
200
200
197
150
199
199
198
199
197
199
199
28
199
3
23
198
197
3
198
198
198
198
197
198
87
197
56
197
195
198
197
197
197
194
197
197
197
196
197
197
197
75
191
197
196
196
196
26
40
29
196
194
0
196
196
129
0
30
0
192
195
195
195
195
194
193
195
195
193
48
195
195
195
195
195
0
193
193
193
194
21
194
194
194
194
192
0
194
193
193
149
193
192
50
192
12
142
101
192
193
193
193
193
192
190
15
0
191
191
117
4
191
190
192
2
191
23
190
189
190
190
191
191
120
191
106
190
22
85
190
189
189
190
187
87
189
146
187
188
18
189
189
189
188
189
0
188
0
2
187
188
187
186
188
184
188
187
188
187
31
186
49
186
187
187
3
187
187
187
187
186
186
186
186
186
186
185
6
186
186
185
185
184
185
185
72
185
184
185
184
184
183
183
184
183
183
183
184
92
184
45
183
184
181
181
183
183
180
72
183
183
0
182
182
180
182
182
182
118
14
182
182
182
15
182
181
181
180
181
181
180
55
19
181
173
180
180
177
179
180
179
176
179
179
178
180
180
0
180
177
180
180
179
179
178
178
136
178
96
178
179
179
2
171
179
179
3
177
178
48
178
177
177
72
178
110
178
177
172
178
178
178
177
175
177
177
7
177
7
177
177
177
176
177
176
62
177
176
175
177
4
177
176
176
176
175
175
16
175
176
176
1
176
175
175
91
34
175
175
175
102
174
41
175
175
175
175
175
175
0
173
174
23
174
174
174
174
111
0
174
173
114
171
172
1
173
172
56
173
172
173
173
173
173
12
173
173
173
172
173
173
172
135
171
172
172
171
171
172
172
53
1
98
168
171
170
134
18
171
169
170
169
168
169
171
170
169
171
169
170
171
170
171
171
170
168
170
24
36
22
97
170
170
170
170
65
170
170
169
170
170
170
170
170
170
169
168
169
169
12
168
168
169
168
169
3
169
169
14
168
168
168
167
53
167
168
165
168
164
168
86
168
35
168
168
168
168
163
166
167
167
167
167
167
167
166
167
167
65
167
3
166
166
165
166
166
129
31
74
165
166
166
166
0
164
166
0
166
92
166
165
132
165
165
164
64
18
165
165
164
164
164
165
163
69
1
165
165
165
163
164
164
163
164
162
164
163
162
126
164
24
164
161
121
163
123
161
163
161
160
162
67
160
161
7
163
0
162
19
162
126
162
162
162
161
160
162
122
162
160
162
162
160
161
161
161
161
159
161
160
161
161
161
161
160
103
52
161
75
159
160
160
3
160
160
160
160
160
159
160
160
16
160
160
160
159
70
158
159
158
159
159
23
159
159
159
158
158
158
83
158
60
152
158
13
158
63
157
157
157
157
157
156
157
13
157
157
157
156
156
152
155
156
154
154
156
155
0
156
0
155
156
156
154
156
156
155
155
155
88
154
153
154
83
103
155
80
155
154
155
155
3
155
155
154
154
154
153
154
154
153
4
153
110
154
154
152
153
0
154
154
153
153
153
152
151
153
153
153
153
153
152
153
149
25
153
153
153
152
152
152
152
151
152
151
152
148
151
152
5
151
93
151
151
151
107
151
149
150
150
151
151
151
151
151
149
151
149
148
31
150
149
150
150
148
148
150
57
0
150
150
150
149
149
148
12
149
149
148
149
148
26
149
149
149
148
148
145
148
148
148
148
147
82
147
148
148
148
148
143
148
148
148
41
144
147
147
147
146
39
145
144
147
147
147
147
147
147
140
145
145
146
146
143
145
145
146
145
146
141
146
146
146
145
146
146
0
146
145
145
143
145
145
144
145
137
145
142
145
145
145
7
145
145
56
5
144
86
144
144
143
144
2
144
144
36
144
143
143
144
144
144
143
143
144
144
144
143
143
142
143
143
142
143
141
139
142
56
143
143
143
143
142
142
22
139
28
142
141
15
141
142
142
142
142
142
142
142
132
142
142
142
141
66
140
140
140
139
141
141
141
1
141
141
141
141
141
138
141
141
141
140
36
140
0
103
140
140
140
140
140
140
26
1
140
140
140
140
6
139
11
138
139
139
139
0
93
139
138
139
29
138
138
0
138
0
139
139
139
139
67
138
138
138
38
138
138
84
136
138
138
138
138
66
137
138
138
138
138
138
138
136
137
137
70
137
137
137
136
137
137
137
137
1
137
137
64
137
134
136
94
136
134
14
16
136
136
136
136
70
136
136
136
23
85
136
136
136
136
135
135
134
135
134
36
135
134
135
135
135
135
135
135
135
134
135
135
135
23
135
135
135
133
86
134
133
134
134
134
134
14
133
134
130
134
39
134
134
134
134
134
133
37
133
133
63
133
132
131
0
131
133
69
131
133
133
132
133
130
132
132
132
132
131
132
132
132
132
132
132
132
132
43
127
132
132
0
132
132
132
57
44
132
132
132
132
4
123
131
75
131
131
130
20
131
131
131
131
131
131
131
131
131
128
130
13
74
22
130
130
57
80
130
130
130
130
129
130
41
130
127
50
129
82
7
16
130
130
118
0
130
130
127
129
129
129
129
22
129
129
129
129
129
129
129
129
129
127
129
129
129
6
0
16
127
128
128
85
128
128
128
53
128
128
128
128
128
128
127
126
86
126
127
126
125
127
127
8
127
127
127
11
22
127
49
127
126
127
125
127
127
126
76
81
126
126
126
126
124
126
126
126
125
126
36
126
126
125
125
125
125
125
125
124
125
124
125
125
125
91
120
125
125
125
125
121
124
124
90
124
124
123
123
124
123
39
124
124
124
124
124
123
90
7
124
64
121
124
123
123
123
80
123
123
123
123
123
123
121
122
123
123
121
123
123
123
123
122
123
123
123
80
122
122
122
122
122
122
77
122
121
122
120
122
122
122
119
122
122
122
122
122
122
122
122
122
122
119
122
122
121
121
121
121
121
121
119
121
121
121
121
121
120
121
121
14
72
120
0
120
118
120
30
120
119
120
120
120
119
37
120
8
120
57
120
120
120
0
0
120
117
118
117
6
119
119
118
119
118
118
119
119
6
118
119
119
119
119
119
41
118
118
118
118
118
118
46
117
118
118
118
0
118
118
118
118
118
1
118
72
118
118
0
113
118
117
68
22
118
118
117
117
117
116
117
117
36
117
116
117
117
115
7
117
116
117
117
117
117
117
117
115
117
117
117
117
115
116
116
116
26
115
73
64
10
115
115
116
116
116
112
116
116
116
116
116
116
116
0
116
2
115
27
115
14
115
115
115
115
115
32
115
114
60
9
115
115
22
114
115
115
115
115
115
115
115
115
80
32
115
6
115
115
115
115
115
10
115
112
114
114
114
114
114
114
114
114
114
114
114
60
113
114
114
114
113
114
114
114
0
113
113
113
113
113
61
13
113
112
113
113
113
110
74
113
113
113
110
56
113
113
45
113
113
113
113
113
113
2
113
22
113
112
43
112
9
112
112
112
112
112
112
40
112
112
112
112
112
39
111
111
0
111
111
111
111
44
111
111
111
110
110
111
10
111
64
111
111
5
111
109
111
111
109
111
110
109
110
110
109
109
109
110
108
33
110
20
4
107
110
108
110
110
110
110
5
107
109
109
109
109
109
109
55
109
109
109
108
109
108
108
73
109
109
109
109
20
109
109
109
109
109
1
19
108
108
108
55
106
44
108
108
20
8
108
108
108
107
108
0
108
69
108
107
108
108
108
63
108
108
108
108
107
107
107
107
106
6
107
107
106
107
0
107
62
106
107
10
15
107
106
105
67
107
104
8
0
106
106
106
104
106
104
106
105
106
105
27
105
105
50
9
106
106
106
2
106
106
106
106
12
102
105
24
105
67
105
104
105
105
105
105
105
105
24
105
105
105
105
105
72
105
105
105
105
105
105
100
105
4
104
104
104
104
103
0
104
104
102
104
104
104
104
104
51
53
104
104
104
104
103
104
104
104
101
0
104
103
103
50
63
103
102
103
7
32
102
102
102
103
103
103
102
103
0
103
103
7
102
103
103
103
103
103
0
102
102
102
40
102
15
18
102
102
102
102
102
102
102
48
102
102
102
102
52
102
102
102
102
59
102
102
101
101
101
99
101
101
101
99
101
101
101
100
101
101
10
101
101
101
68
23
11
101
63
101
101
63
101
101
51
101
101
99
63
100
100
100
100
50
100
98
100
99
1
100
100
100
100
99
100
100
100
99
100
100
100
100
54
100
100
100
94
100
100
97
99
96
99
99
99
99
99
99
98
98
99
99
99
98
25
99
99
97
99
96
57
41
46
98
99
21
99
99
99
99
99
99
98
98
98
98
45
97
98
98
50
98
98
98
97
98
96
98
98
98
97
92
98
98
95
98
98
98
98
98
98
98
98
1
98
98
97
96
95
97
97
97
97
97
97
97
97
97
43
96
97
96
97
97
96
96
1
11
97
97
97
97
97
97
95
2
97
97
63
97
97
97
97
1
97
97
97
1
96
96
95
96
96
60
95
96
62
96
96
96
95
96
96
89
49
1
95
96
96
96
96
96
96
96
96
96
96
96
96
96
40
96
0
96
96
96
50
96
94
95
95
95
87
94
94
51
94
95
95
95
95
95
95
62
95
10
54
95
95
19
55
95
95
14
95
93
95
95
95
94
94
94
94
52
94
20
10
94
37
94
94
93
92
50
94
94
94
94
94
92
94
94
94
94
94
27
94
94
93
94
94
93
94
94
9
93
1
47
93
93
93
56
93
93
93
27
93
93
93
93
93
93
93
53
92
93
93
93
93
93
93
92
89
93
93
88
93
12
93
9
93
93
92
92
92
92
92
91
92
92
92
91
92
92
92
92
92
92
92
92
92
48
6
92
91
0
92
92
92
92
57
3
92
92
92
1
92
92
92
36
92
92
50
91
90
91
91
90
91
91
91
91
9
90
30
91
91
91
91
91
52
91
91
89
91
91
91
91
91
90
91
90
90
31
90
90
90
21
90
90
90
32
38
90
90
90
90
89
90
90
90
90
90
90
33
90
89
90
89
35
90
90
90
90
90
52
7
88
88
38
89
89
89
89
88
87
20
88
0
89
89
89
88
89
88
88
0
89
89
89
48
5
89
89
11
89
89
89
89
43
21
21
85
88
88
30
87
31
88
51
88
88
88
87
88
88
87
87
88
88
33
87
87
88
88
88
88
88
88
44
88
88
88
88
88
88
88
88
30
84
88
88
83
87
87
87
87
87
87
86
87
86
87
86
86
87
86
87
87
41
87
87
87
87
87
87
87
87
87
87
87
87
87
86
86
85
86
86
86
85
86
86
85
86
86
19
4
82
86
85
86
86
28
86
86
86
86
86
85
86
0
86
19
86
85
85
84
85
85
85
85
85
48
44
6
85
85
85
84
85
85
84
85
85
85
85
85
85
2
41
85
85
85
85
85
85
85
85
85
44
85
85
85
83
85
85
85
85
85
1
85
84
84
84
84
84
84
84
84
61
84
84
48
39
0
84
84
83
84
84
84
15
84
83
84
84
8
84
84
84
84
84
81
84
84
84
84
84
34
84
84
83
83
83
83
83
82
43
82
82
83
82
83
83
83
83
81
82
83
83
83
83
83
83
82
83
81
83
83
83
45
83
83
83
83
83
83
82
80
82
82
82
82
81
82
82
82
82
82
82
82
0
82
82
82
82
82
82
80
81
81
82
82
82
82
82
82
81
82
82
82
82
82
1
82
30
48
30
82
43
81
81
81
81
81
81
30
80
81
79
80
81
81
81
81
81
81
16
80
81
18
80
10
38
81
81
81
27
80
80
80
80
80
80
80
0
80
80
80
80
80
80
80
80
80
80
80
80
79
80
80
80
80
80
80
2
79
80
17
34
80
80
80
80
80
4
79
79
79
79
79
79
79
79
46
79
79
79
79
79
79
79
79
79
79
79
79
76
79
79
79
4
10
79
0
77
79
79
79
79
79
79
35
78
41
78
78
25
78
78
78
78
78
78
78
11
78
0
77
78
77
41
32
78
77
78
78
78
0
78
78
78
78
78
78
78
78
78
19
77
27
20
77
76
76
76
77
11
76
77
77
77
26
77
76
77
77
76
3
77
77
77
77
77
77
77
77
77
0
77
75
77
76
77
77
77
77
25
77
77
77
77
77
21
76
77
77
30
75
27
25
76
74
76
75
76
76
76
76
76
75
75
76
75
76
76
76
76
76
76
18
76
76
76
76
76
76
76
76
33
76
27
76
76
76
37
76
75
75
74
74
75
75
74
75
2
75
75
74
75
75
75
75
75
74
75
7
72
75
75
75
73
75
74
75
75
71
75
40
3
75
75
75
75
75
75
75
75
75
74
75
74
74
73
74
74
71
38
73
74
74
74
74
74
74
74
1
74
74
74
74
74
74
0
74
74
74
73
74
74
73
74
74
74
74
74
74
0
74
74
73
74
36
74
74
74
74
74
74
74
73
36
73
73
73
73
19
73
72
43
72
72
22
73
73
73
73
73
73
73
73
73
73
17
73
73
73
73
73
73
73
73
73
73
73
31
1
73
73
72
73
73
73
73
73
73
73
73
69
73
72
72
70
71
72
72
26
27
8
72
71
72
72
72
72
72
71
72
39
72
72
72
72
72
72
72
0
72
72
72
72
28
72
72
3
6
72
72
72
69
72
71
71
71
71
71
71
71
71
70
25
71
71
71
9
71
71
71
71
23
71
71
70
71
70
71
71
71
71
71
71
5
2
71
71
29
71
71
71
71
70
70
70
70
69
70
35
68
70
70
70
69
70
70
70
70
25
21
70
69
69
29
70
70
70
70
68
70
70
70
70
22
69
66
70
70
70
30
70
70
70
70
70
70
70
35
69
69
69
69
68
69
36
68
69
69
68
68
32
69
69
69
68
69
69
69
69
68
69
69
65
69
69
69
69
0
69
69
48
69
34
69
69
69
69
69
56
68
69
69
19
69
69
68
67
68
68
68
68
68
68
68
32
68
34
68
10
68
68
67
68
68
68
67
68
68
0
68
68
68
67
68
68
68
68
68
68
68
14
66
68
68
66
68
68
68
32
65
68
68
68
68
68
68
67
67
67
67
67
67
31
26
67
67
67
15
67
67
67
67
67
66
67
67
67
67
67
67
67
67
67
67
67
66
67
67
67
66
67
67
64
67
67
23
16
67
67
16
67
67
67
66
66
66
66
66
66
66
66
65
32
66
65
65
66
66
64
32
66
65
66
31
66
66
66
66
66
30
66
66
66
18
65
66
66
66
66
66
31
66
66
64
66
66
66
6
66
66
66
66
65
65
65
65
65
65
63
64
65
65
65
65
65
65
65
64
65
65
65
65
11
24
64
65
65
19
23
65
65
4
65
65
20
63
65
26
65
65
65
65
4
65
65
65
65
65
65
65
65
65
65
65
65
65
28
64
64
64
64
28
64
64
20
64
64
64
64
2
64
64
64
64
64
64
64
64
64
64
64
64
64
64
64
64
64
11
64
21
64
64
12
14
64
64
64
64
62
63
64
64
64
63
64
64
64
64
64
64
64
63
63
63
63
63
63
63
63
63
63
63
63
63
63
63
12
62
63
63
63
63
63
63
63
63
28
62
63
63
63
63
28
22
63
63
63
63
63
63
63
63
63
63
63
63
63
63
63
61
20
63
63
57
63
62
62
62
62
62
62
62
62
4
62
62
23
62
62
62
62
62
62
62
25
61
62
62
62
62
62
62
62
59
61
62
62
62
62
62
62
62
62
62
62
26
62
62
60
62
61
62
62
62
20
62
62
62
62
62
25
62
62
62
62
62
62
62
61
61
61
61
61
61
61
60
61
61
61
61
16
61
24
61
61
61
61
61
61
23
4
61
61
61
61
61
61
61
61
61
61
61
61
61
61
61
5
20
61
61
61
61
22
61
59
61
9
61
61
61
61
61
57
61
61
61
61
3
61
61
19
60
60
60
27
60
60
60
60
59
60
60
59
60
59
60
60
60
60
60
59
18
60
60
5
60
60
60
60
60
60
60
15
60
60
17
60
60
60
60
60
21
60
60
60
60
60
60
58
60
60
60
60
60
21
60
60
60
60
60
26
60
60
60
60
60
60
60
60
60
60
60
60
60
59
59
59
59
59
59
59
59
59
59
58
59
59
59
58
59
59
59
59
59
59
59
59
59
59
59
59
22
56
59
59
59
20
58
59
59
59
17
59
59
58
54
59
59
59
59
59
59
53
59
59
59
59
59
58
58
58
58
58
57
58
58
13
58
58
58
58
57
58
58
58
58
58
58
58
58
58
58
58
58
58
58
58
58
58
58
58
58
1
58
58
22
58
58
58
56
58
56
58
58
58
58
58
58
22
58
58
58
58
58
57
57
57
57
57
57
57
57
57
57
57
57
57
57
57
57
57
57
57
56
57
11
56
57
57
56
57
57
55
21
57
57
57
57
57
57
57
57
57
55
55
57
57
18
57
57
1
57
57
57
57
57
57
57
57
57
57
57
57
53
57
57
57
57
57
57
56
56
56
56
56
55
56
56
5
56
56
56
56
56
56
56
56
56
56
56
56
56
56
56
56
56
56
56
56
56
56
21
56
56
56
56
56
56
56
56
53
56
56
56
56
56
56
56
56
56
55
55
55
55
55
55
55
55
55
55
55
55
55
55
55
55
55
54
55
55
55
55
55
55
55
55
55
55
54
55
55
53
55
55
0
55
55
22
55
55
55
55
55
55
55
52
1
55
55
10
55
55
55
55
55
55
55
55
55
41
54
54
53
54
54
13
52
54
54
54
54
54
54
54
54
53
54
54
54
54
18
2
54
53
54
54
54
54
54
54
54
54
53
54
54
54
54
54
54
54
53
54
54
8
54
54
54
54
54
54
54
50
54
54
54
54
54
54
54
54
54
54
54
54
54
53
54
53
53
12
52
53
53
53
53
53
17
53
53
53
52
52
16
52
53
52
53
53
16
53
53
53
52
53
52
52
53
53
53
53
53
53
53
53
53
52
53
53
53
53
53
53
52
53
53
53
53
53
53
53
53
53
53
53
53
53
2
53
53
53
53
53
53
53
53
53
53
53
53
52
52
52
52
51
52
52
52
52
52
52
52
52
52
52
52
52
52
52
52
52
52
51
52
52
52
52
52
52
52
52
52
52
5
52
16
52
52
52
52
52
52
52
48
52
52
52
52
52
52
52
52
48
52
52
52
52
52
52
52
52
52
52
52
52
52
2
52
52
52
52
52
52
52
52
52
51
51
51
51
51
51
51
51
51
51
51
51
51
51
51
1
51
51
50
51
51
50
50
50
51
51
51
51
50
0
51
50
50
51
51
51
51
49
51
51
51
51
51
51
51
51
46
51
51
51
51
51
51
51
14
51
51
51
51
17
51
50
50
51
45
50
51
51
51
17
51
51
51
51
51
51
51
51
51
51
50
50
50
47
50
50
50
50
50
50
50
50
50
50
50
50
50
50
50
13
50
50
50
50
50
50
49
50
50
50
50
50
50
50
50
50
50
50
16
50
50
50
50
50
50
16
50
50
50
50
50
50
50
50
50
50
50
50
50
49
50
50
50
50
50
50
46
50
50
50
50
50
50
50
50
50
50
50
49
12
50
50
48
50
49
49
49
49
49
49
49
49
49
47
49
49
49
49
49
49
49
49
49
49
49
49
49
49
49
49
49
49
48
48
49
49
49
48
49
49
49
49
49
49
49
48
48
49
49
49
49
49
48
48
49
49
49
49
49
3
49
49
49
49
49
49
49
49
49
49
49
49
49
49
49
49
49
49
17
49
49
49
49
49
49
49
49
49
48
48
48
48
48
48
48
48
48
48
47
48
48
48
48
48
48
48
48
48
47
48
48
1
48
48
48
48
48
48
48
48
48
48
48
48
13
48
48
48
48
48
48
45
48
48
48
48
12
48
48
48
48
48
48
48
48
48
48
48
48
48
48
48
7
48
48
48
48
48
48
48
48
48
48
48
48
48
48
46
47
47
47
11
47
47
47
47
47
47
47
47
47
47
47
47
47
47
47
47
47
47
47
47
47
47
47
47
47
47
47
47
47
47
47
47
42
47
47
47
47
47
47
47
47
46
47
47
47
47
47
47
47
47
15
47
47
47
47
47
47
47
44
47
47
47
47
47
47
47
47
47
47
47
47
47
47
46
46
46
46
46
46
46
46
46
46
46
46
46
46
46
46
46
46
46
46
6
46
46
0
1
46
46
46
45
46
46
46
44
46
46
45
46
46
46
46
46
46
46
46
46
46
46
46
46
46
45
46
46
46
46
46
46
46
46
46
46
41
46
46
46
46
11
46
46
2
46
46
46
46
46
46
46
46
4
46
46
46
45
45
45
45
45
45
45
45
45
45
45
45
45
45
45
45
45
45
45
45
45
45
45
45
45
45
45
45
45
45
44
45
45
45
45
45
45
45
45
45
45
45
45
45
0
44
45
45
45
45
45
45
45
45
45
45
45
45
45
45
45
45
45
45
45
45
45
45
45
45
45
45
45
45
45
41
45
44
44
44
44
43
44
44
44
44
44
44
43
44
44
44
43
44
44
44
44
44
44
44
44
44
44
44
44
44
44
44
44
44
44
44
44
44
44
44
44
1
44
44
44
44
44
44
44
44
44
44
4
44
44
44
44
44
44
44
44
44
44
44
43
44
44
44
44
44
44
44
44
44
44
43
43
7
43
43
43
43
43
43
43
43
41
43
43
43
42
43
43
43
43
42
42
43
43
43
43
42
43
43
43
43
43
43
43
43
43
43
42
43
42
43
43
43
43
43
43
43
42
43
43
43
43
43
43
43
43
43
43
43
43
43
43
43
43
43
43
43
43
43
43
0
43
43
43
43
43
43
43
42
42
43
43
38
43
43
43
43
41
43
43
43
43
43
43
42
42
42
42
42
42
42
42
42
42
42
41
42
42
42
42
42
41
42
42
2
42
41
42
42
42
42
42
42
1
42
42
42
42
42
42
42
42
42
42
41
42
42
42
42
42
42
42
42
42
42
42
42
42
42
42
42
42
42
42
42
42
42
42
7
42
42
42
42
42
42
42
42
42
42
42
8
42
42
41
42
42
42
42
41
4
41
41
41
41
41
41
41
41
41
41
41
41
2
41
41
41
41
41
41
41
41
41
41
41
41
41
40
41
41
41
41
41
41
41
41
41
41
41
41
41
41
6
40
41
41
41
41
41
41
41
41
41
41
41
41
41
41
40
41
41
41
41
41
41
38
41
41
41
41
41
41
41
41
41
41
41
41
41
41
41
41
41
41
41
39
41
41
40
40
41
40
40
40
40
40
40
40
40
40
40
40
40
40
40
40
40
39
0
40
40
40
40
40
40
40
40
39
40
40
40
40
7
40
40
40
39
40
40
40
40
40
40
40
40
40
40
40
40
40
40
40
40
39
40
40
40
40
40
40
40
40
40
39
40
40
40
40
40
40
30
40
40
40
40
40
39
40
40
40
40
40
2
40
40
40
40
37
40
38
39
39
39
36
38
39
38
39
38
39
39
39
39
39
39
39
39
4
39
39
39
39
39
39
39
39
39
39
39
38
39
39
39
39
39
39
39
39
39
39
39
39
39
39
39
39
39
39
39
38
39
39
39
39
39
39
39
39
39
39
39
39
39
39
39
39
39
39
39
39
39
39
39
39
39
39
39
39
39
39
39
39
39
39
39
39
39
39
39
39
35
39
39
39
34
39
39
39
39
39
39
39
39
39
36
39
39
39
39
39
39
37
37
38
38
37
38
38
38
38
38
38
38
38
38
38
38
38
38
37
38
38
38
38
38
38
38
38
38
38
37
38
38
38
38
38
38
4
38
38
38
38
38
38
38
38
38
38
38
38
38
38
38
38
38
38
38
38
38
38
38
38
38
38
38
38
38
1
38
38
38
38
38
38
38
38
38
38
38
37
38
38
38
34
38
38
38
38
38
38
38
38
38
38
38
38
38
38
37
37
37
37
37
37
37
37
37
37
37
37
37
37
37
37
37
37
37
37
37
36
37
37
2
37
37
23
37
37
37
37
37
37
36
36
37
37
37
37
37
37
37
37
36
37
37
37
37
37
0
37
37
37
37
37
37
37
37
37
32
37
37
37
37
37
37
37
37
37
35
35
37
37
36
37
37
37
37
37
37
37
37
37
37
37
37
37
37
37
37
37
37
37
37
37
37
37
37
37
37
37
37
37
37
37
37
1
36
36
36
36
36
35
36
36
36
36
36
36
36
36
36
36
36
36
36
36
36
36
36
36
36
36
0
36
2
36
0
36
36
36
36
36
36
36
36
36
36
36
36
36
36
35
36
36
35
36
35
36
36
36
36
36
36
36
36
0
36
36
36
36
36
36
35
36
36
36
36
36
36
36
36
36
36
36
36
36
36
36
36
36
36
36
36
36
36
36
36
36
35
36
36
36
36
36
36
36
36
36
36
36
36
36
36
36
36
36
36
36
36
36
36
36
36
36
36
36
36
36
35
36
36
36
36
36
36
36
35
35
35
35
35
35
35
35
34
35
35
35
35
35
35
35
35
35
34
35
35
0
35
35
35
35
35
35
35
35
35
34
0
35
34
35
35
34
35
35
35
35
35
35
35
35
35
35
35
35
29
1
35
35
35
35
35
0
0
35
35
35
35
35
35
35
35
35
35
34
35
35
35
35
35
35
35
35
35
35
35
35
35
35
35
35
35
35
35
35
35
35
35
35
35
35
35
35
35
35
35
35
35
35
35
35
1
35
35
33
34
34
34
34
34
34
34
34
34
34
33
34
34
34
34
33
34
34
34
34
34
34
34
34
34
34
34
34
34
34
0
33
34
34
34
34
34
34
34
34
34
34
34
34
34
34
33
34
34
0
34
34
34
34
34
34
34
34
34
0
34
34
34
34
34
34
34
34
34
34
34
34
34
34
34
33
34
34
34
34
34
34
34
34
34
34
34
34
34
34
34
34
34
34
34
34
34
34
34
34
34
34
34
34
34
34
34
34
34
34
34
34
34
34
34
34
34
34
34
34
34
34
34
34
34
34
34
33
34
34
34
34
34
34
34
34
30
34
34
32
33
33
33
33
33
33
33
33
33
33
31
33
33
33
33
33
33
33
33
33
33
33
33
33
33
33
30
33
33
33
33
33
33
33
33
33
33
33
33
33
33
33
32
33
33
33
33
33
33
0
33
33
33
33
33
33
33
33
33
33
33
33
33
33
33
33
33
33
33
33
33
33
33
33
33
33
33
33
33
33
33
33
33
33
33
33
33
33
33
33
33
33
33
33
33
33
33
33
32
33
33
33
33
33
33
33
33
33
33
33
33
33
33
33
33
33
33
33
33
32
31
33
33
33
33
33
33
31
33
33
30
33
33
33
33
33
33
32
32
32
32
32
32
32
32
32
32
32
32
32
32
32
32
32
32
32
32
32
32
32
32
32
32
32
32
32
32
32
32
32
32
32
32
31
32
32
32
32
32
32
32
32
32
31
32
32
32
32
32
32
32
